#!ascii label  , from subject fsaverage vox2ras=TkReg
2090
5  -49.647  -47.999  44.569 0.0000000000
67  -39.748  -49.713  35.014 0.0000000000
184  -49.756  -53.993  40.572 0.0000000000
186  -51.526  -47.803  37.872 0.0000000000
187  -44.551  -49.678  40.230 0.0000000000
292  -26.919  -54.258  48.135 0.0000000000
464  -53.409  -40.773  45.846 0.0000000000
477  -34.062  -50.454  52.033 0.0000000000
479  -34.358  -44.005  52.268 0.0000000000
482  -40.159  -42.784  38.436 0.0000000000
664  -50.404  -51.400  43.548 0.0000000000
665  -49.755  -50.789  38.881 0.0000000000
666  -51.365  -48.696  42.752 0.0000000000
667  -47.130  -48.914  42.620 0.0000000000
668  -48.411  -52.601  44.039 0.0000000000
1048  -32.279  -37.471  48.363 0.0000000000
1049  -32.081  -39.661  51.173 0.0000000000
1050  -32.935  -42.693  48.245 0.0000000000
1051  -36.105  -46.218  48.864 0.0000000000
1052  -34.666  -44.222  45.615 0.0000000000
1489  -41.752  -49.580  37.768 0.0000000000
1490  -43.329  -53.648  37.712 0.0000000000
1491  -45.709  -53.181  40.646 0.0000000000
1492  -49.247  -56.082  42.343 0.0000000000
1678  -26.394  -56.257  50.822 0.0000000000
2042  -51.175  -44.634  45.450 0.0000000000
2077  -30.316  -53.885  53.826 0.0000000000
2078  -30.048  -51.544  50.597 0.0000000000
2084  -30.378  -41.122  51.633 0.0000000000
2086  -37.420  -47.847  52.895 0.0000000000
2087  -32.751  -48.641  47.106 0.0000000000
2095  -42.949  -45.445  38.104 0.0000000000
2264  -54.909  -46.469  38.452 0.0000000000
2584  -50.097  -50.048  44.614 0.0000000000
2585  -50.717  -50.180  42.896 0.0000000000
2586  -51.063  -48.733  44.775 0.0000000000
2587  -48.289  -48.501  43.564 0.0000000000
2588  -48.901  -50.448  44.299 0.0000000000
2971  -33.750  -43.566  47.114 0.0000000000
2978  -40.891  -39.150  38.363 0.0000000000
3434  -49.446  -55.461  38.883 0.0000000000
3436  -49.000  -53.774  38.086 0.0000000000
3437  -49.978  -49.158  38.297 0.0000000000
3438  -49.333  -50.427  36.544 0.0000000000
3439  -50.133  -48.711  35.820 0.0000000000
3442  -43.171  -49.655  38.913 0.0000000000
3443  -43.560  -51.576  39.059 0.0000000000
3444  -44.768  -51.544  40.620 0.0000000000
3445  -50.000  -53.650  43.566 0.0000000000
3446  -48.948  -54.465  43.529 0.0000000000
3447  -50.044  -55.122  41.864 0.0000000000
3448  -49.731  -56.606  40.072 0.0000000000
3757  -26.716  -55.253  49.720 0.0000000000
4215  -44.710  -55.434  39.144 0.0000000000
4566  -32.433  -51.729  53.473 0.0000000000
4567  -31.940  -50.986  51.434 0.0000000000
4568  -29.740  -50.713  48.497 0.0000000000
4569  -31.454  -50.387  49.133 0.0000000000
4581  -32.705  -42.159  51.391 0.0000000000
4582  -31.574  -40.386  51.925 0.0000000000
4587  -36.267  -45.801  53.083 0.0000000000
4588  -34.540  -46.854  46.135 0.0000000000
4589  -34.689  -47.906  48.101 0.0000000000
4590  -32.404  -47.455  45.224 0.0000000000
4608  -41.761  -45.473  36.704 0.0000000000
4609  -41.576  -44.096  38.175 0.0000000000
4610  -44.351  -41.884  39.894 0.0000000000
5017  -52.337  -42.700  45.840 0.0000000000
5018  -52.732  -45.101  45.381 0.0000000000
5019  -53.863  -43.295  45.232 0.0000000000
5022  -55.693  -45.071  38.322 0.0000000000
5023  -55.791  -47.087  36.355 0.0000000000
5024  -56.547  -45.846  36.339 0.0000000000
5804  -50.319  -52.665  42.170 0.0000000000
5805  -49.637  -52.317  39.578 0.0000000000
5806  -50.325  -51.249  41.238 0.0000000000
5807  -50.367  -49.759  40.578 0.0000000000
5808  -51.200  -48.076  40.276 0.0000000000
5809  -45.884  -49.380  41.529 0.0000000000
5810  -46.145  -51.339  42.304 0.0000000000
5811  -47.624  -50.971  43.560 0.0000000000
5812  -49.690  -51.923  44.530 0.0000000000
6495  -32.054  -41.502  49.498 0.0000000000
6496  -33.898  -43.439  50.197 0.0000000000
6497  -35.759  -45.029  50.965 0.0000000000
6498  -34.807  -44.314  49.011 0.0000000000
6499  -35.582  -45.194  47.186 0.0000000000
6500  -34.685  -45.870  44.475 0.0000000000
6502  -34.781  -45.092  43.241 0.0000000000
6510  -41.426  -42.409  38.868 0.0000000000
6511  -41.426  -40.775  38.499 0.0000000000
6754  -54.410  -39.006  45.299 0.0000000000
6755  -54.871  -41.569  44.953 0.0000000000
6756  -55.807  -39.629  44.092 0.0000000000
7309  -48.905  -52.124  37.194 0.0000000000
7315  -40.623  -49.703  36.449 0.0000000000
7316  -41.670  -51.636  36.169 0.0000000000
7317  -42.525  -51.671  37.727 0.0000000000
7318  -44.414  -53.415  39.059 0.0000000000
7319  -46.081  -55.028  40.464 0.0000000000
7320  -46.967  -53.012  42.506 0.0000000000
7321  -47.608  -54.771  42.172 0.0000000000
7322  -47.730  -56.509  41.788 0.0000000000
7323  -49.011  -57.503  41.085 0.0000000000
8364  -42.192  -53.908  36.417 0.0000000000
8695  -48.376  -46.110  43.293 0.0000000000
8696  -50.222  -46.390  44.682 0.0000000000
8697  -49.313  -44.652  43.963 0.0000000000
8698  -50.246  -42.900  44.679 0.0000000000
8699  -51.337  -41.106  45.185 0.0000000000
8701  -49.713  -40.079  44.443 0.0000000000
8702  -52.102  -39.471  45.373 0.0000000000
8703  -53.123  -38.037  44.127 0.0000000000
8797  -27.602  -55.911  53.777 0.0000000000
8798  -28.029  -54.973  52.560 0.0000000000
8799  -28.460  -54.045  51.098 0.0000000000
8801  -30.289  -52.592  52.342 0.0000000000
8802  -28.342  -52.783  49.525 0.0000000000
8803  -28.023  -51.514  47.689 0.0000000000
8826  -36.016  -49.757  52.153 0.0000000000
8827  -36.710  -47.150  50.678 0.0000000000
8828  -35.152  -49.008  50.007 0.0000000000
8829  -33.344  -49.783  49.308 0.0000000000
8851  -41.024  -47.623  36.571 0.0000000000
8852  -42.672  -47.592  37.588 0.0000000000
8853  -43.945  -47.621  38.772 0.0000000000
8854  -42.712  -43.917  39.323 0.0000000000
8855  -43.963  -45.429  39.485 0.0000000000
8856  -45.034  -47.370  40.106 0.0000000000
8857  -46.114  -47.034  41.289 0.0000000000
8858  -47.233  -46.565  42.310 0.0000000000
9349  -51.674  -46.915  45.022 0.0000000000
9350  -52.298  -47.010  43.343 0.0000000000
9351  -52.815  -46.902  40.774 0.0000000000
9354  -53.459  -47.345  38.243 0.0000000000
9355  -54.333  -47.984  36.185 0.0000000000
10264  -49.823  -49.091  44.743 0.0000000000
10265  -50.538  -49.436  44.764 0.0000000000
10266  -50.397  -48.438  45.014 0.0000000000
10267  -48.985  -48.228  44.120 0.0000000000
10268  -49.148  -49.314  44.408 0.0000000000
11114  -49.532  -54.665  39.681 0.0000000000
11115  -49.159  -54.609  38.467 0.0000000000
11116  -49.391  -53.893  39.316 0.0000000000
11117  -50.585  -48.362  38.104 0.0000000000
11118  -49.982  -48.893  37.055 0.0000000000
11119  -50.804  -48.279  36.889 0.0000000000
11121  -51.879  -47.918  36.753 0.0000000000
11122  -43.854  -49.679  39.549 0.0000000000
11123  -43.865  -50.701  39.776 0.0000000000
11124  -44.525  -50.648  40.483 0.0000000000
11125  -50.146  -53.839  42.247 0.0000000000
11126  -50.055  -54.374  42.821 0.0000000000
11127  -49.984  -54.483  41.322 0.0000000000
11128  -49.809  -55.208  40.399 0.0000000000
11437  -26.879  -54.772  48.946 0.0000000000
11438  -26.082  -55.620  48.433 0.0000000000
11895  -45.406  -56.215  39.854 0.0000000000
12245  -34.398  -50.742  53.161 0.0000000000
12246  -33.272  -50.968  52.863 0.0000000000
12247  -32.966  -50.687  51.729 0.0000000000
12248  -31.716  -50.676  50.329 0.0000000000
12249  -32.741  -50.453  50.582 0.0000000000
12261  -33.431  -43.121  51.854 0.0000000000
12263  -33.660  -43.361  52.800 0.0000000000
12264  -33.552  -43.572  53.536 0.0000000000
12265  -34.458  -44.208  53.352 0.0000000000
12266  -35.323  -45.077  53.852 0.0000000000
12267  -35.279  -44.833  52.665 0.0000000000
12269  -33.313  -47.169  45.702 0.0000000000
12270  -32.422  -46.947  44.177 0.0000000000
12285  -39.511  -42.870  38.217 0.0000000000
12288  -41.066  -44.125  37.595 0.0000000000
12289  -40.871  -43.418  38.408 0.0000000000
12697  -52.941  -41.707  45.798 0.0000000000
12698  -53.224  -42.901  45.671 0.0000000000
12699  -53.714  -41.983  45.609 0.0000000000
12703  -56.032  -45.426  37.256 0.0000000000
12704  -56.271  -44.695  37.144 0.0000000000
13514  -50.413  -51.961  42.889 0.0000000000
13515  -50.332  -51.898  41.725 0.0000000000
13516  -50.418  -51.453  42.459 0.0000000000
13517  -51.036  -49.473  42.856 0.0000000000
13518  -50.628  -49.994  41.728 0.0000000000
13519  -50.916  -49.192  41.666 0.0000000000
13520  -50.701  -48.836  40.448 0.0000000000
13521  -51.258  -48.411  41.538 0.0000000000
13522  -46.504  -49.160  42.070 0.0000000000
13523  -46.661  -50.235  42.567 0.0000000000
13524  -47.325  -50.044  43.115 0.0000000000
13525  -49.799  -50.982  44.419 0.0000000000
13526  -49.332  -51.191  44.524 0.0000000000
13527  -50.122  -51.628  44.108 0.0000000000
13528  -50.306  -52.356  43.519 0.0000000000
14660  -32.242  -38.051  49.192 0.0000000000
14662  -31.663  -40.951  48.603 0.0000000000
14663  -32.401  -42.145  48.794 0.0000000000
14664  -32.846  -42.580  49.755 0.0000000000
14665  -33.429  -43.018  49.208 0.0000000000
14666  -34.406  -43.842  49.637 0.0000000000
14667  -33.865  -43.514  48.655 0.0000000000
14669  -34.777  -44.293  47.353 0.0000000000
14670  -35.145  -44.656  46.358 0.0000000000
14671  -35.318  -45.615  45.875 0.0000000000
14672  -35.128  -45.109  45.116 0.0000000000
14673  -34.790  -45.499  43.874 0.0000000000
14674  -34.876  -44.709  44.435 0.0000000000
14688  -40.653  -40.976  38.362 0.0000000000
14689  -40.502  -40.221  38.279 0.0000000000
14691  -41.921  -39.934  38.739 0.0000000000
15097  -54.875  -38.028  44.601 0.0000000000
15098  -55.171  -39.328  44.795 0.0000000000
15099  -55.602  -38.226  44.200 0.0000000000
16072  -49.731  -51.508  39.284 0.0000000000
16073  -49.241  -52.232  38.401 0.0000000000
16074  -49.392  -51.372  38.076 0.0000000000
16087  -41.130  -49.682  37.164 0.0000000000
16088  -41.505  -50.726  37.062 0.0000000000
16089  -41.996  -50.684  37.786 0.0000000000
16090  -44.644  -52.386  39.806 0.0000000000
16091  -44.061  -52.451  39.117 0.0000000000
16092  -45.079  -53.307  39.797 0.0000000000
16093  -45.291  -54.233  39.777 0.0000000000
16094  -45.991  -54.110  40.537 0.0000000000
16095  -47.266  -51.996  43.285 0.0000000000
16096  -46.490  -52.147  42.456 0.0000000000
16097  -47.667  -52.826  43.387 0.0000000000
16098  -49.196  -55.280  42.977 0.0000000000
16099  -48.334  -54.682  42.915 0.0000000000
16100  -48.432  -55.488  42.588 0.0000000000
16101  -47.690  -55.652  41.990 0.0000000000
16102  -48.541  -56.308  42.217 0.0000000000
16103  -48.466  -57.095  41.700 0.0000000000
16104  -49.243  -56.806  41.706 0.0000000000
18405  -42.620  -52.626  36.903 0.0000000000
18406  -42.065  -52.674  36.197 0.0000000000
18407  -42.837  -53.783  37.044 0.0000000000
19195  -47.991  -45.336  42.867 0.0000000000
19196  -48.792  -45.341  43.633 0.0000000000
19199  -49.369  -43.037  43.929 0.0000000000
19200  -49.872  -42.161  44.179 0.0000000000
19201  -50.853  -42.046  44.966 0.0000000000
19202  -50.308  -41.310  44.488 0.0000000000
19207  -48.863  -39.429  44.034 0.0000000000
19208  -50.044  -39.282  44.320 0.0000000000
19209  -50.889  -39.808  44.988 0.0000000000
19210  -51.269  -39.028  44.615 0.0000000000
19211  -52.569  -38.775  44.787 0.0000000000
19212  -51.837  -38.366  43.976 0.0000000000
19446  -28.829  -54.943  53.876 0.0000000000
19447  -29.192  -54.489  53.174 0.0000000000
19448  -28.285  -54.594  51.795 0.0000000000
19449  -29.342  -53.920  52.480 0.0000000000
19453  -31.182  -51.608  51.997 0.0000000000
19454  -31.369  -52.076  52.944 0.0000000000
19455  -30.177  -52.008  51.544 0.0000000000
19456  -29.251  -52.653  51.023 0.0000000000
19457  -29.101  -52.127  50.149 0.0000000000
19458  -28.135  -52.152  48.641 0.0000000000
19459  -28.998  -51.514  49.174 0.0000000000
19499  -31.037  -40.862  51.773 0.0000000000
19516  -37.275  -49.300  53.734 0.0000000000
19517  -36.875  -48.993  52.593 0.0000000000
19518  -36.083  -45.639  50.011 0.0000000000
19519  -36.465  -45.973  51.016 0.0000000000
19520  -36.385  -46.723  49.700 0.0000000000
19521  -33.622  -48.316  47.686 0.0000000000
19522  -34.930  -48.492  49.112 0.0000000000
19523  -33.923  -48.898  48.581 0.0000000000
19524  -34.284  -49.433  49.562 0.0000000000
19525  -33.002  -49.237  48.110 0.0000000000
19526  -32.114  -49.610  47.926 0.0000000000
19578  -40.241  -47.629  36.212 0.0000000000
19579  -40.780  -46.632  36.021 0.0000000000
19580  -42.372  -45.454  37.361 0.0000000000
19581  -42.341  -46.529  37.010 0.0000000000
19582  -42.973  -46.494  37.616 0.0000000000
19583  -43.342  -47.645  38.135 0.0000000000
19584  -43.490  -46.442  38.291 0.0000000000
19586  -42.071  -43.218  39.122 0.0000000000
19587  -42.803  -43.089  39.434 0.0000000000
19589  -43.954  -44.589  39.874 0.0000000000
19590  -44.570  -45.378  40.027 0.0000000000
19591  -44.550  -46.347  39.660 0.0000000000
19592  -45.110  -46.228  40.281 0.0000000000
19593  -45.539  -47.210  40.701 0.0000000000
19594  -45.671  -46.101  40.811 0.0000000000
19595  -47.042  -44.750  42.025 0.0000000000
19597  -47.401  -45.516  42.326 0.0000000000
19598  -47.759  -46.360  42.744 0.0000000000
20812  -50.691  -45.508  44.974 0.0000000000
20813  -51.036  -46.750  45.069 0.0000000000
20814  -51.470  -45.874  45.281 0.0000000000
20815  -53.356  -45.212  44.622 0.0000000000
20816  -52.664  -46.125  44.547 0.0000000000
20818  -52.532  -46.945  42.066 0.0000000000
20820  -55.316  -41.875  43.948 0.0000000000
20821  -54.859  -42.772  44.300 0.0000000000
20825  -54.610  -46.173  39.644 0.0000000000
20826  -53.886  -46.703  39.464 0.0000000000
20827  -54.255  -46.993  38.372 0.0000000000
20828  -53.870  -47.683  37.250 0.0000000000
20829  -54.707  -47.316  37.381 0.0000000000
23084  -50.261  -50.810  44.101 0.0000000000
23085  -50.508  -50.918  43.188 0.0000000000
23086  -50.563  -50.276  43.982 0.0000000000
23087  -50.964  -49.548  43.932 0.0000000000
23088  -51.360  -48.757  43.899 0.0000000000
23089  -47.707  -48.715  43.091 0.0000000000
23090  -47.959  -49.807  43.531 0.0000000000
23091  -48.515  -49.505  43.958 0.0000000000
23092  -49.477  -50.255  44.505 0.0000000000
23777  -33.305  -43.123  47.624 0.0000000000
23781  -34.201  -43.853  44.889 0.0000000000
23790  -40.189  -39.198  38.133 0.0000000000
24619  -49.763  -49.978  38.563 0.0000000000
24620  -49.506  -50.583  37.713 0.0000000000
24621  -49.643  -49.728  37.390 0.0000000000
24622  -49.606  -49.542  36.244 0.0000000000
24628  -42.474  -49.611  38.336 0.0000000000
24629  -42.582  -50.639  38.428 0.0000000000
24630  -43.235  -50.686  39.049 0.0000000000
24631  -44.163  -51.584  39.820 0.0000000000
24632  -45.222  -52.379  40.682 0.0000000000
24633  -49.356  -53.137  44.239 0.0000000000
24634  -48.693  -53.565  43.892 0.0000000000
24635  -49.528  -54.080  43.885 0.0000000000
24636  -49.781  -54.907  43.051 0.0000000000
24637  -49.813  -55.635  42.203 0.0000000000
24638  -49.722  -56.353  41.423 0.0000000000
24639  -49.969  -55.820  40.980 0.0000000000
25195  -26.541  -55.741  50.264 0.0000000000
26019  -44.047  -54.592  38.448 0.0000000000
26649  -33.503  -51.374  53.923 0.0000000000
26650  -32.199  -51.278  52.474 0.0000000000
26651  -31.003  -51.201  51.067 0.0000000000
26652  -29.929  -51.119  49.612 0.0000000000
26653  -30.781  -50.918  50.032 0.0000000000
26654  -30.539  -50.524  48.894 0.0000000000
26675  -32.177  -40.906  51.140 0.0000000000
26676  -31.960  -40.025  51.703 0.0000000000
26677  -32.250  -41.256  51.815 0.0000000000
26681  -32.294  -42.987  53.089 0.0000000000
26687  -37.172  -46.683  53.217 0.0000000000
26688  -35.617  -46.697  47.577 0.0000000000
26689  -35.665  -47.212  48.451 0.0000000000
26690  -34.538  -47.355  47.092 0.0000000000
26691  -33.436  -47.718  46.729 0.0000000000
26692  -32.498  -48.020  46.227 0.0000000000
26693  -31.629  -48.448  45.554 0.0000000000
26724  -41.100  -45.530  36.142 0.0000000000
26726  -41.685  -44.740  37.410 0.0000000000
26727  -42.258  -44.722  38.062 0.0000000000
26729  -43.503  -42.988  39.718 0.0000000000
26733  -45.792  -45.021  41.020 0.0000000000
27463  -51.668  -43.652  45.782 0.0000000000
27464  -51.975  -44.855  45.622 0.0000000000
27465  -52.542  -43.845  45.803 0.0000000000
27466  -53.352  -44.105  45.393 0.0000000000
27467  -53.962  -44.336  44.530 0.0000000000
27472  -55.369  -45.775  38.519 0.0000000000
27473  -55.326  -46.746  37.441 0.0000000000
27474  -55.749  -46.086  37.459 0.0000000000
27475  -56.191  -46.515  36.384 0.0000000000
28904  -50.044  -53.302  41.419 0.0000000000
28905  -49.692  -53.168  40.106 0.0000000000
28906  -50.063  -52.485  40.934 0.0000000000
28907  -50.081  -51.649  40.472 0.0000000000
28908  -50.013  -50.990  39.989 0.0000000000
28909  -50.456  -50.745  41.962 0.0000000000
28910  -50.285  -50.534  40.810 0.0000000000
28911  -50.019  -50.286  39.666 0.0000000000
28912  -50.099  -49.451  39.433 0.0000000000
28913  -50.567  -48.595  39.307 0.0000000000
28914  -51.316  -47.781  39.121 0.0000000000
28915  -45.237  -49.538  40.901 0.0000000000
28916  -45.249  -50.548  41.242 0.0000000000
28917  -45.944  -50.436  41.935 0.0000000000
28918  -46.891  -51.198  42.982 0.0000000000
28919  -47.995  -51.780  43.901 0.0000000000
28920  -48.251  -50.747  44.005 0.0000000000
28921  -48.684  -51.521  44.321 0.0000000000
28922  -49.057  -52.256  44.452 0.0000000000
28923  -49.869  -52.748  44.058 0.0000000000
28924  -50.254  -53.155  42.951 0.0000000000
29356  -26.977  -53.631  47.294 0.0000000000
29997  -46.820  -57.601  41.048 0.0000000000
30492  -35.435  -50.524  53.410 0.0000000000
30508  -32.199  -39.253  50.589 0.0000000000
30509  -31.559  -39.440  48.719 0.0000000000
30510  -31.753  -40.091  49.547 0.0000000000
30511  -31.949  -40.496  50.359 0.0000000000
30512  -32.302  -41.863  50.424 0.0000000000
30513  -33.267  -42.947  50.805 0.0000000000
30514  -34.245  -43.753  51.192 0.0000000000
30515  -35.161  -44.503  51.560 0.0000000000
30516  -34.910  -44.112  50.601 0.0000000000
30517  -35.332  -44.650  49.969 0.0000000000
30518  -35.699  -45.210  49.139 0.0000000000
30519  -34.267  -43.923  47.976 0.0000000000
30520  -35.262  -44.735  48.234 0.0000000000
30521  -35.827  -45.689  48.006 0.0000000000
30522  -35.494  -46.185  46.693 0.0000000000
30523  -34.677  -46.365  45.270 0.0000000000
30528  -34.265  -45.175  41.821 0.0000000000
30546  -40.849  -42.633  38.715 0.0000000000
30547  -40.739  -41.671  38.410 0.0000000000
30548  -41.488  -41.555  38.596 0.0000000000
30550  -41.192  -40.001  38.478 0.0000000000
31120  -53.892  -39.954  45.688 0.0000000000
31121  -54.213  -41.160  45.557 0.0000000000
31122  -54.706  -40.288  45.301 0.0000000000
31123  -55.292  -40.611  44.618 0.0000000000
32455  -49.294  -53.067  38.840 0.0000000000
32456  -48.938  -52.978  37.586 0.0000000000
32458  -49.066  -51.252  36.823 0.0000000000
32459  -48.591  -51.972  36.014 0.0000000000
32473  -40.174  -49.662  35.688 0.0000000000
32475  -41.118  -50.639  36.292 0.0000000000
32476  -42.056  -51.603  36.944 0.0000000000
32477  -43.028  -52.644  37.653 0.0000000000
32478  -43.018  -51.598  38.439 0.0000000000
32479  -43.454  -52.539  38.396 0.0000000000
32480  -43.852  -53.576  38.367 0.0000000000
32481  -44.591  -54.460  39.123 0.0000000000
32482  -45.389  -55.268  39.749 0.0000000000
32483  -46.086  -55.991  40.489 0.0000000000
32484  -45.436  -51.457  41.452 0.0000000000
32485  -45.843  -52.263  41.565 0.0000000000
32486  -46.374  -53.086  41.558 0.0000000000
32487  -48.044  -53.747  43.235 0.0000000000
32488  -47.362  -53.926  42.354 0.0000000000
32489  -46.672  -53.983  41.457 0.0000000000
32490  -46.802  -54.866  41.361 0.0000000000
32491  -46.857  -55.755  41.190 0.0000000000
32492  -46.893  -56.750  41.117 0.0000000000
32493  -47.650  -57.356  41.496 0.0000000000
36337  -49.002  -47.038  43.868 0.0000000000
36338  -49.883  -47.195  44.599 0.0000000000
36339  -49.276  -46.272  44.024 0.0000000000
36340  -49.672  -45.521  44.236 0.0000000000
36341  -50.202  -44.672  44.761 0.0000000000
36343  -49.777  -43.850  44.469 0.0000000000
36344  -50.659  -43.750  45.224 0.0000000000
36345  -51.279  -42.846  45.405 0.0000000000
36346  -51.902  -41.877  45.570 0.0000000000
36347  -52.451  -40.894  45.675 0.0000000000
36353  -49.513  -40.698  44.093 0.0000000000
36354  -50.582  -40.540  44.829 0.0000000000
36355  -51.715  -40.275  45.422 0.0000000000
36356  -52.839  -40.010  45.783 0.0000000000
36357  -53.289  -39.256  45.539 0.0000000000
36358  -53.806  -38.398  44.963 0.0000000000
36359  -54.330  -37.507  44.113 0.0000000000
36637  -26.380  -56.811  53.408 0.0000000000
36638  -26.662  -56.481  52.978 0.0000000000
36639  -26.913  -56.077  52.368 0.0000000000
36641  -27.809  -55.411  53.218 0.0000000000
36642  -27.080  -55.585  51.800 0.0000000000
36643  -27.274  -55.161  51.116 0.0000000000
36644  -27.520  -54.661  50.429 0.0000000000
36645  -27.614  -54.125  49.655 0.0000000000
36650  -31.480  -52.663  53.777 0.0000000000
36651  -30.285  -53.219  53.112 0.0000000000
36652  -29.330  -53.329  51.818 0.0000000000
36653  -28.461  -53.446  50.307 0.0000000000
36654  -27.555  -53.524  48.792 0.0000000000
36655  -27.514  -52.855  47.989 0.0000000000
36725  -36.442  -50.091  53.475 0.0000000000
36726  -35.059  -50.195  51.984 0.0000000000
36727  -36.026  -45.386  51.967 0.0000000000
36728  -36.810  -46.361  52.018 0.0000000000
36729  -37.084  -47.478  51.814 0.0000000000
36730  -35.979  -47.817  49.413 0.0000000000
36731  -36.175  -48.242  50.382 0.0000000000
36732  -36.569  -48.625  51.497 0.0000000000
36733  -35.594  -49.456  51.004 0.0000000000
36734  -34.637  -49.849  50.653 0.0000000000
36735  -33.643  -50.181  50.613 0.0000000000
36736  -32.392  -50.075  49.259 0.0000000000
36799  -39.961  -48.708  36.110 0.0000000000
36800  -40.523  -48.646  36.723 0.0000000000
36801  -41.269  -48.566  37.243 0.0000000000
36802  -41.550  -46.535  36.455 0.0000000000
36803  -41.889  -47.565  37.072 0.0000000000
36804  -42.098  -48.546  37.699 0.0000000000
36805  -42.820  -48.618  38.290 0.0000000000
36806  -43.526  -48.695  38.845 0.0000000000
36807  -44.224  -48.724  39.498 0.0000000000
36808  -41.453  -43.370  38.830 0.0000000000
36809  -42.101  -43.936  38.789 0.0000000000
36810  -42.790  -44.685  38.799 0.0000000000
36811  -43.378  -43.853  39.675 0.0000000000
36812  -43.316  -44.646  39.386 0.0000000000
36813  -43.432  -45.474  38.853 0.0000000000
36814  -44.034  -46.427  38.994 0.0000000000
36815  -44.482  -47.505  39.468 0.0000000000
36816  -44.808  -48.569  40.122 0.0000000000
36817  -45.428  -48.436  40.817 0.0000000000
36818  -46.026  -48.216  41.350 0.0000000000
36819  -46.637  -48.003  41.879 0.0000000000
36821  -46.688  -46.809  41.774 0.0000000000
36822  -47.206  -47.768  42.401 0.0000000000
36823  -47.780  -47.556  42.870 0.0000000000
36824  -48.366  -47.249  43.382 0.0000000000
38287  -50.750  -47.611  45.063 0.0000000000
38288  -51.402  -47.859  44.973 0.0000000000
38289  -51.686  -47.916  44.135 0.0000000000
38290  -52.150  -46.003  45.199 0.0000000000
38291  -52.102  -46.972  44.278 0.0000000000
38292  -51.715  -47.824  43.021 0.0000000000
38293  -51.850  -47.673  41.831 0.0000000000
38294  -51.969  -47.453  40.567 0.0000000000
38295  -52.188  -47.397  39.316 0.0000000000
38296  -54.341  -42.434  45.082 0.0000000000
38297  -54.441  -43.626  44.389 0.0000000000
38303  -53.061  -47.082  39.358 0.0000000000
38304  -52.524  -47.542  38.082 0.0000000000
38305  -52.892  -47.816  37.037 0.0000000000
38306  -53.348  -48.059  35.919 0.0000000000
38307  -53.834  -48.333  34.828 0.0000000000
38308  -55.202  -47.636  36.351 0.0000000000
38332  -56.897  -45.149  36.274 0.0000000000
40984  -49.720  -48.541  44.714 0.0000000000
40985  -50.097  -48.763  44.927 0.0000000000
40986  -50.015  -48.219  44.874 0.0000000000
40987  -49.318  -48.100  44.347 0.0000000000
40988  -49.398  -48.661  44.483 0.0000000000
41834  -49.648  -54.333  40.165 0.0000000000
41835  -49.440  -54.283  39.482 0.0000000000
41836  -49.546  -53.963  39.958 0.0000000000
41837  -51.034  -48.069  38.054 0.0000000000
41838  -50.700  -48.338  37.514 0.0000000000
41839  -51.177  -48.066  37.408 0.0000000000
41840  -51.333  -48.073  36.783 0.0000000000
41841  -51.680  -47.857  37.295 0.0000000000
41842  -44.179  -49.705  39.857 0.0000000000
41843  -44.177  -50.187  40.015 0.0000000000
41844  -44.493  -50.169  40.350 0.0000000000
41845  -49.986  -53.903  41.398 0.0000000000
41846  -50.058  -54.167  41.811 0.0000000000
41847  -49.888  -54.249  40.990 0.0000000000
41848  -49.771  -54.573  40.522 0.0000000000
42157  -26.887  -54.547  48.539 0.0000000000
42158  -26.566  -54.952  48.282 0.0000000000
42615  -45.701  -56.634  40.213 0.0000000000
42965  -34.208  -50.621  52.562 0.0000000000
42966  -33.661  -50.704  52.466 0.0000000000
42967  -33.491  -50.554  51.896 0.0000000000
42968  -32.857  -50.565  51.176 0.0000000000
42969  -33.383  -50.446  51.306 0.0000000000
42981  -33.891  -43.607  52.096 0.0000000000
42982  -33.586  -43.265  52.333 0.0000000000
42983  -34.007  -43.660  52.581 0.0000000000
42984  -34.036  -43.799  53.096 0.0000000000
42985  -34.398  -44.082  52.806 0.0000000000
42986  -34.871  -44.535  52.986 0.0000000000
42987  -34.798  -44.350  52.500 0.0000000000
43006  -39.917  -43.229  38.159 0.0000000000
43007  -40.245  -43.198  38.317 0.0000000000
43008  -40.591  -43.463  38.211 0.0000000000
43009  -40.525  -43.124  38.463 0.0000000000
43417  -53.169  -41.254  45.807 0.0000000000
43418  -53.348  -41.805  45.742 0.0000000000
43419  -53.557  -41.363  45.761 0.0000000000
44234  -50.417  -51.671  43.239 0.0000000000
44235  -50.440  -51.684  42.719 0.0000000000
44236  -50.441  -51.425  43.047 0.0000000000
44237  -51.202  -49.086  42.838 0.0000000000
44238  -50.982  -49.337  42.241 0.0000000000
44239  -51.152  -48.982  42.276 0.0000000000
44240  -51.085  -48.815  41.651 0.0000000000
44241  -51.305  -48.568  42.129 0.0000000000
44242  -46.853  -49.054  42.348 0.0000000000
44243  -46.950  -49.615  42.592 0.0000000000
44244  -47.250  -49.475  42.871 0.0000000000
44245  -50.207  -51.208  44.141 0.0000000000
44246  -49.983  -51.312  44.303 0.0000000000
44247  -50.273  -51.504  43.848 0.0000000000
44248  -50.335  -51.794  43.585 0.0000000000
45378  -32.722  -37.236  49.030 0.0000000000
45380  -32.196  -37.808  48.783 0.0000000000
45382  -32.159  -41.934  48.313 0.0000000000
45383  -32.656  -42.450  48.520 0.0000000000
45384  -32.911  -42.613  49.006 0.0000000000
45385  -33.207  -42.895  48.749 0.0000000000
45386  -33.681  -43.272  48.948 0.0000000000
45387  -33.452  -43.089  48.470 0.0000000000
45388  -34.414  -44.006  46.051 0.0000000000
45389  -34.719  -44.259  46.492 0.0000000000
45390  -34.920  -44.440  46.018 0.0000000000
45391  -35.178  -44.898  45.741 0.0000000000
45392  -34.983  -44.686  45.409 0.0000000000
45393  -34.988  -44.925  44.837 0.0000000000
45394  -34.795  -44.488  45.016 0.0000000000
45408  -40.122  -40.220  38.117 0.0000000000
45817  -55.138  -37.555  44.250 0.0000000000
45818  -55.269  -38.105  44.459 0.0000000000
45819  -55.502  -37.631  44.065 0.0000000000
46792  -49.733  -51.151  39.049 0.0000000000
46793  -49.559  -51.417  38.703 0.0000000000
46794  -49.592  -51.037  38.506 0.0000000000
46807  -41.418  -49.626  37.479 0.0000000000
46808  -41.539  -50.167  37.469 0.0000000000
46809  -41.842  -50.140  37.801 0.0000000000
46810  -45.159  -52.765  40.174 0.0000000000
46811  -44.891  -52.846  39.805 0.0000000000
46812  -45.388  -53.224  40.192 0.0000000000
46813  -45.549  -53.694  40.155 0.0000000000
46814  -45.881  -53.640  40.595 0.0000000000
46815  -47.848  -52.296  43.703 0.0000000000
46816  -47.478  -52.418  43.375 0.0000000000
46817  -48.046  -52.727  43.743 0.0000000000
46818  -49.222  -55.686  42.660 0.0000000000
46819  -48.840  -55.456  42.822 0.0000000000
46820  -48.867  -55.821  42.587 0.0000000000
46821  -48.488  -55.904  42.442 0.0000000000
46822  -48.926  -56.211  42.318 0.0000000000
46823  -48.924  -56.580  42.031 0.0000000000
46824  -49.278  -56.435  42.009 0.0000000000
49125  -42.989  -53.161  37.288 0.0000000000
49126  -42.724  -53.188  36.929 0.0000000000
49127  -43.087  -53.697  37.378 0.0000000000
49915  -47.864  -44.903  42.710 0.0000000000
49916  -48.254  -44.952  43.056 0.0000000000
49920  -49.601  -41.807  43.946 0.0000000000
49921  -50.123  -41.803  44.369 0.0000000000
49922  -49.761  -41.406  44.112 0.0000000000
49927  -49.631  -38.990  44.011 0.0000000000
49928  -50.272  -38.950  44.029 0.0000000000
49929  -50.668  -39.184  44.440 0.0000000000
49930  -50.889  -38.825  44.175 0.0000000000
49931  -51.503  -38.673  44.325 0.0000000000
50166  -29.644  -54.493  53.805 0.0000000000
50167  -29.766  -54.230  53.479 0.0000000000
50168  -29.277  -54.248  52.767 0.0000000000
50169  -29.811  -53.918  53.141 0.0000000000
50173  -30.618  -51.534  51.301 0.0000000000
50174  -30.682  -51.768  51.771 0.0000000000
50175  -30.136  -51.762  51.105 0.0000000000
50176  -29.643  -52.026  50.861 0.0000000000
50177  -29.587  -51.809  50.394 0.0000000000
50178  -29.087  -51.845  49.645 0.0000000000
50179  -29.523  -51.573  49.871 0.0000000000
50219  -30.697  -40.988  51.688 0.0000000000
50220  -30.643  -40.340  51.630 0.0000000000
50221  -30.321  -40.470  51.474 0.0000000000
50233  -37.540  -47.456  53.664 0.0000000000
50235  -37.532  -48.008  53.553 0.0000000000
50236  -37.375  -48.575  53.397 0.0000000000
50237  -37.247  -48.404  52.758 0.0000000000
50238  -36.155  -45.926  49.448 0.0000000000
50239  -36.304  -46.148  49.872 0.0000000000
50240  -36.208  -46.475  49.247 0.0000000000
50241  -33.182  -48.484  47.405 0.0000000000
50242  -33.781  -48.620  48.121 0.0000000000
50243  -33.322  -48.779  47.835 0.0000000000
50244  -33.464  -49.072  48.326 0.0000000000
50245  -32.883  -48.963  47.602 0.0000000000
50246  -32.378  -49.138  47.445 0.0000000000
50247  -32.284  -48.811  46.886 0.0000000000
50300  -42.649  -45.464  37.721 0.0000000000
50301  -42.704  -45.966  37.422 0.0000000000
50302  -42.992  -45.931  37.766 0.0000000000
50303  -43.245  -46.468  37.953 0.0000000000
50304  -43.244  -45.878  38.158 0.0000000000
50308  -44.829  -44.821  40.466 0.0000000000
50309  -44.506  -44.877  40.205 0.0000000000
50310  -44.854  -45.291  40.296 0.0000000000
50311  -44.856  -45.813  40.157 0.0000000000
50313  -45.368  -46.166  40.514 0.0000000000
50316  -47.222  -45.139  42.185 0.0000000000
50317  -47.529  -44.974  42.447 0.0000000000
50318  -47.696  -45.452  42.634 0.0000000000
51532  -50.940  -45.061  45.210 0.0000000000
51533  -51.083  -45.686  45.163 0.0000000000
51534  -51.340  -45.233  45.379 0.0000000000
51535  -53.593  -45.237  44.127 0.0000000000
51536  -53.244  -45.731  44.110 0.0000000000
51543  -55.065  -46.070  39.058 0.0000000000
51544  -54.932  -45.914  39.682 0.0000000000
51545  -54.758  -46.334  39.040 0.0000000000
51546  -54.427  -46.600  38.973 0.0000000000
51547  -54.611  -46.759  38.424 0.0000000000
51548  -54.449  -47.152  37.851 0.0000000000
51549  -54.794  -46.914  37.904 0.0000000000
53834  -50.182  -50.430  44.407 0.0000000000
53835  -50.411  -50.534  43.984 0.0000000000
53836  -50.385  -50.172  44.415 0.0000000000
53837  -50.787  -49.106  44.802 0.0000000000
53838  -50.822  -49.523  44.496 0.0000000000
53839  -51.058  -49.194  44.443 0.0000000000
53840  -51.164  -49.162  43.944 0.0000000000
53841  -51.272  -48.767  44.416 0.0000000000
53842  -48.030  -48.610  43.388 0.0000000000
53843  -48.104  -49.135  43.519 0.0000000000
53844  -48.373  -49.016  43.739 0.0000000000
53845  -49.677  -49.737  44.626 0.0000000000
53846  -49.321  -49.782  44.460 0.0000000000
53847  -49.810  -50.151  44.546 0.0000000000
53848  -49.922  -50.559  44.448 0.0000000000
56387  -49.072  -54.180  38.303 0.0000000000
56388  -48.996  -54.583  37.898 0.0000000000
56392  -49.819  -49.563  38.425 0.0000000000
56393  -49.679  -49.788  37.971 0.0000000000
56394  -49.769  -49.413  37.838 0.0000000000
56395  -50.058  -48.815  36.464 0.0000000000
56396  -49.799  -49.225  36.651 0.0000000000
56397  -49.813  -49.147  36.064 0.0000000000
56407  -42.812  -49.629  38.619 0.0000000000
56408  -42.847  -50.153  38.678 0.0000000000
56409  -43.179  -50.229  39.005 0.0000000000
56410  -44.268  -51.137  40.189 0.0000000000
56411  -43.966  -51.151  39.807 0.0000000000
56412  -44.412  -51.563  40.217 0.0000000000
56413  -44.651  -51.945  40.229 0.0000000000
56414  -44.970  -51.948  40.650 0.0000000000
56415  -49.735  -53.421  43.994 0.0000000000
56416  -49.446  -53.638  44.044 0.0000000000
56417  -49.824  -53.872  43.752 0.0000000000
56418  -50.062  -54.733  42.379 0.0000000000
56419  -49.961  -54.675  42.989 0.0000000000
56420  -49.998  -55.014  42.545 0.0000000000
56421  -49.833  -55.266  42.630 0.0000000000
56422  -49.993  -55.419  42.029 0.0000000000
56423  -49.943  -55.777  41.594 0.0000000000
56424  -50.004  -55.491  41.377 0.0000000000
56425  -49.612  -55.316  39.593 0.0000000000
56426  -49.767  -55.583  40.025 0.0000000000
57352  -26.630  -55.486  50.017 0.0000000000
57353  -26.234  -55.883  49.662 0.0000000000
57354  -26.345  -55.635  49.371 0.0000000000
58727  -44.428  -55.511  38.847 0.0000000000
59772  -34.117  -51.252  54.052 0.0000000000
59773  -32.613  -50.953  52.130 0.0000000000
59774  -32.718  -51.110  52.658 0.0000000000
59775  -32.096  -51.131  51.943 0.0000000000
59776  -31.582  -51.280  51.765 0.0000000000
59777  -31.459  -51.108  51.264 0.0000000000
59778  -30.850  -51.074  50.533 0.0000000000
59779  -31.324  -50.963  50.735 0.0000000000
59780  -31.583  -50.532  49.737 0.0000000000
59781  -31.116  -50.625  49.629 0.0000000000
59782  -30.979  -50.459  49.004 0.0000000000
59783  -30.428  -50.299  48.310 0.0000000000
59784  -30.884  -50.230  48.461 0.0000000000
59816  -32.359  -41.524  51.207 0.0000000000
59817  -32.210  -41.066  51.482 0.0000000000
59818  -32.478  -41.694  51.600 0.0000000000
59826  -33.942  -44.021  53.833 0.0000000000
59827  -33.388  -43.680  53.753 0.0000000000
59833  -35.788  -45.402  53.468 0.0000000000
59835  -36.320  -45.854  53.678 0.0000000000
59836  -36.846  -46.327  53.761 0.0000000000
59837  -36.730  -46.244  53.200 0.0000000000
59838  -35.076  -46.789  46.841 0.0000000000
59839  -35.157  -47.083  47.339 0.0000000000
59840  -34.541  -47.102  46.619 0.0000000000
59841  -32.836  -47.303  45.472 0.0000000000
59842  -33.350  -47.417  46.213 0.0000000000
59843  -32.894  -47.579  46.007 0.0000000000
59844  -32.968  -47.869  46.501 0.0000000000
59845  -32.417  -47.755  45.765 0.0000000000
59900  -41.345  -44.105  37.846 0.0000000000
59901  -41.385  -44.463  37.484 0.0000000000
59902  -41.676  -44.470  37.726 0.0000000000
59903  -41.981  -44.697  37.681 0.0000000000
59904  -41.911  -44.425  38.097 0.0000000000
61132  -51.975  -43.150  45.808 0.0000000000
61133  -52.117  -43.733  45.847 0.0000000000
61134  -52.435  -43.246  45.836 0.0000000000
61135  -53.562  -43.100  45.483 0.0000000000
61136  -53.265  -43.522  45.572 0.0000000000
61137  -53.647  -43.678  45.300 0.0000000000
61138  -53.710  -44.226  45.039 0.0000000000
61139  -53.971  -43.783  44.962 0.0000000000
61147  -55.554  -45.450  38.460 0.0000000000
61148  -55.529  -45.934  37.971 0.0000000000
61149  -55.694  -45.611  37.866 0.0000000000
61150  -56.272  -45.618  36.770 0.0000000000
61151  -56.098  -45.977  36.866 0.0000000000
61152  -56.373  -46.196  36.372 0.0000000000
61153  -56.440  -46.678  35.857 0.0000000000
61154  -56.625  -46.371  35.865 0.0000000000
63584  -50.187  -52.990  41.824 0.0000000000
63585  -50.057  -52.908  41.197 0.0000000000
63586  -50.219  -52.587  41.592 0.0000000000
63587  -50.337  -51.574  41.505 0.0000000000
63588  -50.222  -51.770  41.096 0.0000000000
63589  -50.212  -51.439  40.848 0.0000000000
63590  -50.063  -51.343  40.218 0.0000000000
63591  -50.179  -51.109  40.605 0.0000000000
63592  -50.545  -50.582  43.019 0.0000000000
63593  -50.501  -50.853  42.600 0.0000000000
63594  -50.557  -50.477  42.429 0.0000000000
63595  -50.499  -49.890  41.143 0.0000000000
63596  -50.431  -50.265  41.261 0.0000000000
63597  -50.291  -50.174  40.675 0.0000000000
63598  -50.142  -50.417  40.234 0.0000000000
63599  -50.165  -50.037  40.095 0.0000000000
63600  -50.026  -49.882  39.552 0.0000000000
63601  -50.217  -49.611  40.022 0.0000000000
63602  -50.906  -48.431  40.343 0.0000000000
63603  -50.599  -48.709  39.861 0.0000000000
63604  -50.886  -48.309  39.782 0.0000000000
63605  -50.893  -48.168  39.203 0.0000000000
63606  -51.250  -47.910  39.707 0.0000000000
63607  -45.568  -49.469  41.221 0.0000000000
63608  -45.604  -49.979  41.387 0.0000000000
63609  -45.931  -49.909  41.727 0.0000000000
63610  -47.052  -50.652  43.101 0.0000000000
63611  -46.708  -50.787  42.801 0.0000000000
63612  -47.260  -51.110  43.296 0.0000000000
63613  -47.448  -51.510  43.468 0.0000000000
63614  -47.812  -51.404  43.755 0.0000000000
63615  -48.395  -50.160  43.971 0.0000000000
63616  -48.111  -50.329  43.782 0.0000000000
63617  -48.599  -50.603  44.157 0.0000000000
63618  -49.538  -51.551  44.527 0.0000000000
63619  -49.030  -51.350  44.431 0.0000000000
63620  -49.261  -51.717  44.509 0.0000000000
63621  -48.880  -51.861  44.447 0.0000000000
63622  -49.379  -52.097  44.532 0.0000000000
63623  -49.494  -52.509  44.386 0.0000000000
63624  -49.800  -52.301  44.298 0.0000000000
63625  -50.373  -52.529  42.877 0.0000000000
63626  -50.284  -52.808  43.227 0.0000000000
63627  -50.301  -52.924  42.554 0.0000000000
63628  -50.204  -53.226  42.211 0.0000000000
66983  -35.656  -50.676  54.037 0.0000000000
67011  -32.631  -38.116  50.166 0.0000000000
67015  -32.192  -38.983  50.261 0.0000000000
67016  -31.365  -39.633  47.846 0.0000000000
67017  -31.500  -39.115  48.361 0.0000000000
67018  -31.413  -39.940  48.233 0.0000000000
67019  -31.823  -41.262  49.024 0.0000000000
67020  -31.657  -40.563  49.069 0.0000000000
67021  -31.796  -40.780  49.448 0.0000000000
67022  -31.837  -40.313  49.897 0.0000000000
67023  -31.968  -41.019  49.909 0.0000000000
67024  -32.081  -41.170  50.362 0.0000000000
67025  -32.247  -41.701  50.000 0.0000000000
67026  -33.336  -43.051  49.984 0.0000000000
67027  -33.052  -42.823  50.284 0.0000000000
67028  -33.587  -43.228  50.484 0.0000000000
67029  -33.730  -43.343  50.980 0.0000000000
67030  -34.073  -43.573  50.703 0.0000000000
67031  -34.591  -43.916  50.889 0.0000000000
67032  -34.418  -43.782  50.417 0.0000000000
67033  -34.602  -44.103  49.308 0.0000000000
67034  -34.882  -44.228  49.821 0.0000000000
67035  -35.081  -44.521  49.475 0.0000000000
67036  -35.510  -44.956  49.568 0.0000000000
67037  -35.287  -44.753  49.121 0.0000000000
67038  -33.509  -43.384  47.319 0.0000000000
67039  -33.773  -43.498  47.829 0.0000000000
67040  -33.954  -43.736  47.588 0.0000000000
67041  -35.260  -44.691  47.352 0.0000000000
67042  -34.989  -44.475  47.807 0.0000000000
67043  -35.471  -44.958  47.741 0.0000000000
67044  -35.736  -45.151  48.252 0.0000000000
67045  -35.702  -45.420  47.591 0.0000000000
67046  -35.679  -45.916  47.372 0.0000000000
67047  -35.640  -45.672  46.962 0.0000000000
67048  -35.080  -45.769  45.215 0.0000000000
67049  -35.090  -46.033  45.576 0.0000000000
67050  -34.690  -46.097  44.890 0.0000000000
67052  -34.242  -46.113  44.168 0.0000000000
67054  -34.267  -45.919  43.800 0.0000000000
67055  -34.798  -45.290  43.581 0.0000000000
67056  -34.467  -45.573  43.158 0.0000000000
67057  -34.487  -45.336  42.869 0.0000000000
67058  -34.133  -45.327  42.123 0.0000000000
67059  -34.560  -45.160  42.541 0.0000000000
67061  -34.501  -44.102  44.433 0.0000000000
67098  -40.355  -41.753  38.302 0.0000000000
67099  -40.350  -41.406  38.309 0.0000000000
67100  -41.018  -40.875  38.430 0.0000000000
67101  -41.081  -41.254  38.440 0.0000000000
67102  -41.465  -41.142  38.484 0.0000000000
67103  -41.883  -41.473  38.671 0.0000000000
67104  -41.834  -41.059  38.577 0.0000000000
67105  -40.511  -39.128  38.243 0.0000000000
67106  -40.693  -39.617  38.309 0.0000000000
68332  -54.148  -39.482  45.536 0.0000000000
68333  -54.318  -40.116  45.525 0.0000000000
68334  -54.580  -39.624  45.339 0.0000000000
68335  -55.501  -39.455  44.461 0.0000000000
68336  -55.253  -39.962  44.749 0.0000000000
68337  -55.566  -40.082  44.366 0.0000000000
68338  -55.576  -40.775  44.048 0.0000000000
71257  -49.677  -52.734  39.831 0.0000000000
71258  -49.507  -53.097  39.487 0.0000000000
71259  -49.433  -52.688  39.165 0.0000000000
71260  -49.093  -52.170  37.786 0.0000000000
71261  -49.077  -52.609  37.983 0.0000000000
71262  -48.880  -52.555  37.396 0.0000000000
71263  -48.747  -52.926  37.005 0.0000000000
71264  -48.722  -52.508  36.806 0.0000000000
71265  -49.427  -50.524  37.144 0.0000000000
71266  -49.325  -50.913  37.277 0.0000000000
71267  -49.215  -50.846  36.680 0.0000000000
71269  -48.707  -51.567  35.817 0.0000000000
71302  -40.411  -49.666  36.058 0.0000000000
71303  -40.674  -50.142  35.969 0.0000000000
71304  -40.879  -50.136  36.340 0.0000000000
71305  -42.008  -51.204  37.390 0.0000000000
71306  -41.773  -51.172  36.997 0.0000000000
71307  -42.303  -51.663  37.333 0.0000000000
71308  -42.609  -52.150  37.286 0.0000000000
71309  -42.809  -52.158  37.661 0.0000000000
71310  -43.042  -51.136  38.723 0.0000000000
71311  -42.770  -51.161  38.437 0.0000000000
71312  -43.249  -51.552  38.737 0.0000000000
71313  -44.269  -52.922  39.087 0.0000000000
71314  -43.761  -52.459  38.744 0.0000000000
71315  -43.949  -52.975  38.724 0.0000000000
71316  -43.657  -53.070  38.392 0.0000000000
71317  -44.127  -53.522  38.732 0.0000000000
71318  -44.202  -54.051  38.779 0.0000000000
71319  -44.531  -53.944  39.095 0.0000000000
71320  -45.684  -54.626  40.101 0.0000000000
71321  -45.341  -54.742  39.774 0.0000000000
71322  -45.720  -55.133  40.088 0.0000000000
71323  -45.751  -55.627  40.102 0.0000000000
71324  -46.109  -55.507  40.477 0.0000000000
71325  -45.663  -50.944  41.743 0.0000000000
71326  -45.295  -51.012  41.359 0.0000000000
71327  -45.775  -51.407  41.864 0.0000000000
71328  -46.743  -52.567  42.498 0.0000000000
71329  -46.164  -52.199  42.011 0.0000000000
71330  -46.413  -52.606  42.033 0.0000000000
71331  -46.109  -52.655  41.563 0.0000000000
71332  -46.669  -53.047  42.031 0.0000000000
71333  -48.785  -54.046  43.783 0.0000000000
71334  -48.362  -53.674  43.591 0.0000000000
71335  -48.465  -54.177  43.459 0.0000000000
71336  -47.967  -54.717  42.559 0.0000000000
71337  -47.844  -54.294  42.661 0.0000000000
71338  -47.498  -54.361  42.266 0.0000000000
71339  -47.023  -53.959  41.919 0.0000000000
71340  -47.124  -54.399  41.825 0.0000000000
71341  -46.761  -54.454  41.394 0.0000000000
71342  -47.213  -54.824  41.762 0.0000000000
71343  -47.700  -56.094  41.903 0.0000000000
71344  -47.269  -55.706  41.603 0.0000000000
71345  -47.293  -56.167  41.519 0.0000000000
71346  -46.876  -56.245  41.135 0.0000000000
71347  -47.293  -56.633  41.419 0.0000000000
71348  -47.242  -57.100  41.364 0.0000000000
71349  -47.705  -56.949  41.668 0.0000000000
71350  -48.786  -57.320  41.461 0.0000000000
71351  -48.427  -57.465  41.461 0.0000000000
71352  -48.708  -57.668  41.212 0.0000000000
71355  -49.780  -56.489  40.790 0.0000000000
71356  -49.614  -56.705  41.041 0.0000000000
78258  -42.145  -53.279  36.281 0.0000000000
78260  -41.810  -53.406  36.020 0.0000000000
78262  -41.854  -54.056  36.203 0.0000000000
80620  -48.645  -46.576  43.532 0.0000000000
80621  -49.119  -46.645  43.946 0.0000000000
80622  -48.797  -46.189  43.656 0.0000000000
80623  -49.072  -44.995  43.772 0.0000000000
80624  -49.248  -45.428  43.919 0.0000000000
80625  -49.513  -45.050  44.127 0.0000000000
80626  -49.947  -45.082  44.512 0.0000000000
80627  -49.754  -44.648  44.361 0.0000000000
80631  -49.810  -42.982  44.330 0.0000000000
80632  -49.569  -43.448  44.222 0.0000000000
80633  -50.001  -43.375  44.634 0.0000000000
80634  -50.219  -43.819  44.814 0.0000000000
80635  -50.437  -43.315  44.971 0.0000000000
80636  -50.948  -43.306  45.338 0.0000000000
80637  -50.767  -42.875  45.064 0.0000000000
80638  -51.105  -41.577  45.066 0.0000000000
80639  -51.384  -41.917  45.266 0.0000000000
80640  -51.632  -41.469  45.369 0.0000000000
80641  -52.165  -41.377  45.567 0.0000000000
80642  -51.852  -40.994  45.438 0.0000000000
80654  -49.280  -39.779  44.253 0.0000000000
80655  -48.724  -39.836  43.996 0.0000000000
80656  -49.161  -40.131  44.149 0.0000000000
80657  -49.086  -40.453  43.942 0.0000000000
80658  -49.609  -40.386  44.301 0.0000000000
80659  -50.051  -40.615  44.452 0.0000000000
80660  -50.151  -40.298  44.622 0.0000000000
80661  -51.516  -39.644  45.203 0.0000000000
80662  -51.325  -40.019  45.235 0.0000000000
80663  -51.918  -39.881  45.462 0.0000000000
80664  -52.295  -40.141  45.655 0.0000000000
80665  -52.489  -39.723  45.654 0.0000000000
80666  -53.033  -39.670  45.683 0.0000000000
80667  -52.693  -39.344  45.484 0.0000000000
80668  -52.829  -38.419  44.501 0.0000000000
80669  -53.202  -38.621  44.911 0.0000000000
80670  -53.446  -38.225  44.564 0.0000000000
80671  -54.014  -37.981  44.589 0.0000000000
80672  -53.729  -37.810  44.160 0.0000000000
81364  -26.724  -56.724  54.087 0.0000000000
81365  -27.463  -56.128  54.038 0.0000000000
81366  -26.974  -56.393  53.605 0.0000000000
81367  -27.132  -56.161  53.391 0.0000000000
81368  -26.802  -56.287  52.671 0.0000000000
81369  -27.275  -55.961  53.063 0.0000000000
81373  -28.442  -54.956  53.206 0.0000000000
81374  -28.300  -55.149  53.555 0.0000000000
81375  -27.914  -55.206  52.891 0.0000000000
81376  -27.420  -55.511  52.560 0.0000000000
81377  -27.522  -55.285  52.230 0.0000000000
81378  -27.167  -55.381  51.467 0.0000000000
81379  -27.625  -55.075  51.875 0.0000000000
81380  -28.406  -54.342  51.449 0.0000000000
81381  -27.914  -54.644  51.144 0.0000000000
81382  -27.985  -54.357  50.749 0.0000000000
81383  -27.582  -54.394  50.032 0.0000000000
81384  -28.058  -54.080  50.363 0.0000000000
81395  -32.498  -51.965  53.971 0.0000000000
81396  -30.841  -52.310  52.641 0.0000000000
81397  -31.417  -52.375  53.347 0.0000000000
81398  -30.887  -52.612  53.071 0.0000000000
81399  -30.884  -52.918  53.440 0.0000000000
81400  -30.310  -52.901  52.768 0.0000000000
81401  -29.795  -53.285  52.478 0.0000000000
81402  -29.771  -52.958  52.130 0.0000000000
81403  -28.846  -52.757  50.348 0.0000000000
81404  -28.855  -53.052  50.738 0.0000000000
81405  -28.419  -53.116  49.944 0.0000000000
81406  -27.999  -53.490  49.546 0.0000000000
81407  -27.957  -53.131  49.160 0.0000000000
81408  -27.541  -53.182  48.400 0.0000000000
81409  -27.867  -52.776  48.749 0.0000000000
81410  -28.037  -51.830  48.100 0.0000000000
81411  -27.692  -52.183  47.848 0.0000000000
81412  -27.630  -51.853  47.398 0.0000000000
81415  -29.831  -50.931  49.056 0.0000000000
81416  -29.381  -51.066  48.843 0.0000000000
81417  -29.313  -50.820  48.268 0.0000000000
81529  -31.801  -40.223  51.814 0.0000000000
81583  -36.682  -49.568  52.940 0.0000000000
81584  -36.886  -49.753  53.601 0.0000000000
81585  -36.233  -49.922  52.798 0.0000000000
81586  -35.739  -50.183  52.681 0.0000000000
81587  -35.525  -50.041  52.024 0.0000000000
81588  -35.488  -44.762  51.297 0.0000000000
81589  -35.598  -44.900  51.805 0.0000000000
81590  -35.907  -45.210  51.478 0.0000000000
81591  -36.653  -46.562  50.852 0.0000000000
81592  -36.624  -46.202  51.503 0.0000000000
81593  -36.851  -46.730  51.373 0.0000000000
81594  -37.047  -46.872  52.002 0.0000000000
81595  -36.914  -47.312  51.278 0.0000000000
81596  -35.210  -47.613  48.231 0.0000000000
81597  -35.848  -47.527  48.875 0.0000000000
81598  -35.357  -47.897  48.754 0.0000000000
81599  -35.012  -48.744  49.547 0.0000000000
81600  -35.578  -48.399  49.737 0.0000000000
81601  -35.620  -48.665  50.201 0.0000000000
81602  -36.324  -48.463  50.900 0.0000000000
81603  -35.850  -48.888  50.712 0.0000000000
81604  -36.076  -49.081  51.269 0.0000000000
81605  -35.370  -49.242  50.516 0.0000000000
81606  -33.818  -49.613  49.387 0.0000000000
81607  -34.434  -49.665  50.063 0.0000000000
81608  -33.953  -49.835  49.960 0.0000000000
81609  -34.131  -50.039  50.608 0.0000000000
81610  -33.431  -50.014  49.948 0.0000000000
81611  -33.008  -50.141  49.984 0.0000000000
81612  -32.821  -49.966  49.256 0.0000000000
81613  -31.512  -49.496  47.213 0.0000000000
81614  -31.636  -49.768  47.884 0.0000000000
81770  -40.620  -47.589  36.356 0.0000000000
81771  -40.365  -48.115  36.473 0.0000000000
81772  -40.736  -48.121  36.680 0.0000000000
81773  -40.900  -48.633  36.988 0.0000000000
81774  -41.143  -48.076  36.917 0.0000000000
81775  -41.426  -45.524  36.387 0.0000000000
81776  -41.361  -46.000  36.231 0.0000000000
81777  -41.695  -45.987  36.508 0.0000000000
81778  -42.567  -47.071  37.266 0.0000000000
81779  -42.117  -47.053  37.024 0.0000000000
81780  -42.274  -47.564  37.319 0.0000000000
81781  -42.011  -48.067  37.384 0.0000000000
81782  -42.390  -48.062  37.632 0.0000000000
81783  -42.463  -48.577  37.983 0.0000000000
81784  -42.750  -48.106  37.930 0.0000000000
81785  -43.650  -47.648  38.436 0.0000000000
81786  -43.416  -48.191  38.481 0.0000000000
81787  -43.756  -48.213  38.803 0.0000000000
81788  -43.882  -48.715  39.179 0.0000000000
81789  -44.083  -48.220  39.128 0.0000000000
81790  -41.075  -42.548  38.776 0.0000000000
81791  -41.135  -43.034  38.802 0.0000000000
81792  -41.431  -42.971  38.935 0.0000000000
81793  -42.400  -43.568  39.235 0.0000000000
81794  -42.058  -43.605  39.003 0.0000000000
81795  -42.384  -43.931  39.084 0.0000000000
81796  -42.446  -44.328  38.784 0.0000000000
81797  -42.700  -44.325  39.096 0.0000000000
81798  -43.787  -43.405  39.887 0.0000000000
81799  -43.424  -43.440  39.736 0.0000000000
81800  -43.749  -43.835  39.847 0.0000000000
81801  -43.929  -45.010  39.708 0.0000000000
81802  -43.615  -44.666  39.692 0.0000000000
81803  -43.637  -45.026  39.429 0.0000000000
81804  -43.371  -45.021  39.156 0.0000000000
81805  -43.684  -45.455  39.184 0.0000000000
81806  -43.741  -45.941  38.906 0.0000000000
81807  -44.000  -45.921  39.238 0.0000000000
81808  -44.802  -46.843  39.831 0.0000000000
81809  -44.526  -46.892  39.497 0.0000000000
81810  -44.759  -47.453  39.796 0.0000000000
81811  -44.659  -48.051  39.794 0.0000000000
81812  -44.966  -47.977  40.130 0.0000000000
81813  -45.154  -48.484  40.489 0.0000000000
81814  -45.237  -47.908  40.466 0.0000000000
81815  -45.820  -47.125  41.009 0.0000000000
81816  -45.777  -47.727  41.026 0.0000000000
81817  -46.066  -47.630  41.326 0.0000000000
81818  -46.355  -48.161  41.670 0.0000000000
81819  -46.370  -47.520  41.583 0.0000000000
81820  -46.097  -44.976  41.268 0.0000000000
81821  -46.005  -45.469  41.157 0.0000000000
81823  -47.005  -46.143  42.060 0.0000000000
81825  -46.955  -46.692  42.041 0.0000000000
81826  -46.936  -47.288  42.060 0.0000000000
81827  -47.213  -47.153  42.272 0.0000000000
81828  -47.484  -47.642  42.615 0.0000000000
81829  -47.492  -47.025  42.582 0.0000000000
81830  -48.089  -46.249  43.037 0.0000000000
81831  -48.068  -46.778  43.046 0.0000000000
81832  -48.382  -46.693  43.297 0.0000000000
81833  -48.714  -47.182  43.613 0.0000000000
85477  -50.040  -46.808  44.618 0.0000000000
85478  -50.309  -47.404  44.866 0.0000000000
85479  -50.473  -46.998  44.864 0.0000000000
85480  -51.408  -46.902  45.135 0.0000000000
85481  -51.234  -47.358  45.080 0.0000000000
85482  -51.550  -47.417  45.009 0.0000000000
85483  -51.572  -47.902  44.604 0.0000000000
85484  -51.723  -47.423  44.653 0.0000000000
85485  -52.351  -44.962  45.535 0.0000000000
85486  -52.096  -45.475  45.430 0.0000000000
85487  -52.443  -45.570  45.255 0.0000000000
85488  -52.522  -46.614  43.995 0.0000000000
85489  -52.374  -46.549  44.441 0.0000000000
85490  -52.204  -47.008  43.863 0.0000000000
85491  -51.903  -47.425  43.680 0.0000000000
85492  -51.980  -47.419  43.196 0.0000000000
85493  -51.800  -47.756  42.448 0.0000000000
85494  -52.115  -47.382  42.565 0.0000000000
85495  -52.648  -46.913  41.424 0.0000000000
85496  -52.177  -47.224  41.310 0.0000000000
85497  -52.377  -47.160  40.657 0.0000000000
85498  -52.115  -47.380  39.911 0.0000000000
85499  -52.524  -47.152  40.027 0.0000000000
85500  -54.600  -41.401  45.306 0.0000000000
85501  -54.345  -41.809  45.362 0.0000000000
85502  -54.627  -42.017  45.009 0.0000000000
85504  -54.664  -43.248  44.337 0.0000000000
85505  -54.684  -43.833  43.921 0.0000000000
85506  -54.433  -44.232  43.918 0.0000000000
85518  -53.632  -47.065  38.813 0.0000000000
85519  -53.481  -46.913  39.408 0.0000000000
85520  -53.213  -47.212  38.782 0.0000000000
85521  -52.777  -47.325  38.760 0.0000000000
85522  -53.022  -47.459  38.194 0.0000000000
85523  -52.693  -47.682  37.586 0.0000000000
85524  -53.207  -47.609  37.672 0.0000000000
85525  -54.083  -47.848  36.714 0.0000000000
85526  -53.623  -47.918  36.609 0.0000000000
85527  -53.840  -48.059  36.055 0.0000000000
85528  -53.566  -48.181  35.362 0.0000000000
85529  -54.058  -48.199  35.534 0.0000000000
85530  -55.558  -46.915  36.895 0.0000000000
85531  -55.286  -47.199  36.899 0.0000000000
85532  -55.523  -47.363  36.351 0.0000000000
85592  -57.032  -44.771  36.293 0.0000000000
92204  -49.985  -49.646  44.774 0.0000000000
92205  -50.294  -49.789  44.639 0.0000000000
92206  -50.210  -49.314  44.888 0.0000000000
92207  -50.481  -48.992  45.024 0.0000000000
92208  -50.755  -48.644  45.079 0.0000000000
92209  -48.619  -48.368  43.843 0.0000000000
92210  -48.680  -48.939  43.992 0.0000000000
92211  -49.067  -48.792  44.266 0.0000000000
92212  -49.495  -49.235  44.573 0.0000000000
93734  -49.464  -55.047  39.246 0.0000000000
93736  -49.342  -54.633  39.044 0.0000000000
93737  -49.267  -54.231  38.859 0.0000000000
93738  -49.228  -53.836  38.734 0.0000000000
93739  -50.230  -48.743  38.191 0.0000000000
93740  -49.906  -48.954  37.638 0.0000000000
93741  -50.245  -48.623  37.560 0.0000000000
93742  -50.324  -48.546  36.961 0.0000000000
93743  -50.441  -48.491  36.340 0.0000000000
93745  -50.953  -48.277  36.259 0.0000000000
93746  -51.529  -48.122  36.204 0.0000000000
93747  -52.103  -48.009  36.192 0.0000000000
93748  -43.518  -49.657  39.220 0.0000000000
93749  -43.493  -50.178  39.330 0.0000000000
93750  -43.840  -50.180  39.673 0.0000000000
93751  -44.208  -50.685  40.145 0.0000000000
93752  -44.597  -51.116  40.578 0.0000000000
93753  -50.132  -53.781  42.969 0.0000000000
93754  -50.057  -54.029  43.241 0.0000000000
93755  -50.114  -54.100  42.572 0.0000000000
93756  -50.079  -54.419  42.134 0.0000000000
93757  -50.044  -54.790  41.618 0.0000000000
93758  -49.980  -55.165  41.151 0.0000000000
93759  -49.874  -54.824  40.861 0.0000000000
93760  -49.669  -54.926  40.042 0.0000000000
94315  -26.827  -55.033  49.351 0.0000000000
94316  -26.435  -55.417  49.060 0.0000000000
94317  -26.504  -55.203  48.698 0.0000000000
95767  -34.609  -50.901  53.735 0.0000000000
95768  -33.983  -51.011  53.629 0.0000000000
95769  -33.854  -50.865  53.057 0.0000000000
95770  -33.138  -50.820  52.306 0.0000000000
95771  -32.428  -50.826  51.562 0.0000000000
95772  -31.824  -50.840  50.896 0.0000000000
95773  -32.342  -50.703  51.023 0.0000000000
95774  -32.223  -50.557  50.443 0.0000000000
95775  -32.087  -50.446  49.878 0.0000000000
95795  -33.043  -42.657  51.614 0.0000000000
95796  -32.782  -42.306  51.769 0.0000000000
95797  -33.162  -42.786  52.046 0.0000000000
95799  -33.287  -43.036  52.913 0.0000000000
95801  -33.667  -43.468  53.250 0.0000000000
95802  -34.054  -43.893  53.509 0.0000000000
95803  -34.389  -44.329  53.786 0.0000000000
95804  -34.923  -44.747  54.083 0.0000000000
95805  -34.884  -44.661  53.584 0.0000000000
95806  -35.333  -44.989  53.242 0.0000000000
95807  -35.719  -45.292  52.894 0.0000000000
95808  -33.989  -46.836  45.453 0.0000000000
95809  -33.888  -47.093  45.907 0.0000000000
95810  -33.393  -46.937  45.235 0.0000000000
95811  -32.858  -47.050  44.958 0.0000000000
95812  -32.355  -47.193  44.617 0.0000000000
95839  -39.167  -42.921  38.089 0.0000000000
95846  -40.987  -43.753  38.006 0.0000000000
95847  -41.235  -43.733  38.282 0.0000000000
96583  -52.674  -42.172  45.826 0.0000000000
96584  -52.783  -42.763  45.816 0.0000000000
96585  -53.107  -42.247  45.797 0.0000000000
96586  -53.480  -42.429  45.640 0.0000000000
96587  -53.798  -42.634  45.452 0.0000000000
96592  -55.777  -44.672  38.237 0.0000000000
96593  -55.847  -45.253  37.702 0.0000000000
96594  -55.955  -44.874  37.675 0.0000000000
96595  -56.168  -45.064  37.188 0.0000000000
96596  -56.420  -45.282  36.735 0.0000000000
98054  -50.392  -52.289  42.514 0.0000000000
98055  -50.354  -52.259  41.943 0.0000000000
98056  -50.397  -51.945  42.327 0.0000000000
98057  -50.386  -51.662  42.111 0.0000000000
98058  -50.398  -51.354  41.851 0.0000000000
98059  -50.875  -49.845  42.872 0.0000000000
98060  -50.700  -50.091  42.335 0.0000000000
98061  -50.829  -49.758  42.281 0.0000000000
98062  -50.750  -49.582  41.649 0.0000000000
98063  -50.625  -49.449  41.083 0.0000000000
98064  -50.519  -49.294  40.517 0.0000000000
98065  -50.818  -49.031  41.101 0.0000000000
98066  -50.971  -48.611  40.982 0.0000000000
98067  -51.219  -48.228  40.893 0.0000000000
98068  -46.185  -49.259  41.809 0.0000000000
98069  -46.267  -49.774  42.045 0.0000000000
98070  -46.612  -49.729  42.316 0.0000000000
98071  -46.984  -50.150  42.854 0.0000000000
98072  -47.416  -50.522  43.357 0.0000000000
98073  -49.364  -50.739  44.467 0.0000000000
98074  -49.104  -50.842  44.421 0.0000000000
98075  -49.577  -51.106  44.524 0.0000000000
98076  -49.781  -51.423  44.455 0.0000000000
98077  -49.978  -51.765  44.356 0.0000000000
98078  -50.072  -52.133  44.091 0.0000000000
98079  -50.265  -51.976  43.839 0.0000000000
98080  -50.374  -52.148  43.212 0.0000000000
100114  -32.221  -38.402  49.524 0.0000000000
100116  -31.539  -40.692  48.222 0.0000000000
100117  -31.782  -41.343  48.202 0.0000000000
100118  -31.935  -41.655  48.612 0.0000000000
100119  -32.155  -41.873  49.087 0.0000000000
100120  -32.410  -42.116  49.598 0.0000000000
100121  -32.621  -42.395  49.289 0.0000000000
100122  -33.124  -42.815  49.454 0.0000000000
100123  -33.654  -43.247  49.635 0.0000000000
100124  -34.155  -43.635  49.912 0.0000000000
100125  -33.933  -43.439  49.422 0.0000000000
100126  -34.142  -43.683  49.131 0.0000000000
100127  -34.318  -43.921  48.826 0.0000000000
100129  -34.276  -43.909  47.309 0.0000000000
100130  -34.505  -44.036  46.925 0.0000000000
100131  -34.997  -44.423  46.895 0.0000000000
100132  -35.327  -44.894  46.778 0.0000000000
100133  -35.498  -45.408  46.546 0.0000000000
100134  -35.318  -45.141  46.136 0.0000000000
100135  -35.255  -45.375  45.448 0.0000000000
100136  -35.051  -45.565  44.823 0.0000000000
100137  -34.730  -45.693  44.154 0.0000000000
100138  -35.017  -45.360  44.519 0.0000000000
100139  -34.943  -45.106  44.226 0.0000000000
100140  -34.907  -44.930  43.888 0.0000000000
100164  -40.311  -41.065  38.300 0.0000000000
100165  -40.203  -40.663  38.216 0.0000000000
100166  -40.570  -40.568  38.284 0.0000000000
100167  -40.987  -40.501  38.411 0.0000000000
100903  -54.648  -38.529  44.955 0.0000000000
100904  -54.824  -39.140  45.084 0.0000000000
100905  -55.048  -38.626  44.796 0.0000000000
100906  -55.403  -38.756  44.518 0.0000000000
100907  -55.714  -38.903  44.197 0.0000000000
102658  -49.672  -51.910  39.461 0.0000000000
102659  -49.394  -52.283  38.980 0.0000000000
102660  -49.483  -51.841  38.866 0.0000000000
102661  -49.334  -51.780  38.252 0.0000000000
102662  -49.162  -51.737  37.625 0.0000000000
102663  -49.251  -50.335  35.988 0.0000000000
102664  -49.118  -50.772  36.098 0.0000000000
102685  -40.862  -49.726  36.819 0.0000000000
102686  -41.109  -50.175  36.729 0.0000000000
102687  -41.332  -50.215  37.124 0.0000000000
102688  -41.734  -50.701  37.423 0.0000000000
102689  -42.247  -51.181  37.776 0.0000000000
102690  -44.110  -51.991  39.419 0.0000000000
102691  -43.800  -51.996  39.088 0.0000000000
102692  -44.360  -52.424  39.445 0.0000000000
102693  -44.597  -52.883  39.458 0.0000000000
102694  -44.755  -53.374  39.433 0.0000000000
102695  -44.869  -53.870  39.419 0.0000000000
102696  -45.205  -53.791  39.774 0.0000000000
102697  -45.634  -54.157  40.134 0.0000000000
102698  -46.060  -54.577  40.495 0.0000000000
102699  -46.658  -51.687  42.814 0.0000000000
102700  -46.287  -51.741  42.391 0.0000000000
102701  -46.878  -52.094  42.921 0.0000000000
102702  -47.098  -52.505  42.957 0.0000000000
102703  -47.285  -52.912  42.975 0.0000000000
102704  -49.090  -54.871  43.286 0.0000000000
102705  -48.623  -54.604  43.264 0.0000000000
102706  -48.779  -55.034  43.045 0.0000000000
102707  -48.403  -55.101  42.742 0.0000000000
102708  -47.998  -55.124  42.430 0.0000000000
102709  -47.661  -55.213  42.075 0.0000000000
102710  -48.057  -55.568  42.315 0.0000000000
102711  -48.088  -56.007  42.229 0.0000000000
102712  -48.138  -56.403  42.044 0.0000000000
102713  -48.155  -56.792  41.873 0.0000000000
102714  -48.530  -56.691  41.986 0.0000000000
102715  -48.852  -56.955  41.738 0.0000000000
102716  -49.127  -57.166  41.365 0.0000000000
106857  -42.176  -52.105  36.532 0.0000000000
106858  -41.895  -52.146  36.137 0.0000000000
106859  -42.354  -52.631  36.539 0.0000000000
106860  -42.481  -53.243  36.619 0.0000000000
106861  -42.535  -53.846  36.714 0.0000000000
108277  -48.157  -45.692  43.074 0.0000000000
108278  -48.557  -45.719  43.463 0.0000000000
108279  -48.387  -45.332  43.255 0.0000000000
108280  -48.652  -44.984  43.436 0.0000000000
108285  -49.630  -42.597  44.036 0.0000000000
108286  -50.091  -42.489  44.378 0.0000000000
108287  -50.570  -42.494  44.837 0.0000000000
108288  -50.354  -42.143  44.626 0.0000000000
108289  -50.592  -41.688  44.742 0.0000000000
108290  -50.800  -41.221  44.857 0.0000000000
108299  -49.441  -39.386  44.195 0.0000000000
108300  -49.871  -39.711  44.440 0.0000000000
108301  -50.289  -39.946  44.687 0.0000000000
108302  -50.464  -39.558  44.664 0.0000000000
108303  -51.081  -39.424  44.869 0.0000000000
108304  -51.688  -39.240  45.020 0.0000000000
108305  -52.292  -39.051  45.127 0.0000000000
108306  -51.877  -38.855  44.741 0.0000000000
108307  -52.175  -38.562  44.480 0.0000000000
108308  -52.513  -38.204  44.070 0.0000000000
108730  -29.015  -54.726  53.506 0.0000000000
108731  -28.601  -54.725  52.877 0.0000000000
108732  -28.152  -54.784  52.185 0.0000000000
108733  -28.716  -54.528  52.461 0.0000000000
108734  -28.824  -54.282  52.118 0.0000000000
108735  -28.892  -54.008  51.812 0.0000000000
108741  -31.788  -51.665  52.725 0.0000000000
108742  -31.896  -51.884  53.261 0.0000000000
108743  -31.290  -51.815  52.492 0.0000000000
108744  -30.775  -52.000  52.214 0.0000000000
108745  -30.233  -52.253  51.926 0.0000000000
108746  -29.736  -52.614  51.702 0.0000000000
108747  -29.693  -52.285  51.279 0.0000000000
108748  -29.213  -52.315  50.605 0.0000000000
108749  -28.715  -52.481  49.847 0.0000000000
108750  -28.224  -52.473  49.077 0.0000000000
108751  -28.606  -52.152  49.377 0.0000000000
108752  -28.528  -51.819  48.894 0.0000000000
108753  -28.463  -51.511  48.392 0.0000000000
108823  -31.271  -40.630  51.918 0.0000000000
108824  -31.273  -39.938  51.909 0.0000000000
108825  -30.935  -40.147  51.772 0.0000000000
108855  -37.516  -48.767  53.988 0.0000000000
108856  -37.106  -49.162  53.195 0.0000000000
108857  -36.484  -49.417  52.366 0.0000000000
108858  -35.923  -45.323  50.536 0.0000000000
108859  -36.127  -45.492  51.048 0.0000000000
108860  -36.244  -45.765  50.522 0.0000000000
108861  -36.533  -46.351  50.391 0.0000000000
108862  -36.588  -46.963  50.233 0.0000000000
108863  -34.123  -48.139  47.925 0.0000000000
108864  -34.799  -48.199  48.614 0.0000000000
108865  -34.255  -48.451  48.369 0.0000000000
108866  -34.420  -48.723  48.862 0.0000000000
108867  -34.516  -49.000  49.319 0.0000000000
108868  -34.709  -49.248  49.811 0.0000000000
108869  -34.084  -49.164  49.090 0.0000000000
108870  -33.634  -49.327  48.867 0.0000000000
108871  -33.169  -49.518  48.710 0.0000000000
108872  -32.694  -49.718  48.607 0.0000000000
108873  -32.593  -49.421  48.023 0.0000000000
108874  -31.973  -49.309  47.328 0.0000000000
108966  -39.907  -47.661  35.986 0.0000000000
108968  -40.530  -47.139  36.043 0.0000000000
108969  -40.893  -47.145  36.274 0.0000000000
108970  -42.081  -45.446  37.027 0.0000000000
108971  -42.059  -45.969  36.826 0.0000000000
108972  -42.399  -45.975  37.117 0.0000000000
108973  -42.672  -46.508  37.293 0.0000000000
108974  -42.897  -47.048  37.561 0.0000000000
108975  -43.015  -47.599  37.863 0.0000000000
108976  -43.192  -47.051  37.866 0.0000000000
108977  -43.463  -47.047  38.172 0.0000000000
108978  -43.740  -47.028  38.500 0.0000000000
108979  -41.819  -42.355  38.934 0.0000000000
108980  -41.741  -42.812  39.036 0.0000000000
108982  -42.415  -43.157  39.313 0.0000000000
108983  -42.740  -43.487  39.409 0.0000000000
108985  -43.998  -44.175  39.968 0.0000000000
108987  -44.265  -44.953  39.920 0.0000000000
108988  -44.251  -45.383  39.749 0.0000000000
108989  -44.274  -45.869  39.559 0.0000000000
108990  -44.569  -45.802  39.837 0.0000000000
108991  -44.844  -46.283  39.950 0.0000000000
108992  -45.076  -46.776  40.151 0.0000000000
108993  -45.284  -47.288  40.419 0.0000000000
108994  -45.315  -46.709  40.448 0.0000000000
108995  -45.591  -46.635  40.720 0.0000000000
108996  -45.901  -46.551  40.989 0.0000000000
108999  -46.932  -45.246  41.938 0.0000000000
109000  -47.113  -45.636  42.097 0.0000000000
109001  -47.291  -46.016  42.264 0.0000000000
109002  -47.496  -46.445  42.527 0.0000000000
109003  -47.580  -45.914  42.503 0.0000000000
109004  -47.876  -45.856  42.825 0.0000000000
111190  -50.433  -45.953  44.805 0.0000000000
111191  -50.659  -46.551  44.902 0.0000000000
111192  -50.828  -46.093  45.026 0.0000000000
111193  -51.222  -46.284  45.156 0.0000000000
111194  -51.583  -46.395  45.234 0.0000000000
111195  -53.053  -45.165  45.061 0.0000000000
111196  -52.750  -45.610  44.967 0.0000000000
111197  -53.008  -45.680  44.586 0.0000000000
111198  -52.874  -46.196  44.096 0.0000000000
111200  -52.440  -46.971  42.693 0.0000000000
111202  -52.894  -46.649  42.183 0.0000000000
111203  -53.089  -46.649  41.518 0.0000000000
111204  -55.113  -41.722  44.536 0.0000000000
111205  -54.868  -42.180  44.616 0.0000000000
111206  -55.082  -42.358  44.121 0.0000000000
111215  -54.276  -46.456  39.503 0.0000000000
111216  -54.049  -46.855  38.900 0.0000000000
111217  -53.873  -47.187  38.303 0.0000000000
111218  -53.681  -47.500  37.729 0.0000000000
111219  -54.109  -47.338  37.798 0.0000000000
111220  -54.305  -47.519  37.328 0.0000000000
111221  -54.566  -47.673  36.830 0.0000000000
111222  -56.037  -47.254  35.858 0.0000000000
111223  -55.777  -47.522  35.814 0.0000000000
111259  -57.278  -44.989  35.913 0.0000000000
115304  -50.342  -51.110  43.862 0.0000000000
115305  -50.448  -51.143  43.406 0.0000000000
115306  -50.442  -50.883  43.668 0.0000000000
115307  -50.543  -50.603  43.546 0.0000000000
115308  -50.680  -50.267  43.502 0.0000000000
115309  -50.595  -49.903  44.434 0.0000000000
115310  -50.763  -49.911  43.985 0.0000000000
115311  -50.866  -49.898  43.429 0.0000000000
115312  -51.035  -49.521  43.397 0.0000000000
115313  -51.218  -49.142  43.430 0.0000000000
115314  -51.398  -48.728  43.328 0.0000000000
115315  -47.417  -48.813  42.864 0.0000000000
115316  -47.532  -49.362  43.115 0.0000000000
115317  -47.814  -49.266  43.287 0.0000000000
115318  -48.237  -49.662  43.725 0.0000000000
115319  -48.677  -50.000  44.163 0.0000000000
115320  -48.815  -49.406  44.190 0.0000000000
115321  -48.973  -49.885  44.330 0.0000000000
115322  -49.156  -50.361  44.431 0.0000000000
115323  -49.607  -50.630  44.469 0.0000000000
115324  -50.039  -50.886  44.284 0.0000000000
116907  -31.258  -39.312  47.347 0.0000000000
116915  -33.128  -42.932  47.987 0.0000000000
116917  -33.081  -42.927  47.174 0.0000000000
116924  -34.233  -43.830  45.674 0.0000000000
116925  -34.435  -44.035  45.205 0.0000000000
118885  -49.764  -50.398  38.706 0.0000000000
118886  -49.625  -50.662  38.317 0.0000000000
118887  -49.638  -50.236  38.106 0.0000000000
118888  -49.569  -50.159  37.534 0.0000000000
118889  -49.513  -50.097  36.913 0.0000000000
118890  -49.762  -49.302  37.254 0.0000000000
118891  -49.601  -49.622  36.841 0.0000000000
118892  -49.448  -49.984  36.400 0.0000000000
118906  -42.116  -49.586  38.064 0.0000000000
118907  -42.164  -50.127  38.110 0.0000000000
118908  -42.503  -50.129  38.397 0.0000000000
118909  -42.917  -50.654  38.707 0.0000000000
118910  -43.361  -51.148  39.050 0.0000000000
118911  -43.546  -50.703  39.413 0.0000000000
118912  -43.684  -51.162  39.439 0.0000000000
118913  -43.876  -51.594  39.427 0.0000000000
118914  -44.398  -51.964  39.818 0.0000000000
118915  -44.921  -52.351  40.205 0.0000000000
118916  -45.490  -52.776  40.658 0.0000000000
118917  -48.929  -52.861  44.260 0.0000000000
118918  -48.597  -53.090  44.008 0.0000000000
118919  -49.038  -53.393  44.130 0.0000000000
118920  -49.127  -53.862  43.971 0.0000000000
118921  -49.272  -54.292  43.724 0.0000000000
118922  -49.899  -54.291  43.394 0.0000000000
118923  -49.673  -54.512  43.448 0.0000000000
118924  -49.415  -54.712  43.387 0.0000000000
118925  -49.523  -55.106  43.050 0.0000000000
118926  -49.568  -55.477  42.662 0.0000000000
118927  -49.562  -55.863  42.301 0.0000000000
118928  -49.586  -56.236  41.933 0.0000000000
118929  -49.794  -55.984  41.842 0.0000000000
118930  -49.877  -56.108  41.220 0.0000000000
118931  -49.841  -56.203  40.542 0.0000000000
118932  -49.923  -55.517  40.707 0.0000000000
118933  -49.829  -55.893  40.291 0.0000000000
118934  -49.717  -56.291  39.859 0.0000000000
120229  -26.472  -55.993  50.529 0.0000000000
120234  -26.043  -55.826  48.722 0.0000000000
122151  -43.694  -54.127  38.094 0.0000000000
122152  -43.448  -54.201  37.799 0.0000000000
122153  -43.805  -54.662  38.178 0.0000000000
123617  -32.960  -51.543  53.719 0.0000000000
123618  -33.376  -51.162  53.383 0.0000000000
123619  -32.825  -51.329  53.179 0.0000000000
123620  -32.293  -51.515  52.951 0.0000000000
123621  -31.671  -51.476  52.231 0.0000000000
123622  -31.085  -51.411  51.530 0.0000000000
123623  -30.535  -51.303  50.823 0.0000000000
123624  -29.984  -51.329  50.110 0.0000000000
123625  -30.427  -51.160  50.311 0.0000000000
123626  -30.341  -51.003  49.799 0.0000000000
123627  -30.240  -50.831  49.278 0.0000000000
123628  -31.238  -50.808  50.201 0.0000000000
123629  -30.659  -50.742  49.475 0.0000000000
123630  -30.124  -50.625  48.722 0.0000000000
123631  -30.023  -50.369  48.130 0.0000000000
123677  -32.097  -40.281  51.119 0.0000000000
123679  -32.082  -40.439  51.473 0.0000000000
123680  -32.031  -40.653  51.722 0.0000000000
123681  -31.953  -40.783  51.888 0.0000000000
123682  -32.525  -41.830  51.935 0.0000000000
123683  -32.183  -41.389  52.003 0.0000000000
123684  -31.731  -41.031  51.967 0.0000000000
123685  -31.474  -41.263  52.033 0.0000000000
123686  -31.231  -41.458  52.012 0.0000000000
123687  -30.859  -41.629  51.898 0.0000000000
123688  -30.587  -41.772  51.912 0.0000000000
123695  -32.956  -44.065  54.081 0.0000000000
123706  -37.285  -46.876  53.710 0.0000000000
123707  -37.393  -47.243  53.087 0.0000000000
123708  -35.915  -46.523  48.194 0.0000000000
123709  -36.020  -46.755  48.671 0.0000000000
123710  -35.688  -47.018  48.004 0.0000000000
123711  -35.136  -47.351  47.757 0.0000000000
123712  -34.541  -47.647  47.519 0.0000000000
123713  -33.870  -47.285  46.376 0.0000000000
123714  -33.909  -47.565  46.888 0.0000000000
123715  -34.017  -47.838  47.411 0.0000000000
123716  -33.533  -48.003  47.213 0.0000000000
123717  -33.042  -48.170  46.949 0.0000000000
123718  -32.624  -48.333  46.595 0.0000000000
123720  -32.063  -48.257  45.819 0.0000000000
123721  -31.569  -48.142  45.097 0.0000000000
123793  -40.799  -45.121  36.145 0.0000000000
123794  -41.109  -45.098  36.351 0.0000000000
123795  -41.433  -45.073  36.655 0.0000000000
123796  -41.067  -44.446  37.171 0.0000000000
123797  -41.397  -44.741  37.072 0.0000000000
123798  -41.733  -45.063  37.023 0.0000000000
123799  -42.018  -45.066  37.364 0.0000000000
123800  -42.312  -45.054  37.691 0.0000000000
123801  -42.617  -45.068  38.078 0.0000000000
123805  -43.881  -42.943  39.873 0.0000000000
125521  -51.408  -44.147  45.663 0.0000000000
125522  -51.580  -44.749  45.598 0.0000000000
125523  -51.817  -44.231  45.789 0.0000000000
125524  -52.238  -44.341  45.749 0.0000000000
125525  -52.633  -44.473  45.685 0.0000000000
125526  -52.876  -43.343  45.763 0.0000000000
125527  -52.947  -43.968  45.663 0.0000000000
125528  -53.033  -44.599  45.435 0.0000000000
125529  -53.392  -44.685  45.082 0.0000000000
125530  -53.676  -44.763  44.605 0.0000000000
125531  -53.891  -44.874  44.059 0.0000000000
125541  -55.267  -45.655  39.086 0.0000000000
125542  -55.158  -46.135  38.498 0.0000000000
125543  -55.121  -46.617  37.942 0.0000000000
125544  -55.344  -46.252  37.992 0.0000000000
125545  -55.555  -46.410  37.466 0.0000000000
125546  -55.777  -46.610  36.903 0.0000000000
125547  -55.878  -45.774  37.364 0.0000000000
125548  -55.954  -46.300  36.899 0.0000000000
125549  -56.016  -46.804  36.365 0.0000000000
125550  -56.253  -46.974  35.855 0.0000000000
128924  -49.888  -53.640  40.952 0.0000000000
128925  -49.695  -53.597  40.339 0.0000000000
128926  -49.861  -53.243  40.745 0.0000000000
128927  -49.898  -52.808  40.506 0.0000000000
128928  -49.848  -52.380  40.196 0.0000000000
128929  -50.216  -52.165  41.323 0.0000000000
128930  -50.061  -52.053  40.663 0.0000000000
128931  -49.882  -51.965  40.053 0.0000000000
128932  -49.903  -51.591  39.864 0.0000000000
128933  -49.894  -51.246  39.630 0.0000000000
128934  -49.884  -50.901  39.427 0.0000000000
128935  -50.476  -51.161  42.836 0.0000000000
128936  -50.485  -51.115  42.184 0.0000000000
128937  -50.402  -51.002  41.604 0.0000000000
128938  -50.530  -50.358  41.858 0.0000000000
128939  -50.398  -50.635  41.407 0.0000000000
128940  -50.312  -50.894  41.022 0.0000000000
128941  -50.147  -50.763  40.399 0.0000000000
128942  -50.008  -50.656  39.832 0.0000000000
128943  -49.892  -50.534  39.273 0.0000000000
128944  -49.893  -50.146  39.122 0.0000000000
128945  -49.868  -49.724  39.004 0.0000000000
128946  -50.006  -49.303  38.853 0.0000000000
128947  -50.375  -49.144  39.908 0.0000000000
128948  -50.288  -49.015  39.336 0.0000000000
128949  -50.265  -48.912  38.817 0.0000000000
128950  -50.559  -48.466  38.711 0.0000000000
128951  -50.935  -48.093  38.632 0.0000000000
128952  -51.392  -47.807  38.510 0.0000000000
128953  -44.904  -49.624  40.591 0.0000000000
128954  -44.880  -50.140  40.753 0.0000000000
128955  -45.261  -50.055  41.066 0.0000000000
128956  -45.599  -50.476  41.572 0.0000000000
128957  -46.034  -50.889  42.121 0.0000000000
128958  -46.317  -50.320  42.263 0.0000000000
128959  -46.397  -50.821  42.462 0.0000000000
128960  -46.525  -51.259  42.647 0.0000000000
128961  -47.052  -51.608  43.150 0.0000000000
128962  -47.634  -51.886  43.601 0.0000000000
128963  -48.210  -52.167  43.988 0.0000000000
128964  -47.646  -49.928  43.334 0.0000000000
128965  -47.761  -50.419  43.596 0.0000000000
128966  -47.918  -50.857  43.828 0.0000000000
128967  -48.789  -50.974  44.330 0.0000000000
128968  -48.419  -51.155  44.182 0.0000000000
128969  -48.140  -51.295  44.013 0.0000000000
128970  -48.348  -51.683  44.177 0.0000000000
128971  -48.544  -52.020  44.244 0.0000000000
128972  -48.745  -52.403  44.275 0.0000000000
128973  -49.222  -52.661  44.382 0.0000000000
128974  -49.613  -52.942  44.192 0.0000000000
128975  -49.938  -53.242  43.861 0.0000000000
128976  -50.119  -52.564  43.833 0.0000000000
128977  -50.133  -53.078  43.568 0.0000000000
128978  -50.128  -53.421  43.293 0.0000000000
128979  -50.191  -53.498  42.612 0.0000000000
128980  -50.102  -53.551  41.817 0.0000000000
130150  -26.982  -53.901  47.730 0.0000000000
131889  -46.451  -57.294  40.812 0.0000000000
133228  -35.151  -50.784  53.874 0.0000000000
133229  -34.918  -50.643  53.280 0.0000000000
133230  -34.733  -50.503  52.681 0.0000000000
133270  -32.160  -39.428  50.926 0.0000000000
133273  -31.868  -39.038  49.302 0.0000000000
133274  -31.546  -40.231  48.659 0.0000000000
133275  -31.666  -39.768  49.176 0.0000000000
133276  -31.895  -39.363  49.625 0.0000000000
133277  -31.940  -39.606  50.070 0.0000000000
133278  -31.962  -39.895  50.335 0.0000000000
133279  -32.005  -40.047  50.765 0.0000000000
133280  -32.062  -40.685  50.731 0.0000000000
133281  -32.275  -41.393  50.804 0.0000000000
133282  -32.569  -42.042  50.924 0.0000000000
133283  -32.556  -42.321  50.068 0.0000000000
133284  -32.814  -42.506  50.649 0.0000000000
133285  -32.961  -42.597  51.133 0.0000000000
133286  -33.356  -43.042  51.336 0.0000000000
133287  -33.781  -43.462  51.546 0.0000000000
133288  -34.287  -43.854  51.717 0.0000000000
133289  -34.789  -44.254  51.914 0.0000000000
133290  -34.699  -44.098  51.361 0.0000000000
133291  -35.061  -44.328  51.071 0.0000000000
133292  -35.364  -44.553  50.795 0.0000000000
133293  -34.660  -43.991  50.125 0.0000000000
133294  -35.124  -44.329  50.309 0.0000000000
133295  -35.542  -44.845  50.476 0.0000000000
133296  -35.718  -45.105  50.078 0.0000000000
133297  -35.862  -45.370  49.637 0.0000000000
133298  -36.039  -45.662  49.033 0.0000000000
133299  -33.643  -43.306  48.168 0.0000000000
133300  -34.074  -43.726  48.344 0.0000000000
133301  -34.488  -44.110  48.528 0.0000000000
133302  -34.492  -44.103  47.733 0.0000000000
133303  -34.766  -44.304  48.174 0.0000000000
133304  -34.968  -44.496  48.650 0.0000000000
133305  -35.430  -44.935  48.701 0.0000000000
133306  -35.816  -45.485  48.580 0.0000000000
133307  -35.961  -45.981  48.389 0.0000000000
133308  -35.793  -46.225  47.758 0.0000000000
133309  -35.499  -46.432  47.148 0.0000000000
133310  -35.082  -46.586  46.437 0.0000000000
133311  -35.424  -45.890  46.283 0.0000000000
133312  -35.154  -46.343  45.962 0.0000000000
133313  -34.640  -46.638  45.724 0.0000000000
133321  -34.376  -45.736  43.450 0.0000000000
133327  -34.672  -44.310  44.700 0.0000000000
133328  -34.778  -44.545  44.174 0.0000000000
133332  -34.797  -44.902  42.885 0.0000000000
133333  -34.592  -44.983  42.216 0.0000000000
133334  -34.274  -44.994  41.475 0.0000000000
133373  -40.078  -42.242  38.393 0.0000000000
133374  -40.467  -42.679  38.579 0.0000000000
133375  -40.399  -42.190  38.485 0.0000000000
133376  -40.729  -42.143  38.550 0.0000000000
133377  -41.092  -42.022  38.656 0.0000000000
133378  -40.721  -41.336  38.395 0.0000000000
133379  -41.102  -41.615  38.520 0.0000000000
133380  -41.478  -41.939  38.737 0.0000000000
133381  -41.871  -41.887  38.807 0.0000000000
133384  -40.350  -39.715  38.190 0.0000000000
133385  -40.826  -40.068  38.343 0.0000000000
133386  -41.336  -40.378  38.487 0.0000000000
133387  -41.559  -39.969  38.630 0.0000000000
133388  -41.689  -40.360  38.634 0.0000000000
133389  -41.772  -40.696  38.590 0.0000000000
134938  -53.658  -40.393  45.786 0.0000000000
134939  -53.806  -40.948  45.731 0.0000000000
134940  -54.065  -40.552  45.646 0.0000000000
134941  -54.463  -40.755  45.439 0.0000000000
134942  -54.814  -40.954  45.178 0.0000000000
134943  -54.939  -39.797  45.094 0.0000000000
134944  -55.000  -40.456  45.022 0.0000000000
134945  -55.077  -41.108  44.813 0.0000000000
134946  -55.333  -41.252  44.356 0.0000000000
134949  -55.812  -37.742  43.882 0.0000000000
134950  -55.884  -38.373  43.955 0.0000000000
138613  -49.491  -53.547  39.714 0.0000000000
138614  -49.340  -53.481  39.112 0.0000000000
138615  -49.125  -53.439  38.499 0.0000000000
138616  -49.256  -52.654  38.569 0.0000000000
138617  -49.121  -53.032  38.191 0.0000000000
138618  -48.966  -53.382  37.829 0.0000000000
138619  -48.827  -53.350  37.203 0.0000000000
138622  -49.453  -50.979  37.892 0.0000000000
138623  -49.242  -51.321  37.460 0.0000000000
138624  -48.983  -51.668  37.046 0.0000000000
138625  -48.943  -51.197  36.217 0.0000000000
138626  -48.822  -51.607  36.418 0.0000000000
138627  -48.751  -52.057  36.620 0.0000000000
138628  -48.585  -52.457  36.222 0.0000000000
138667  -39.952  -49.695  35.347 0.0000000000
138671  -41.367  -51.134  36.239 0.0000000000
138672  -41.312  -50.657  36.660 0.0000000000
138673  -41.573  -51.139  36.616 0.0000000000
138674  -41.900  -51.603  36.563 0.0000000000
138675  -42.397  -52.122  36.913 0.0000000000
138676  -42.855  -52.650  37.278 0.0000000000
138677  -43.210  -53.136  37.655 0.0000000000
138678  -42.285  -50.680  38.141 0.0000000000
138679  -42.520  -51.192  38.144 0.0000000000
138680  -42.762  -51.646  38.101 0.0000000000
138681  -43.514  -52.002  38.749 0.0000000000
138682  -43.257  -52.041  38.408 0.0000000000
138683  -43.009  -52.132  38.052 0.0000000000
138684  -43.217  -52.609  38.034 0.0000000000
138685  -43.415  -53.105  38.017 0.0000000000
138686  -43.575  -53.606  38.018 0.0000000000
138687  -43.946  -54.086  38.388 0.0000000000
138688  -44.295  -54.538  38.780 0.0000000000
138689  -44.652  -54.954  39.120 0.0000000000
138690  -44.945  -54.345  39.456 0.0000000000
138691  -44.993  -54.857  39.455 0.0000000000
138692  -45.030  -55.356  39.444 0.0000000000
138693  -45.405  -55.732  39.787 0.0000000000
138694  -45.727  -56.127  40.135 0.0000000000
138695  -46.055  -56.491  40.520 0.0000000000
138696  -44.880  -50.609  40.860 0.0000000000
138697  -44.941  -51.087  40.956 0.0000000000
138698  -45.104  -51.507  41.031 0.0000000000
138699  -45.942  -51.797  41.946 0.0000000000
138700  -45.622  -51.859  41.522 0.0000000000
138701  -45.315  -51.928  41.080 0.0000000000
138702  -45.535  -52.334  41.122 0.0000000000
138703  -45.823  -52.754  41.132 0.0000000000
138704  -46.104  -53.176  41.130 0.0000000000
138705  -48.215  -53.208  43.685 0.0000000000
138706  -47.856  -53.280  43.329 0.0000000000
138707  -47.505  -53.377  42.909 0.0000000000
138708  -48.168  -54.237  43.073 0.0000000000
138709  -47.685  -53.843  42.754 0.0000000000
138710  -47.194  -53.479  42.470 0.0000000000
138711  -46.918  -53.514  42.021 0.0000000000
138712  -46.557  -53.531  41.532 0.0000000000
138713  -46.228  -53.587  41.061 0.0000000000
138714  -46.357  -54.053  40.993 0.0000000000
138715  -46.416  -54.519  40.946 0.0000000000
138716  -46.446  -54.939  40.881 0.0000000000
138717  -47.244  -55.258  41.694 0.0000000000
138718  -46.835  -55.300  41.276 0.0000000000
138719  -46.454  -55.365  40.820 0.0000000000
138720  -46.464  -55.861  40.832 0.0000000000
138721  -46.464  -56.364  40.830 0.0000000000
138722  -46.474  -56.861  40.829 0.0000000000
138723  -46.831  -57.197  41.077 0.0000000000
138724  -47.221  -57.471  41.287 0.0000000000
138726  -48.090  -57.223  41.620 0.0000000000
138727  -47.999  -57.585  41.434 0.0000000000
138732  -49.519  -56.596  41.569 0.0000000000
138733  -49.401  -56.955  41.223 0.0000000000
138734  -49.252  -57.324  40.904 0.0000000000
140054  -32.799  -37.000  48.613 0.0000000000
147141  -43.195  -54.286  37.480 0.0000000000
147142  -42.912  -54.396  37.139 0.0000000000
147143  -42.558  -54.468  36.824 0.0000000000
147146  -42.231  -54.589  36.582 0.0000000000
147147  -41.852  -54.697  36.331 0.0000000000
147148  -41.430  -54.775  36.090 0.0000000000
149983  -49.340  -47.516  44.226 0.0000000000
149984  -49.760  -47.597  44.581 0.0000000000
149985  -49.452  -47.110  44.264 0.0000000000
149986  -49.590  -46.736  44.306 0.0000000000
149987  -49.743  -46.365  44.331 0.0000000000
149988  -49.006  -45.807  43.798 0.0000000000
149989  -49.462  -45.894  44.086 0.0000000000
149990  -49.926  -45.950  44.475 0.0000000000
149991  -50.176  -45.520  44.659 0.0000000000
149992  -50.431  -45.083  44.900 0.0000000000
149993  -50.656  -44.670  45.136 0.0000000000
149998  -49.332  -43.875  44.032 0.0000000000
149999  -49.546  -44.276  44.219 0.0000000000
150000  -49.988  -44.265  44.593 0.0000000000
150001  -50.435  -44.260  44.977 0.0000000000
150002  -50.925  -44.212  45.386 0.0000000000
150003  -51.167  -43.735  45.553 0.0000000000
150004  -51.466  -43.254  45.622 0.0000000000
150005  -51.797  -42.773  45.663 0.0000000000
150006  -51.097  -42.394  45.159 0.0000000000
150007  -51.604  -42.348  45.478 0.0000000000
150008  -52.139  -42.307  45.755 0.0000000000
150009  -52.428  -41.816  45.742 0.0000000000
150010  -52.685  -41.325  45.761 0.0000000000
150011  -52.929  -40.840  45.816 0.0000000000
150030  -49.919  -40.971  44.264 0.0000000000
150031  -50.453  -40.890  44.652 0.0000000000
150032  -50.976  -40.807  45.018 0.0000000000
150033  -50.696  -40.163  44.926 0.0000000000
150034  -51.103  -40.381  45.160 0.0000000000
150035  -51.498  -40.657  45.319 0.0000000000
150036  -52.091  -40.567  45.567 0.0000000000
150037  -52.669  -40.434  45.772 0.0000000000
150038  -53.142  -40.360  45.844 0.0000000000
150039  -53.352  -40.011  45.781 0.0000000000
150040  -53.602  -39.534  45.720 0.0000000000
150041  -53.867  -39.067  45.533 0.0000000000
150042  -52.946  -39.008  45.218 0.0000000000
150043  -53.563  -38.836  45.284 0.0000000000
150044  -54.123  -38.637  45.210 0.0000000000
150045  -54.340  -38.211  44.826 0.0000000000
150046  -54.595  -37.740  44.408 0.0000000000
150047  -54.882  -37.295  44.033 0.0000000000
150880  -26.851  -56.574  53.827 0.0000000000
150881  -26.520  -56.662  53.145 0.0000000000
150883  -26.365  -56.565  52.206 0.0000000000
150884  -26.513  -56.400  51.901 0.0000000000
150885  -26.624  -56.187  51.590 0.0000000000
150890  -28.211  -55.415  53.876 0.0000000000
150891  -27.728  -55.686  53.504 0.0000000000
150892  -27.336  -55.746  52.855 0.0000000000
150893  -26.992  -55.836  52.082 0.0000000000
150894  -26.701  -55.895  51.330 0.0000000000
150895  -26.769  -55.685  51.003 0.0000000000
150896  -26.892  -55.445  50.714 0.0000000000
150897  -26.967  -55.200  50.435 0.0000000000
150898  -27.730  -54.884  51.472 0.0000000000
150899  -27.404  -54.924  50.810 0.0000000000
150900  -27.057  -54.952  50.103 0.0000000000
150901  -27.202  -54.689  49.693 0.0000000000
150902  -27.229  -54.433  49.279 0.0000000000
150903  -27.219  -54.212  48.891 0.0000000000
150916  -31.900  -52.169  53.612 0.0000000000
150917  -32.018  -52.468  54.071 0.0000000000
150920  -30.854  -53.247  53.770 0.0000000000
150921  -30.312  -53.533  53.487 0.0000000000
150922  -29.823  -53.527  52.829 0.0000000000
150923  -29.348  -53.644  52.163 0.0000000000
150924  -28.917  -53.707  51.473 0.0000000000
150925  -29.297  -52.990  51.446 0.0000000000
150926  -28.921  -53.361  51.093 0.0000000000
150927  -28.539  -53.742  50.691 0.0000000000
150928  -28.062  -53.798  49.957 0.0000000000
150929  -27.613  -53.843  49.235 0.0000000000
150930  -27.250  -53.875  48.473 0.0000000000
150931  -27.257  -53.549  48.061 0.0000000000
150932  -27.236  -53.252  47.643 0.0000000000
150934  -27.804  -52.506  48.342 0.0000000000
150935  -27.440  -52.546  47.533 0.0000000000
150940  -29.482  -51.273  49.427 0.0000000000
150941  -28.906  -51.229  48.637 0.0000000000
150945  -27.921  -51.253  47.154 0.0000000000
151102  -30.321  -42.025  51.919 0.0000000000
151144  -35.922  -50.351  53.409 0.0000000000
151145  -35.228  -50.342  52.668 0.0000000000
151146  -34.572  -50.326  51.993 0.0000000000
151147  -35.245  -44.648  52.147 0.0000000000
151148  -35.699  -45.181  52.384 0.0000000000
151149  -36.104  -45.594  52.522 0.0000000000
151150  -36.290  -45.664  51.518 0.0000000000
151151  -36.415  -45.913  52.033 0.0000000000
151152  -36.560  -46.050  52.598 0.0000000000
151153  -36.949  -46.518  52.631 0.0000000000
151154  -37.222  -47.040  52.536 0.0000000000
151155  -37.268  -47.635  52.411 0.0000000000
151156  -36.139  -47.024  49.059 0.0000000000
151157  -36.313  -47.324  49.567 0.0000000000
151158  -36.448  -47.558  50.001 0.0000000000
151159  -35.463  -48.184  49.283 0.0000000000
151160  -36.086  -48.021  49.894 0.0000000000
151161  -36.627  -47.722  50.544 0.0000000000
151162  -36.769  -47.947  51.082 0.0000000000
151163  -36.932  -48.089  51.643 0.0000000000
151164  -37.134  -48.238  52.210 0.0000000000
151165  -36.751  -48.797  52.012 0.0000000000
151166  -36.290  -49.256  51.798 0.0000000000
151167  -35.852  -49.588  51.602 0.0000000000
151168  -34.922  -49.486  50.257 0.0000000000
151169  -35.130  -49.680  50.819 0.0000000000
151170  -35.338  -49.855  51.431 0.0000000000
151171  -34.843  -50.066  51.323 0.0000000000
151172  -34.369  -50.196  51.291 0.0000000000
151173  -33.918  -50.313  51.279 0.0000000000
151174  -33.195  -50.311  50.643 0.0000000000
151175  -32.543  -50.291  49.955 0.0000000000
151176  -31.942  -50.213  49.216 0.0000000000
151177  -32.204  -49.873  48.552 0.0000000000
151178  -31.765  -49.972  48.546 0.0000000000
151179  -31.311  -50.101  48.507 0.0000000000
151184  -31.254  -48.876  45.881 0.0000000000
151362  -39.601  -49.223  35.267 0.0000000000
151363  -39.830  -49.222  35.577 0.0000000000
151364  -40.061  -49.198  35.898 0.0000000000
151365  -40.265  -49.220  36.291 0.0000000000
151366  -40.039  -48.147  36.223 0.0000000000
151367  -40.192  -48.649  36.433 0.0000000000
151368  -40.492  -49.204  36.634 0.0000000000
151369  -40.797  -49.179  36.962 0.0000000000
151370  -41.111  -49.132  37.275 0.0000000000
151371  -41.442  -49.082  37.542 0.0000000000
151372  -41.018  -46.064  36.010 0.0000000000
151373  -41.155  -46.602  36.235 0.0000000000
151374  -41.320  -47.092  36.504 0.0000000000
151375  -41.922  -46.486  36.712 0.0000000000
151376  -41.736  -47.047  36.754 0.0000000000
151377  -41.480  -47.572  36.812 0.0000000000
151378  -41.599  -48.088  37.164 0.0000000000
151379  -41.705  -48.568  37.482 0.0000000000
151380  -41.873  -49.051  37.779 0.0000000000
151381  -42.256  -49.069  38.019 0.0000000000
151382  -42.613  -49.096  38.317 0.0000000000
151383  -42.973  -49.116  38.604 0.0000000000
151384  -43.111  -48.143  38.208 0.0000000000
151385  -43.211  -48.669  38.558 0.0000000000
151386  -43.365  -49.153  38.886 0.0000000000
151387  -43.682  -49.174  39.225 0.0000000000
151388  -44.020  -49.201  39.537 0.0000000000
151389  -44.377  -49.207  39.857 0.0000000000
151390  -40.815  -43.052  38.620 0.0000000000
151391  -41.156  -43.402  38.620 0.0000000000
151392  -41.492  -43.719  38.589 0.0000000000
151393  -41.731  -43.285  38.941 0.0000000000
151394  -41.777  -43.665  38.818 0.0000000000
151395  -41.830  -44.024  38.493 0.0000000000
151396  -42.187  -44.359  38.449 0.0000000000
151397  -42.541  -44.710  38.433 0.0000000000
151398  -42.876  -45.027  38.446 0.0000000000
151399  -43.162  -43.032  39.565 0.0000000000
151400  -43.082  -43.458  39.572 0.0000000000
151401  -43.026  -43.864  39.511 0.0000000000
151402  -43.666  -44.226  39.775 0.0000000000
151403  -43.307  -44.265  39.613 0.0000000000
151404  -42.999  -44.285  39.368 0.0000000000
151405  -43.041  -44.658  39.128 0.0000000000
151406  -43.128  -45.011  38.833 0.0000000000
151407  -43.191  -45.466  38.477 0.0000000000
151408  -43.495  -45.938  38.560 0.0000000000
151409  -43.802  -46.429  38.697 0.0000000000
151410  -44.043  -47.020  38.865 0.0000000000
151411  -44.277  -46.396  39.338 0.0000000000
151412  -44.277  -46.942  39.159 0.0000000000
151413  -44.221  -47.614  39.124 0.0000000000
151414  -44.375  -48.186  39.449 0.0000000000
151415  -44.550  -48.689  39.806 0.0000000000
151416  -44.720  -49.158  40.203 0.0000000000
151417  -44.996  -49.063  40.526 0.0000000000
151418  -45.320  -48.994  40.873 0.0000000000
151419  -45.617  -48.934  41.148 0.0000000000
151420  -45.494  -47.842  40.774 0.0000000000
151421  -45.705  -48.345  41.084 0.0000000000
151422  -45.936  -48.816  41.423 0.0000000000
151423  -46.256  -48.687  41.699 0.0000000000
151424  -46.587  -48.606  41.983 0.0000000000
151425  -46.858  -48.438  42.207 0.0000000000
151426  -45.725  -45.573  40.941 0.0000000000
151427  -45.967  -46.021  41.102 0.0000000000
151431  -46.403  -46.928  41.542 0.0000000000
151432  -46.659  -47.398  41.814 0.0000000000
151433  -46.913  -47.865  42.130 0.0000000000
151434  -47.161  -48.326  42.483 0.0000000000
151435  -47.467  -48.243  42.749 0.0000000000
151436  -47.761  -48.134  43.008 0.0000000000
151437  -48.032  -48.027  43.223 0.0000000000
151438  -47.769  -46.907  42.810 0.0000000000
151439  -48.063  -47.385  43.120 0.0000000000
151440  -48.322  -47.882  43.488 0.0000000000
151441  -48.662  -47.762  43.753 0.0000000000
151442  -49.032  -47.661  43.964 0.0000000000
155821  -50.157  -47.809  44.846 0.0000000000
155822  -50.583  -48.015  45.039 0.0000000000
155823  -50.967  -48.212  45.054 0.0000000000
155824  -50.875  -47.222  45.026 0.0000000000
155825  -51.095  -47.778  45.061 0.0000000000
155826  -51.240  -48.307  44.870 0.0000000000
155827  -51.427  -48.346  44.533 0.0000000000
155828  -51.523  -48.340  44.014 0.0000000000
155829  -51.576  -48.348  43.434 0.0000000000
155830  -51.759  -45.416  45.499 0.0000000000
155831  -51.835  -45.951  45.332 0.0000000000
155832  -51.879  -46.435  45.095 0.0000000000
155833  -52.455  -46.035  44.916 0.0000000000
155834  -52.157  -46.464  44.857 0.0000000000
155835  -51.871  -46.914  44.705 0.0000000000
155836  -51.863  -47.418  44.157 0.0000000000
155837  -51.720  -47.900  43.566 0.0000000000
155838  -51.543  -48.286  42.844 0.0000000000
155839  -51.526  -48.160  42.283 0.0000000000
155840  -51.518  -48.039  41.693 0.0000000000
155841  -51.532  -47.914  41.075 0.0000000000
155842  -52.178  -47.304  41.943 0.0000000000
155843  -51.873  -47.572  41.226 0.0000000000
155844  -51.529  -47.786  40.474 0.0000000000
155845  -51.647  -47.636  39.832 0.0000000000
155846  -51.758  -47.596  39.192 0.0000000000
155847  -51.857  -47.588  38.572 0.0000000000
155848  -53.950  -41.559  45.593 0.0000000000
155849  -54.055  -42.203  45.391 0.0000000000
155850  -54.087  -42.891  45.172 0.0000000000
155851  -54.624  -42.620  44.700 0.0000000000
155852  -54.399  -43.065  44.769 0.0000000000
155853  -54.168  -43.391  44.856 0.0000000000
155854  -54.198  -43.984  44.445 0.0000000000
155855  -54.174  -44.553  43.976 0.0000000000
155868  -53.245  -46.692  40.800 0.0000000000
155870  -53.367  -46.785  40.029 0.0000000000
155871  -52.951  -46.970  40.014 0.0000000000
155872  -52.614  -47.203  39.404 0.0000000000
155873  -52.325  -47.427  38.705 0.0000000000
155874  -52.010  -47.645  37.974 0.0000000000
155875  -52.150  -47.724  37.454 0.0000000000
155876  -52.374  -47.836  36.898 0.0000000000
155877  -52.590  -47.933  36.289 0.0000000000
155878  -53.420  -47.784  37.147 0.0000000000
155879  -53.113  -47.934  36.469 0.0000000000
155881  -53.069  -48.224  35.187 0.0000000000
155884  -55.048  -47.062  37.404 0.0000000000
155885  -54.965  -47.457  36.878 0.0000000000
155886  -54.818  -47.836  36.317 0.0000000000
155887  -55.425  -47.810  35.819 0.0000000000
155888  -55.007  -47.999  35.779 0.0000000000
155957  -56.595  -44.939  36.699 0.0000000000
155958  -56.724  -45.485  36.311 0.0000000000
155959  -57.145  -45.331  35.877 0.0000000000
155960  -57.009  -45.670  35.872 0.0000000000
155961  -56.848  -46.018  35.874 0.0000000000
