#!ascii label  , from subject fsaverage vox2ras=TkReg
935
320  -7.050  -43.514  21.303 0.0000000000
321  -4.994  -42.763  26.862 0.0000000000
800  -8.707  -38.931  27.427 0.0000000000
801  -4.354  -38.119  28.673 0.0000000000
984  -6.533  -42.171  6.464 0.0000000000
1297  -12.689  -49.006  29.466 0.0000000000
1298  -8.488  -49.155  29.338 0.0000000000
1322  -7.693  -47.456  20.380 0.0000000000
1730  -8.713  -43.504  24.485 0.0000000000
1731  -4.705  -46.965  23.496 0.0000000000
2392  -4.657  -49.416  27.735 0.0000000000
2421  -4.699  -43.878  9.375 0.0000000000
2422  -2.689  -43.032  17.200 0.0000000000
2720  -6.098  -36.003  28.718 0.0000000000
2721  -4.095  -35.656  29.402 0.0000000000
3218  -11.931  -51.691  28.467 0.0000000000
3842  -6.945  -40.771  26.883 0.0000000000
3843  -8.831  -41.245  26.048 0.0000000000
3844  -7.090  -43.054  25.550 0.0000000000
3845  -6.780  -45.104  23.887 0.0000000000
3846  -5.046  -45.169  25.422 0.0000000000
5335  -8.733  -51.212  27.175 0.0000000000
5336  -6.133  -49.628  29.088 0.0000000000
5338  -5.099  -50.883  24.948 0.0000000000
5405  -1.848  -42.110  8.135 0.0000000000
5407  -4.864  -41.520  21.601 0.0000000000
5408  -2.231  -41.516  19.597 0.0000000000
5409  -4.830  -43.406  19.459 0.0000000000
6048  -8.985  -36.753  27.496 0.0000000000
6049  -8.405  -36.475  28.555 0.0000000000
6050  -6.549  -38.463  27.848 0.0000000000
6051  -4.744  -40.503  27.871 0.0000000000
6378  -5.417  -39.894  5.889 0.0000000000
6380  -8.423  -41.899  5.603 0.0000000000
6943  -11.313  -46.261  30.017 0.0000000000
6944  -9.021  -46.529  30.033 0.0000000000
6945  -10.754  -48.902  29.283 0.0000000000
6988  -8.358  -45.594  20.946 0.0000000000
7874  -5.128  -39.415  23.366 0.0000000000
7875  -7.371  -41.518  23.160 0.0000000000
7877  -8.873  -41.475  24.631 0.0000000000
7878  -8.612  -43.640  22.933 0.0000000000
7879  -8.387  -45.610  22.631 0.0000000000
7880  -6.068  -46.847  21.763 0.0000000000
7881  -4.388  -48.640  21.143 0.0000000000
9730  -4.178  -41.082  29.822 0.0000000000
9731  -4.356  -43.567  28.881 0.0000000000
9732  -6.703  -46.965  30.213 0.0000000000
9733  -4.902  -47.083  29.555 0.0000000000
9734  -4.591  -46.208  27.445 0.0000000000
9735  -4.507  -48.295  25.490 0.0000000000
9736  -4.459  -49.966  23.014 0.0000000000
9817  -3.286  -40.901  6.688 0.0000000000
9818  -5.283  -43.095  7.673 0.0000000000
9823  -5.407  -44.987  17.102 0.0000000000
9824  -3.730  -44.333  14.910 0.0000000000
9825  -2.312  -43.881  12.690 0.0000000000
9826  -4.811  -44.754  11.181 0.0000000000
11521  -8.182  -35.780  26.728 0.0000000000
11522  -5.826  -41.679  26.655 0.0000000000
11523  -7.058  -41.918  26.279 0.0000000000
11524  -5.879  -42.857  26.067 0.0000000000
11525  -5.895  -43.933  25.372 0.0000000000
11526  -5.088  -44.035  26.220 0.0000000000
12071  -6.330  -37.506  5.721 0.0000000000
13016  -7.653  -51.227  26.824 0.0000000000
13087  -6.098  -42.511  21.480 0.0000000000
13088  -4.850  -42.540  20.546 0.0000000000
13089  -6.013  -43.491  20.420 0.0000000000
13922  -4.999  -37.025  28.484 0.0000000000
13923  -6.307  -37.268  28.302 0.0000000000
13924  -5.242  -38.263  28.055 0.0000000000
13925  -5.479  -39.423  27.668 0.0000000000
13926  -4.565  -39.344  28.282 0.0000000000
14469  -5.860  -41.025  6.145 0.0000000000
14470  -6.923  -40.852  5.716 0.0000000000
14471  -7.517  -42.037  6.029 0.0000000000
15411  -12.496  -46.032  30.305 0.0000000000
15412  -12.139  -47.540  29.664 0.0000000000
15413  -11.056  -47.558  29.618 0.0000000000
15414  -11.819  -48.922  29.291 0.0000000000
15487  -8.392  -46.606  20.722 0.0000000000
17285  -6.334  -40.425  23.291 0.0000000000
17286  -7.509  -40.379  23.986 0.0000000000
17287  -8.987  -37.902  27.478 0.0000000000
17288  -8.974  -37.943  26.837 0.0000000000
17289  -9.080  -39.032  26.889 0.0000000000
17290  -8.774  -42.382  25.306 0.0000000000
17291  -9.071  -41.435  25.380 0.0000000000
17292  -9.015  -42.538  24.576 0.0000000000
17293  -8.789  -42.612  23.814 0.0000000000
17294  -8.922  -43.611  23.754 0.0000000000
17295  -8.774  -44.640  22.867 0.0000000000
17296  -8.587  -44.573  23.613 0.0000000000
17297  -5.562  -45.884  23.626 0.0000000000
17298  -6.490  -46.008  22.839 0.0000000000
17299  -5.188  -46.729  22.456 0.0000000000
17300  -4.901  -47.525  21.341 0.0000000000
17301  -4.483  -47.788  22.357 0.0000000000
21763  -4.245  -42.333  29.424 0.0000000000
21764  -4.420  -44.011  29.960 0.0000000000
21765  -8.794  -47.832  29.727 0.0000000000
21766  -7.844  -46.738  30.104 0.0000000000
21767  -7.592  -48.061  29.864 0.0000000000
21768  -5.181  -49.654  28.587 0.0000000000
21769  -5.391  -48.450  29.527 0.0000000000
21770  -4.792  -48.289  28.716 0.0000000000
21771  -4.582  -46.763  28.544 0.0000000000
21772  -4.567  -47.909  27.653 0.0000000000
21773  -4.579  -47.355  26.550 0.0000000000
21774  -4.541  -48.907  26.581 0.0000000000
21776  -4.708  -50.488  23.988 0.0000000000
21777  -5.372  -50.975  22.715 0.0000000000
21976  -1.692  -40.449  6.794 0.0000000000
21977  -3.043  -42.909  8.764 0.0000000000
21978  -3.555  -42.459  7.917 0.0000000000
21979  -4.945  -43.483  8.463 0.0000000000
21980  -6.624  -44.207  8.165 0.0000000000
21981  -6.317  -44.565  8.933 0.0000000000
21985  -2.411  -42.323  18.371 0.0000000000
21989  -1.562  -42.980  16.018 0.0000000000
21991  -6.285  -45.221  18.101 0.0000000000
21994  -5.265  -45.340  14.999 0.0000000000
21995  -4.597  -44.954  13.974 0.0000000000
21996  -2.970  -44.074  13.812 0.0000000000
21997  -3.977  -44.596  12.935 0.0000000000
21998  -3.505  -44.299  11.855 0.0000000000
21999  -5.232  -45.220  12.123 0.0000000000
23330  -4.828  -35.773  28.820 0.0000000000
23331  -4.188  -36.889  29.025 0.0000000000
23658  -7.501  -43.341  6.868 0.0000000000
23659  -8.268  -43.206  6.409 0.0000000000
24224  -12.307  -50.371  29.124 0.0000000000
24225  -12.615  -51.915  28.942 0.0000000000
25348  -8.029  -39.875  27.215 0.0000000000
25349  -8.782  -40.064  26.780 0.0000000000
25350  -8.092  -41.060  26.604 0.0000000000
25351  -8.120  -42.202  25.903 0.0000000000
25352  -8.060  -43.290  25.123 0.0000000000
25353  -7.931  -44.334  24.262 0.0000000000
25354  -6.934  -44.101  24.779 0.0000000000
25355  -5.749  -44.981  24.567 0.0000000000
25356  -4.940  -46.072  24.506 0.0000000000
28035  -8.462  -50.341  28.422 0.0000000000
28036  -7.277  -49.420  29.339 0.0000000000
28037  -7.388  -50.525  28.208 0.0000000000
28038  -6.263  -50.668  27.841 0.0000000000
28039  -5.330  -50.635  27.248 0.0000000000
28040  -4.801  -50.296  26.406 0.0000000000
28041  -5.745  -51.236  25.686 0.0000000000
28163  -1.525  -42.683  9.090 0.0000000000
28164  -2.865  -43.393  9.740 0.0000000000
28167  -3.481  -41.550  20.626 0.0000000000
28168  -3.530  -42.439  19.477 0.0000000000
28169  -3.691  -43.251  18.324 0.0000000000
29472  -8.709  -35.661  27.398 0.0000000000
29474  -8.888  -36.633  28.078 0.0000000000
29475  -8.561  -37.744  28.019 0.0000000000
29476  -7.429  -36.250  28.749 0.0000000000
29477  -7.665  -37.515  28.291 0.0000000000
29478  -7.836  -38.731  27.767 0.0000000000
29479  -6.725  -39.657  27.392 0.0000000000
29480  -5.655  -40.567  27.217 0.0000000000
29481  -4.907  -41.616  27.357 0.0000000000
30240  -5.083  -38.744  5.761 0.0000000000
30241  -6.349  -38.562  5.476 0.0000000000
30242  -6.578  -39.697  5.515 0.0000000000
31563  -10.151  -46.288  30.037 0.0000000000
31564  -9.924  -47.668  29.672 0.0000000000
31565  -9.677  -48.990  29.307 0.0000000000
31566  -11.455  -50.270  28.902 0.0000000000
31567  -10.451  -50.316  28.731 0.0000000000
31568  -9.495  -50.276  28.530 0.0000000000
31569  -9.600  -51.291  27.467 0.0000000000
31666  -7.777  -44.540  21.128 0.0000000000
31667  -6.973  -44.505  20.191 0.0000000000
31668  -7.859  -45.468  20.044 0.0000000000
33991  -4.932  -40.476  22.525 0.0000000000
33992  -6.156  -41.444  22.446 0.0000000000
33993  -7.169  -42.535  22.245 0.0000000000
33994  -8.697  -36.874  26.817 0.0000000000
33997  -9.067  -40.246  26.144 0.0000000000
33998  -8.913  -40.332  25.372 0.0000000000
33999  -8.383  -40.334  24.692 0.0000000000
34000  -8.294  -41.492  23.895 0.0000000000
34001  -8.138  -42.613  23.025 0.0000000000
34002  -7.932  -43.595  22.135 0.0000000000
34003  -8.454  -44.637  21.992 0.0000000000
34004  -8.565  -45.675  21.830 0.0000000000
34005  -8.111  -46.579  21.601 0.0000000000
34006  -7.703  -45.369  23.307 0.0000000000
34007  -7.416  -46.314  22.283 0.0000000000
34008  -6.962  -47.184  21.085 0.0000000000
34009  -5.516  -47.588  20.474 0.0000000000
36017  -11.373  -36.365  6.005 0.0000000000
39424  -3.967  -37.022  29.895 0.0000000000
39425  -4.044  -38.316  29.533 0.0000000000
39427  -4.128  -39.701  30.181 0.0000000000
39428  -4.157  -39.501  29.159 0.0000000000
39429  -4.291  -40.712  28.764 0.0000000000
39430  -4.402  -41.918  28.277 0.0000000000
39431  -4.508  -43.137  27.769 0.0000000000
39435  -6.362  -48.375  29.911 0.0000000000
39436  -5.629  -47.103  30.171 0.0000000000
39437  -4.935  -45.676  30.208 0.0000000000
39438  -4.515  -45.393  29.311 0.0000000000
39439  -4.448  -44.915  28.291 0.0000000000
39440  -4.635  -44.449  27.213 0.0000000000
39441  -4.739  -45.668  26.406 0.0000000000
39442  -4.688  -46.678  25.422 0.0000000000
39443  -4.530  -47.562  24.397 0.0000000000
39444  -4.519  -49.795  25.367 0.0000000000
39445  -4.375  -49.086  24.259 0.0000000000
39446  -4.359  -48.499  23.261 0.0000000000
39447  -4.338  -49.333  22.080 0.0000000000
39686  -4.314  -40.368  6.252 0.0000000000
39687  -4.999  -41.550  6.614 0.0000000000
39688  -2.410  -41.438  7.296 0.0000000000
39689  -4.206  -41.969  7.152 0.0000000000
39690  -5.854  -42.619  7.017 0.0000000000
39691  -6.927  -43.758  7.454 0.0000000000
39703  -5.990  -44.427  19.233 0.0000000000
39704  -4.992  -44.255  18.285 0.0000000000
39705  -3.987  -43.973  17.156 0.0000000000
39707  -4.505  -44.633  16.042 0.0000000000
39708  -3.114  -43.700  16.023 0.0000000000
39709  -2.180  -43.544  14.849 0.0000000000
39712  -1.689  -43.632  11.480 0.0000000000
39713  -3.101  -43.903  10.810 0.0000000000
39714  -4.602  -44.302  10.305 0.0000000000
39717  -6.283  -44.992  9.785 0.0000000000
42242  -5.365  -42.154  26.740 0.0000000000
42243  -5.886  -42.238  26.403 0.0000000000
42244  -5.397  -42.764  26.447 0.0000000000
42245  -5.432  -43.441  26.097 0.0000000000
42246  -5.003  -43.399  26.546 0.0000000000
42791  -5.684  -37.544  5.780 0.0000000000
43807  -6.599  -43.003  21.393 0.0000000000
43808  -6.037  -42.988  20.988 0.0000000000
43809  -6.518  -43.464  20.909 0.0000000000
44642  -4.578  -37.566  28.533 0.0000000000
44643  -5.121  -37.668  28.290 0.0000000000
44644  -4.712  -38.189  28.332 0.0000000000
44645  -4.842  -38.785  28.131 0.0000000000
44646  -4.457  -38.722  28.463 0.0000000000
45189  -6.195  -41.590  6.248 0.0000000000
45190  -6.707  -41.538  6.066 0.0000000000
45191  -7.008  -42.098  6.245 0.0000000000
46131  -12.685  -47.468  29.803 0.0000000000
46132  -12.470  -48.271  29.568 0.0000000000
46133  -11.969  -48.247  29.480 0.0000000000
46134  -12.265  -48.962  29.383 0.0000000000
46207  -8.187  -47.103  20.577 0.0000000000
48002  -7.286  -38.767  24.823 0.0000000000
48003  -6.679  -38.829  24.480 0.0000000000
48004  -7.170  -39.342  24.442 0.0000000000
48005  -7.058  -39.880  24.041 0.0000000000
48006  -7.600  -39.831  24.386 0.0000000000
48007  -8.909  -38.436  27.463 0.0000000000
48008  -9.026  -38.477  27.176 0.0000000000
48009  -8.942  -38.995  27.164 0.0000000000
48010  -8.748  -42.941  24.902 0.0000000000
48011  -8.964  -42.468  24.971 0.0000000000
48012  -8.929  -43.042  24.525 0.0000000000
48013  -8.956  -43.101  24.138 0.0000000000
48014  -8.865  -43.608  24.099 0.0000000000
48015  -8.828  -44.101  23.700 0.0000000000
48016  -8.674  -44.075  24.069 0.0000000000
48017  -5.031  -46.399  23.503 0.0000000000
48018  -5.413  -46.327  23.064 0.0000000000
48019  -4.883  -46.813  22.961 0.0000000000
48020  -4.753  -47.228  22.400 0.0000000000
48021  -4.540  -47.364  22.938 0.0000000000
52483  -4.398  -43.313  30.258 0.0000000000
52484  -4.636  -44.152  30.416 0.0000000000
52485  -8.648  -48.484  29.564 0.0000000000
52486  -8.200  -47.936  29.785 0.0000000000
52487  -8.046  -48.633  29.632 0.0000000000
52488  -4.869  -49.597  28.188 0.0000000000
52489  -4.934  -49.013  28.706 0.0000000000
52490  -4.702  -48.914  28.269 0.0000000000
52491  -4.604  -48.124  28.243 0.0000000000
52492  -4.599  -48.678  27.725 0.0000000000
52493  -4.553  -48.440  27.145 0.0000000000
52494  -4.575  -49.178  27.179 0.0000000000
52496  -5.562  -51.139  23.170 0.0000000000
52695  -1.526  -39.909  6.584 0.0000000000
52697  -3.838  -43.363  9.059 0.0000000000
52698  -4.016  -43.162  8.603 0.0000000000
52699  -4.814  -43.702  8.891 0.0000000000
52700  -5.656  -44.025  8.726 0.0000000000
52701  -5.555  -44.235  9.157 0.0000000000
52705  -2.516  -42.682  17.785 0.0000000000
52706  -1.833  -42.283  17.831 0.0000000000
52707  -1.949  -42.615  17.225 0.0000000000
52709  -2.171  -42.994  16.615 0.0000000000
52715  -5.113  -45.293  13.533 0.0000000000
52716  -4.284  -44.761  13.463 0.0000000000
52717  -4.834  -45.077  13.024 0.0000000000
52718  -4.563  -44.872  12.504 0.0000000000
54244  -4.379  -35.723  29.062 0.0000000000
54245  -4.466  -36.313  28.862 0.0000000000
54246  -4.136  -36.260  29.230 0.0000000000
55733  -12.856  -51.243  29.200 0.0000000000
55734  -12.907  -52.043  29.164 0.0000000000
57605  -7.492  -37.585  25.485 0.0000000000
57607  -7.561  -40.325  27.067 0.0000000000
57608  -8.077  -40.480  26.911 0.0000000000
57609  -7.574  -40.927  26.757 0.0000000000
57610  -7.076  -42.524  25.902 0.0000000000
57611  -7.678  -42.093  26.120 0.0000000000
57612  -7.651  -42.642  25.738 0.0000000000
57613  -8.108  -42.770  25.518 0.0000000000
57614  -7.649  -43.159  25.373 0.0000000000
57615  -7.566  -43.691  24.994 0.0000000000
57616  -7.039  -43.560  25.176 0.0000000000
57617  -5.420  -44.486  25.367 0.0000000000
57618  -5.785  -44.489  24.973 0.0000000000
57619  -5.351  -45.015  24.947 0.0000000000
57620  -5.266  -45.469  24.508 0.0000000000
57621  -5.024  -45.623  24.986 0.0000000000
62085  -8.573  -50.845  27.832 0.0000000000
62086  -7.934  -50.437  28.334 0.0000000000
62087  -8.048  -50.900  27.727 0.0000000000
62088  -7.096  -51.303  26.555 0.0000000000
62089  -6.965  -50.979  27.346 0.0000000000
62090  -6.396  -51.041  27.105 0.0000000000
62091  -5.680  -50.742  27.608 0.0000000000
62092  -5.930  -51.057  26.805 0.0000000000
62093  -5.507  -51.010  26.483 0.0000000000
62300  -2.165  -43.017  9.416 0.0000000000
62301  -2.106  -43.270  9.962 0.0000000000
62302  -4.190  -41.031  21.647 0.0000000000
62304  -4.181  -41.552  21.123 0.0000000000
62305  -4.852  -42.981  20.018 0.0000000000
62306  -4.174  -42.499  20.028 0.0000000000
62307  -4.208  -42.933  19.477 0.0000000000
62308  -3.598  -42.855  18.899 0.0000000000
62309  -4.277  -43.374  18.915 0.0000000000
63229  -12.454  -35.787  5.223 0.0000000000
64802  -8.633  -35.907  28.611 0.0000000000
64804  -8.727  -36.542  28.336 0.0000000000
64805  -8.768  -37.176  28.061 0.0000000000
64806  -8.476  -37.102  28.288 0.0000000000
64807  -6.672  -35.517  28.931 0.0000000000
64808  -7.323  -35.630  28.956 0.0000000000
64809  -6.795  -36.120  28.749 0.0000000000
64810  -6.435  -37.863  28.069 0.0000000000
64811  -7.041  -37.376  28.319 0.0000000000
64812  -7.137  -37.993  28.078 0.0000000000
64813  -7.766  -38.142  28.029 0.0000000000
64814  -7.220  -38.589  27.830 0.0000000000
64815  -7.324  -39.194  27.597 0.0000000000
64816  -6.651  -39.079  27.625 0.0000000000
64817  -5.057  -39.937  27.749 0.0000000000
64818  -5.495  -39.992  27.425 0.0000000000
64819  -5.120  -40.517  27.524 0.0000000000
64820  -5.238  -41.074  27.272 0.0000000000
64821  -4.830  -41.061  27.638 0.0000000000
66444  -5.237  -39.325  5.802 0.0000000000
66445  -5.836  -39.229  5.649 0.0000000000
66446  -6.035  -39.811  5.717 0.0000000000
66451  -8.857  -41.835  5.375 0.0000000000
69273  -11.918  -46.115  30.123 0.0000000000
69277  -10.851  -45.662  30.223 0.0000000000
69278  -10.261  -45.689  30.222 0.0000000000
69279  -10.731  -46.256  30.031 0.0000000000
69280  -10.897  -48.227  29.468 0.0000000000
69281  -10.477  -47.610  29.665 0.0000000000
69282  -10.347  -48.295  29.483 0.0000000000
69283  -9.828  -48.365  29.483 0.0000000000
69284  -10.215  -48.963  29.286 0.0000000000
69285  -12.128  -51.021  28.839 0.0000000000
69286  -11.921  -50.291  28.999 0.0000000000
69287  -11.724  -50.963  28.676 0.0000000000
69289  -10.852  -50.928  28.450 0.0000000000
69290  -10.388  -50.922  28.304 0.0000000000
69291  -9.952  -50.314  28.646 0.0000000000
69293  -9.522  -50.827  28.024 0.0000000000
69502  -8.099  -45.082  21.024 0.0000000000
69503  -7.793  -45.022  20.583 0.0000000000
69504  -8.122  -45.531  20.496 0.0000000000
74894  -4.372  -39.423  22.978 0.0000000000
74895  -4.279  -39.971  22.556 0.0000000000
74896  -5.030  -39.952  22.947 0.0000000000
74897  -6.887  -40.968  23.236 0.0000000000
74898  -6.236  -40.941  22.883 0.0000000000
74899  -6.792  -41.472  22.811 0.0000000000
74900  -6.684  -41.970  22.349 0.0000000000
74901  -7.273  -42.051  22.705 0.0000000000
74903  -8.700  -36.277  27.114 0.0000000000
74904  -8.857  -36.811  27.147 0.0000000000
74905  -8.970  -38.552  26.507 0.0000000000
74906  -8.853  -38.051  26.470 0.0000000000
74910  -8.802  -40.659  26.421 0.0000000000
74911  -8.993  -40.148  26.478 0.0000000000
74912  -8.998  -40.759  26.102 0.0000000000
74913  -9.038  -41.452  24.999 0.0000000000
74914  -9.045  -40.894  25.384 0.0000000000
74915  -8.890  -40.919  24.990 0.0000000000
74916  -8.680  -40.355  25.020 0.0000000000
74917  -8.661  -40.888  24.664 0.0000000000
74918  -8.329  -40.903  24.302 0.0000000000
74919  -8.623  -41.486  24.269 0.0000000000
74920  -8.704  -43.125  23.374 0.0000000000
74921  -8.504  -42.606  23.423 0.0000000000
74922  -8.397  -43.127  22.975 0.0000000000
74923  -8.040  -43.133  22.575 0.0000000000
74924  -8.301  -43.653  22.523 0.0000000000
74925  -8.210  -44.116  22.059 0.0000000000
74926  -8.545  -44.161  22.486 0.0000000000
74927  -8.643  -45.137  22.765 0.0000000000
74928  -8.676  -45.183  22.364 0.0000000000
74929  -8.543  -45.654  22.238 0.0000000000
74930  -8.415  -46.138  21.713 0.0000000000
74931  -8.244  -46.105  22.110 0.0000000000
74932  -7.309  -44.710  24.092 0.0000000000
74933  -7.786  -44.856  23.784 0.0000000000
74934  -7.230  -45.218  23.594 0.0000000000
74935  -6.293  -46.429  22.316 0.0000000000
74936  -6.966  -46.157  22.573 0.0000000000
74937  -6.766  -46.577  22.037 0.0000000000
74938  -7.228  -46.748  21.756 0.0000000000
74939  -6.563  -46.995  21.460 0.0000000000
74940  -6.247  -47.388  20.774 0.0000000000
74941  -5.836  -47.239  21.149 0.0000000000
74942  -4.566  -48.026  21.218 0.0000000000
74943  -4.723  -47.916  20.708 0.0000000000
74944  -4.499  -48.515  20.599 0.0000000000
74946  -4.456  -49.163  20.539 0.0000000000
79828  -11.932  -37.198  5.527 0.0000000000
79832  -7.049  -39.078  5.318 0.0000000000
79833  -6.965  -38.503  5.362 0.0000000000
88316  -4.007  -37.079  30.384 0.0000000000
88317  -4.012  -37.759  30.209 0.0000000000
88318  -3.953  -37.716  29.684 0.0000000000
88319  -4.023  -38.391  30.057 0.0000000000
88323  -4.246  -41.223  30.372 0.0000000000
88325  -4.156  -40.378  30.009 0.0000000000
88326  -4.109  -39.601  29.665 0.0000000000
88327  -4.155  -40.238  29.481 0.0000000000
88328  -4.244  -40.122  28.971 0.0000000000
88329  -4.206  -40.894  29.289 0.0000000000
88330  -4.298  -42.903  29.174 0.0000000000
88331  -4.284  -42.098  28.842 0.0000000000
88332  -4.345  -42.689  28.585 0.0000000000
88333  -4.436  -42.479  28.006 0.0000000000
88334  -4.386  -43.352  28.317 0.0000000000
88335  -9.120  -45.868  30.211 0.0000000000
88337  -8.534  -45.976  30.247 0.0000000000
88338  -7.256  -46.826  30.159 0.0000000000
88339  -7.365  -46.151  30.359 0.0000000000
88343  -6.697  -49.543  29.213 0.0000000000
88344  -6.786  -48.924  29.644 0.0000000000
88345  -6.238  -48.997  29.536 0.0000000000
88346  -5.135  -47.786  29.559 0.0000000000
88347  -5.510  -47.793  29.864 0.0000000000
88348  -5.224  -47.118  29.909 0.0000000000
88349  -5.287  -46.413  30.218 0.0000000000
88350  -4.930  -46.404  29.907 0.0000000000
88351  -4.686  -45.580  29.804 0.0000000000
88352  -4.690  -46.299  29.480 0.0000000000
88353  -4.573  -46.490  27.991 0.0000000000
88354  -4.501  -45.843  28.430 0.0000000000
88355  -4.537  -45.590  27.906 0.0000000000
88356  -4.523  -44.693  27.765 0.0000000000
88357  -4.574  -45.320  27.400 0.0000000000
88358  -4.695  -45.061  26.845 0.0000000000
88359  -4.634  -45.941  26.935 0.0000000000
88360  -4.525  -47.820  26.046 0.0000000000
88361  -4.629  -47.044  25.977 0.0000000000
88362  -4.568  -47.483  25.448 0.0000000000
88363  -4.607  -47.137  24.928 0.0000000000
88364  -4.495  -47.895  24.906 0.0000000000
88365  -4.924  -50.607  25.664 0.0000000000
88366  -4.668  -50.035  25.873 0.0000000000
88367  -4.726  -50.339  25.166 0.0000000000
88368  -4.565  -50.214  23.516 0.0000000000
88369  -4.455  -49.851  24.142 0.0000000000
88370  -4.395  -49.551  23.653 0.0000000000
88371  -4.361  -48.820  23.755 0.0000000000
88372  -4.343  -49.270  23.172 0.0000000000
88373  -4.344  -48.920  22.679 0.0000000000
88374  -4.421  -49.674  22.533 0.0000000000
88967  -2.951  -40.338  6.493 0.0000000000
88968  -3.469  -40.027  6.285 0.0000000000
88969  -3.776  -40.611  6.453 0.0000000000
88970  -4.636  -40.955  6.417 0.0000000000
88971  -4.156  -41.190  6.636 0.0000000000
88973  -1.651  -41.307  7.401 0.0000000000
88974  -2.136  -41.791  7.709 0.0000000000
88975  -4.437  -42.760  7.792 0.0000000000
88976  -3.848  -42.208  7.509 0.0000000000
88977  -4.721  -42.530  7.408 0.0000000000
88978  -5.073  -42.321  7.096 0.0000000000
88979  -5.490  -42.823  7.325 0.0000000000
88980  -6.341  -43.168  7.234 0.0000000000
88981  -6.094  -43.397  7.556 0.0000000000
88982  -7.280  -44.786  8.369 0.0000000000
89010  -7.070  -44.979  19.603 0.0000000000
89011  -6.520  -44.478  19.699 0.0000000000
89012  -6.589  -44.905  19.144 0.0000000000
89013  -5.884  -45.151  17.578 0.0000000000
89014  -5.655  -44.743  18.191 0.0000000000
89015  -5.182  -44.649  17.678 0.0000000000
89016  -4.484  -44.136  17.747 0.0000000000
89017  -4.669  -44.462  17.184 0.0000000000
89021  -4.487  -44.808  14.979 0.0000000000
89022  -4.863  -44.992  15.495 0.0000000000
89023  -4.139  -44.491  15.487 0.0000000000
89024  -3.813  -44.155  16.026 0.0000000000
89025  -3.430  -44.034  15.436 0.0000000000
89026  -2.634  -43.595  15.459 0.0000000000
89027  -2.965  -43.906  14.865 0.0000000000
89028  -2.609  -44.000  13.273 0.0000000000
89029  -2.136  -43.778  13.714 0.0000000000
89030  -1.792  -43.742  13.131 0.0000000000
89034  -1.992  -43.778  12.093 0.0000000000
89035  -4.141  -44.480  11.503 0.0000000000
89036  -3.272  -44.100  11.330 0.0000000000
89037  -3.925  -44.277  11.008 0.0000000000
89038  -3.794  -44.087  10.527 0.0000000000
89039  -4.610  -44.523  10.712 0.0000000000
89046  -6.319  -45.197  10.206 0.0000000000
89048  -7.056  -45.359  9.522 0.0000000000
93344  -12.878  -52.810  29.162 0.0000000000
94468  -6.351  -41.223  26.727 0.0000000000
94469  -6.994  -41.349  26.581 0.0000000000
94470  -6.429  -41.776  26.448 0.0000000000
94471  -6.476  -42.338  26.148 0.0000000000
94472  -6.485  -42.950  25.789 0.0000000000
94473  -6.458  -43.463  25.425 0.0000000000
94474  -5.918  -43.413  25.740 0.0000000000
94475  -5.435  -43.951  25.744 0.0000000000
94476  -5.101  -44.595  25.855 0.0000000000
97156  -8.196  -51.192  27.009 0.0000000000
97285  -5.510  -42.013  21.550 0.0000000000
97286  -4.848  -42.046  21.075 0.0000000000
97287  -5.472  -42.526  21.036 0.0000000000
97288  -5.468  -43.024  20.494 0.0000000000
97289  -5.431  -43.470  19.940 0.0000000000
97841  -13.135  -37.006  5.143 0.0000000000
97842  -13.090  -36.398  5.084 0.0000000000
98787  -8.311  -35.831  28.798 0.0000000000
98788  -5.543  -36.502  28.562 0.0000000000
98789  -6.165  -36.636  28.504 0.0000000000
98790  -5.622  -37.160  28.342 0.0000000000
98791  -5.737  -37.778  28.117 0.0000000000
98792  -5.886  -38.331  27.895 0.0000000000
98793  -5.997  -38.952  27.672 0.0000000000
98794  -5.390  -38.810  27.848 0.0000000000
98795  -4.959  -39.345  27.948 0.0000000000
98796  -4.684  -39.925  28.098 0.0000000000
99771  -5.612  -40.456  6.010 0.0000000000
99772  -6.183  -40.378  5.820 0.0000000000
99773  -6.369  -40.934  5.917 0.0000000000
99774  -7.189  -41.441  5.855 0.0000000000
99775  -7.979  -41.946  5.806 0.0000000000
101469  -12.335  -46.778  29.942 0.0000000000
101470  -11.748  -46.881  29.819 0.0000000000
101471  -11.209  -46.892  29.800 0.0000000000
101472  -11.595  -47.547  29.617 0.0000000000
101473  -11.436  -48.224  29.438 0.0000000000
101474  -11.269  -48.891  29.279 0.0000000000
101605  -8.450  -46.105  20.843 0.0000000000
101606  -8.356  -46.054  20.393 0.0000000000
104836  -6.267  -37.705  24.832 0.0000000000
104837  -5.497  -37.769  24.482 0.0000000000
104838  -6.140  -38.296  24.490 0.0000000000
104840  -5.817  -39.372  23.732 0.0000000000
104841  -5.740  -39.914  23.337 0.0000000000
104842  -6.407  -39.889  23.693 0.0000000000
104843  -6.974  -40.422  23.640 0.0000000000
104844  -7.444  -40.919  23.583 0.0000000000
104845  -9.017  -37.341  27.488 0.0000000000
104846  -8.976  -37.347  27.166 0.0000000000
104847  -9.037  -37.924  27.169 0.0000000000
104848  -9.055  -38.487  26.861 0.0000000000
104849  -9.046  -39.099  26.517 0.0000000000
104850  -8.788  -41.824  25.687 0.0000000000
104851  -9.012  -41.381  25.721 0.0000000000
104852  -8.985  -41.940  25.353 0.0000000000
104853  -9.073  -41.970  25.016 0.0000000000
104854  -8.993  -42.019  24.606 0.0000000000
104855  -8.847  -42.064  24.232 0.0000000000
104856  -8.959  -42.577  24.190 0.0000000000
104857  -8.897  -43.116  23.776 0.0000000000
104858  -8.820  -43.617  23.352 0.0000000000
104859  -8.773  -44.121  22.911 0.0000000000
104860  -8.842  -44.115  23.316 0.0000000000
104861  -8.764  -44.613  23.258 0.0000000000
104862  -8.532  -45.101  23.160 0.0000000000
104863  -6.187  -45.479  23.739 0.0000000000
104864  -6.665  -45.576  23.376 0.0000000000
104865  -6.045  -45.914  23.210 0.0000000000
104866  -5.863  -46.340  22.612 0.0000000000
104867  -5.621  -46.765  22.085 0.0000000000
104868  -5.395  -47.162  21.511 0.0000000000
104869  -5.036  -47.151  21.915 0.0000000000
104870  -4.606  -47.611  21.823 0.0000000000
104871  -4.419  -48.173  21.748 0.0000000000
112900  -4.257  -41.913  30.188 0.0000000000
112901  -4.209  -41.729  29.625 0.0000000000
112902  -4.273  -42.538  29.996 0.0000000000
112903  -4.298  -43.154  29.730 0.0000000000
112904  -4.363  -43.829  29.423 0.0000000000
112905  -8.911  -47.196  29.878 0.0000000000
112906  -8.425  -46.642  30.080 0.0000000000
112907  -8.323  -47.294  29.924 0.0000000000
112908  -7.729  -47.393  29.967 0.0000000000
112909  -7.092  -47.532  30.054 0.0000000000
112910  -5.638  -49.674  28.882 0.0000000000
112911  -5.706  -49.040  29.402 0.0000000000
112912  -5.278  -49.055  29.084 0.0000000000
112913  -5.035  -48.390  29.155 0.0000000000
112914  -4.871  -47.708  29.146 0.0000000000
112915  -4.690  -47.008  29.067 0.0000000000
112916  -4.681  -47.565  28.651 0.0000000000
112917  -4.585  -47.369  28.120 0.0000000000
112918  -4.570  -47.089  27.546 0.0000000000
112919  -4.605  -46.813  26.992 0.0000000000
112920  -4.533  -47.647  27.105 0.0000000000
112921  -4.526  -48.129  26.591 0.0000000000
112922  -4.514  -48.599  26.039 0.0000000000
112923  -5.367  -51.119  24.262 0.0000000000
112924  -4.882  -50.690  24.473 0.0000000000
112925  -5.168  -50.933  23.800 0.0000000000
112926  -4.937  -50.788  23.358 0.0000000000
112927  -4.789  -50.545  22.880 0.0000000000
112928  -4.666  -50.329  22.359 0.0000000000
113285  -2.149  -40.128  6.535 0.0000000000
113286  -2.460  -40.660  6.736 0.0000000000
113287  -2.379  -42.503  8.461 0.0000000000
113288  -2.660  -42.239  8.019 0.0000000000
113289  -3.244  -42.692  8.380 0.0000000000
113290  -4.207  -42.954  8.204 0.0000000000
113291  -5.088  -43.280  8.069 0.0000000000
113292  -5.889  -43.621  7.937 0.0000000000
113293  -5.765  -43.814  8.310 0.0000000000
113294  -6.432  -44.363  8.529 0.0000000000
113295  -7.101  -44.935  8.741 0.0000000000
113301  -2.269  -41.903  19.003 0.0000000000
113302  -1.645  -41.536  19.036 0.0000000000
113303  -1.768  -41.955  18.418 0.0000000000
113311  -6.711  -45.294  18.592 0.0000000000
113318  -4.913  -45.145  14.490 0.0000000000
113319  -4.129  -44.634  14.439 0.0000000000
113320  -3.359  -44.178  14.353 0.0000000000
113321  -3.796  -44.470  13.907 0.0000000000
113322  -3.390  -44.300  13.376 0.0000000000
113323  -3.144  -44.206  12.830 0.0000000000
113324  -2.875  -44.074  12.270 0.0000000000
113325  -3.748  -44.445  12.414 0.0000000000
113326  -4.393  -44.730  12.003 0.0000000000
113327  -5.050  -45.006  11.663 0.0000000000
115875  -5.981  -35.403  28.888 0.0000000000
115878  -5.430  -35.869  28.712 0.0000000000
115879  -4.936  -36.388  28.659 0.0000000000
115880  -4.538  -36.949  28.698 0.0000000000
115881  -4.250  -37.534  28.827 0.0000000000
116640  -7.014  -42.765  6.662 0.0000000000
116641  -7.389  -42.675  6.442 0.0000000000
116642  -7.876  -43.273  6.640 0.0000000000
117962  -12.489  -49.699  29.313 0.0000000000
117963  -12.721  -50.449  29.264 0.0000000000
117964  -12.495  -51.130  29.030 0.0000000000
117965  -12.276  -51.775  28.726 0.0000000000
117966  -12.646  -52.729  28.855 0.0000000000
117967  -12.350  -52.546  28.605 0.0000000000
117968  -12.085  -52.437  28.327 0.0000000000
120586  -8.416  -39.414  27.340 0.0000000000
120587  -8.775  -39.492  27.133 0.0000000000
120588  -8.500  -40.000  27.042 0.0000000000
120589  -8.492  -40.572  26.706 0.0000000000
120590  -8.494  -41.147  26.370 0.0000000000
120591  -7.604  -41.498  26.444 0.0000000000
120592  -8.120  -41.626  26.277 0.0000000000
120593  -8.521  -41.700  26.024 0.0000000000
120594  -8.486  -42.280  25.624 0.0000000000
120595  -8.460  -42.847  25.222 0.0000000000
120596  -8.442  -43.392  24.823 0.0000000000
120597  -8.377  -43.931  24.392 0.0000000000
120598  -8.017  -43.813  24.714 0.0000000000
120599  -7.446  -44.215  24.546 0.0000000000
120600  -6.845  -44.611  24.370 0.0000000000
120601  -6.380  -43.999  25.019 0.0000000000
120602  -6.317  -44.523  24.656 0.0000000000
120603  -6.260  -45.000  24.226 0.0000000000
120604  -5.656  -45.424  24.137 0.0000000000
120605  -5.169  -45.956  24.042 0.0000000000
120606  -4.819  -46.538  24.006 0.0000000000
126855  -8.416  -49.756  28.932 0.0000000000
126856  -7.899  -49.292  29.365 0.0000000000
126857  -7.845  -49.879  28.922 0.0000000000
126858  -7.288  -49.998  28.810 0.0000000000
126859  -6.727  -50.105  28.671 0.0000000000
126860  -7.518  -50.902  27.590 0.0000000000
126861  -6.836  -50.623  28.053 0.0000000000
126862  -6.137  -50.213  28.525 0.0000000000
126863  -5.630  -50.237  28.270 0.0000000000
126864  -5.171  -50.194  27.974 0.0000000000
126865  -4.893  -50.080  27.581 0.0000000000
126866  -4.712  -49.879  27.106 0.0000000000
126867  -5.020  -50.508  26.877 0.0000000000
126868  -5.198  -50.839  26.103 0.0000000000
126869  -5.367  -51.127  25.386 0.0000000000
126872  -5.678  -51.283  24.665 0.0000000000
127155  -1.593  -42.411  8.598 0.0000000000
127156  -2.185  -42.730  8.893 0.0000000000
127157  -2.938  -43.148  9.235 0.0000000000
127158  -3.759  -43.595  9.551 0.0000000000
127163  -2.872  -41.555  20.107 0.0000000000
127164  -4.170  -42.045  20.580 0.0000000000
127165  -3.512  -42.022  20.053 0.0000000000
127166  -2.869  -41.945  19.533 0.0000000000
127167  -2.916  -42.347  18.944 0.0000000000
127168  -3.046  -42.762  18.335 0.0000000000
127169  -3.180  -43.136  17.752 0.0000000000
128458  -12.917  -35.824  4.844 0.0000000000
128459  -12.701  -35.413  4.575 0.0000000000
130470  -8.988  -36.728  27.788 0.0000000000
130471  -8.933  -37.260  27.801 0.0000000000
130472  -8.836  -37.825  27.764 0.0000000000
130473  -8.651  -38.355  27.714 0.0000000000
130475  -7.861  -35.732  28.913 0.0000000000
130476  -7.957  -36.366  28.681 0.0000000000
130477  -6.887  -36.758  28.527 0.0000000000
130478  -7.530  -36.887  28.519 0.0000000000
130479  -8.090  -37.000  28.464 0.0000000000
130480  -8.157  -37.631  28.189 0.0000000000
130481  -8.248  -38.253  27.910 0.0000000000
130482  -8.358  -38.853  27.637 0.0000000000
130483  -7.934  -39.302  27.496 0.0000000000
130484  -7.435  -39.752  27.332 0.0000000000
130485  -6.854  -40.209  27.154 0.0000000000
130486  -6.077  -39.561  27.473 0.0000000000
130487  -6.163  -40.102  27.257 0.0000000000
130488  -6.255  -40.657  26.991 0.0000000000
130489  -5.769  -41.126  26.958 0.0000000000
130490  -5.322  -41.637  26.999 0.0000000000
130491  -4.937  -42.198  27.099 0.0000000000
132547  -5.707  -38.094  5.667 0.0000000000
132548  -5.718  -38.654  5.627 0.0000000000
132549  -6.440  -39.130  5.452 0.0000000000
132550  -7.148  -39.620  5.338 0.0000000000
132551  -6.727  -40.266  5.616 0.0000000000
132552  -7.277  -40.200  5.418 0.0000000000
136138  -9.683  -45.751  30.219 0.0000000000
136139  -9.589  -46.405  30.019 0.0000000000
136140  -10.626  -46.907  29.825 0.0000000000
136141  -10.036  -46.959  29.842 0.0000000000
136142  -9.482  -47.064  29.853 0.0000000000
136143  -9.399  -47.731  29.697 0.0000000000
136144  -9.254  -48.388  29.532 0.0000000000
136145  -9.120  -49.006  29.344 0.0000000000
136146  -12.073  -49.637  29.215 0.0000000000
136147  -11.611  -49.585  29.124 0.0000000000
136148  -11.105  -49.594  29.076 0.0000000000
136149  -11.281  -50.938  28.602 0.0000000000
136150  -10.955  -50.291  28.851 0.0000000000
136151  -10.594  -49.618  29.075 0.0000000000
136152  -10.054  -49.661  29.019 0.0000000000
136153  -9.536  -49.666  28.999 0.0000000000
136154  -8.965  -49.676  28.967 0.0000000000
136155  -8.982  -50.289  28.469 0.0000000000
136156  -9.039  -50.860  27.939 0.0000000000
136157  -9.170  -51.241  27.317 0.0000000000
136420  -7.435  -44.024  21.217 0.0000000000
136421  -6.961  -43.986  20.792 0.0000000000
136422  -7.385  -44.543  20.657 0.0000000000
136423  -7.432  -45.008  20.100 0.0000000000
136424  -7.526  -45.469  19.542 0.0000000000
136425  -8.174  -45.978  19.969 0.0000000000
136426  -7.905  -45.961  19.457 0.0000000000
143060  -4.190  -40.498  22.120 0.0000000000
143061  -4.842  -40.977  22.086 0.0000000000
143062  -5.649  -40.446  22.924 0.0000000000
143063  -5.567  -40.948  22.511 0.0000000000
143064  -5.520  -41.470  22.049 0.0000000000
143065  -6.164  -41.994  21.974 0.0000000000
143066  -6.651  -42.517  21.866 0.0000000000
143067  -7.103  -43.037  21.781 0.0000000000
143068  -8.505  -35.735  27.071 0.0000000000
143069  -8.465  -36.328  26.771 0.0000000000
143070  -8.442  -36.922  26.473 0.0000000000
143071  -8.853  -37.415  26.814 0.0000000000
143072  -8.681  -37.488  26.483 0.0000000000
143077  -8.983  -39.549  26.833 0.0000000000
143078  -9.058  -39.636  26.511 0.0000000000
143079  -9.049  -39.687  26.157 0.0000000000
143080  -9.096  -40.879  25.762 0.0000000000
143081  -9.042  -40.272  25.786 0.0000000000
143082  -8.918  -39.694  25.779 0.0000000000
143083  -8.711  -39.775  25.408 0.0000000000
143084  -8.431  -39.777  25.081 0.0000000000
143085  -8.067  -39.780  24.747 0.0000000000
143086  -7.986  -40.341  24.338 0.0000000000
143087  -7.919  -40.911  23.938 0.0000000000
143088  -7.863  -41.498  23.520 0.0000000000
143089  -8.594  -42.080  23.859 0.0000000000
143090  -8.218  -42.059  23.472 0.0000000000
143091  -7.797  -42.090  23.069 0.0000000000
143092  -7.697  -42.608  22.631 0.0000000000
143093  -7.593  -43.073  22.199 0.0000000000
143094  -7.518  -43.553  21.723 0.0000000000
143095  -7.852  -44.059  21.654 0.0000000000
143096  -8.128  -44.593  21.548 0.0000000000
143097  -8.354  -45.124  21.473 0.0000000000
143098  -8.671  -44.674  22.435 0.0000000000
143099  -8.578  -45.186  21.928 0.0000000000
143100  -8.500  -45.652  21.409 0.0000000000
143101  -8.488  -46.125  21.304 0.0000000000
143102  -8.291  -46.615  21.162 0.0000000000
143103  -7.915  -47.024  20.992 0.0000000000
143104  -8.284  -44.477  23.937 0.0000000000
143105  -8.203  -45.003  23.476 0.0000000000
143106  -8.112  -45.514  22.988 0.0000000000
143107  -7.108  -45.692  23.083 0.0000000000
143108  -7.580  -45.858  22.787 0.0000000000
143109  -7.995  -46.044  22.471 0.0000000000
143110  -7.802  -46.484  21.946 0.0000000000
143111  -7.617  -46.931  21.382 0.0000000000
143112  -7.373  -47.353  20.750 0.0000000000
143113  -6.654  -47.551  20.411 0.0000000000
143116  -5.205  -47.542  20.890 0.0000000000
149029  -11.937  -36.409  5.722 0.0000000000
149031  -11.976  -36.851  5.651 0.0000000000
149036  -6.316  -38.019  5.563 0.0000000000
159229  -3.974  -36.430  30.115 0.0000000000
159231  -3.989  -36.954  29.440 0.0000000000
159232  -4.069  -37.617  29.240 0.0000000000
159233  -4.136  -38.231  29.041 0.0000000000
159239  -4.113  -39.100  30.389 0.0000000000
159240  -4.074  -38.996  29.867 0.0000000000
159241  -4.104  -38.904  29.349 0.0000000000
159242  -4.230  -38.802  28.875 0.0000000000
159243  -4.323  -39.415  28.687 0.0000000000
159244  -4.420  -40.048  28.480 0.0000000000
159245  -4.490  -40.625  28.272 0.0000000000
159246  -4.244  -41.517  29.078 0.0000000000
159247  -4.354  -41.340  28.521 0.0000000000
159248  -4.544  -41.209  28.003 0.0000000000
159249  -4.617  -41.741  27.755 0.0000000000
159250  -4.661  -42.324  27.520 0.0000000000
159251  -4.680  -42.903  27.261 0.0000000000
159255  -7.951  -46.076  30.321 0.0000000000
159261  -7.428  -48.762  29.642 0.0000000000
159262  -6.954  -48.222  29.883 0.0000000000
159263  -6.524  -47.658  30.070 0.0000000000
159264  -5.847  -48.411  29.752 0.0000000000
159265  -5.950  -47.744  30.066 0.0000000000
159266  -6.145  -47.060  30.214 0.0000000000
159267  -5.766  -46.423  30.362 0.0000000000
159270  -4.644  -44.911  30.150 0.0000000000
159271  -4.494  -44.730  29.634 0.0000000000
159272  -4.407  -44.547  29.116 0.0000000000
159273  -4.537  -46.097  28.972 0.0000000000
159274  -4.439  -45.176  28.804 0.0000000000
159275  -4.391  -44.261  28.585 0.0000000000
159276  -4.447  -44.031  28.051 0.0000000000
159277  -4.565  -43.802  27.526 0.0000000000
159278  -4.752  -43.583  27.006 0.0000000000
159279  -4.815  -44.215  26.700 0.0000000000
159280  -4.864  -44.796  26.332 0.0000000000
159281  -4.881  -45.384  25.905 0.0000000000
159282  -4.668  -46.546  26.477 0.0000000000
159283  -4.740  -46.215  25.943 0.0000000000
159284  -4.848  -45.909  25.452 0.0000000000
159285  -4.785  -46.365  24.960 0.0000000000
159286  -4.696  -46.827  24.458 0.0000000000
159287  -4.570  -47.254  23.948 0.0000000000
159288  -4.608  -49.662  26.573 0.0000000000
159289  -4.549  -49.357  25.989 0.0000000000
159290  -4.512  -49.046  25.473 0.0000000000
159291  -4.592  -50.130  24.659 0.0000000000
159292  -4.461  -49.431  24.799 0.0000000000
159293  -4.443  -48.663  24.878 0.0000000000
159294  -4.423  -48.304  24.315 0.0000000000
159295  -4.419  -48.041  23.835 0.0000000000
159296  -4.475  -47.705  23.377 0.0000000000
159297  -4.397  -48.136  22.785 0.0000000000
159298  -4.353  -48.516  22.194 0.0000000000
159299  -4.356  -48.951  21.596 0.0000000000
159300  -4.556  -50.057  21.916 0.0000000000
159301  -4.481  -49.732  21.462 0.0000000000
160010  -4.500  -38.966  5.898 0.0000000000
160011  -4.642  -39.545  5.961 0.0000000000
160013  -4.058  -39.784  6.130 0.0000000000
160014  -4.847  -40.123  6.073 0.0000000000
160015  -5.116  -40.700  6.217 0.0000000000
160016  -5.435  -41.283  6.364 0.0000000000
160017  -5.792  -41.855  6.538 0.0000000000
160019  -2.011  -40.945  7.018 0.0000000000
160020  -2.834  -41.173  6.969 0.0000000000
160021  -2.958  -41.964  7.614 0.0000000000
160022  -3.303  -41.685  7.229 0.0000000000
160023  -3.683  -41.438  6.904 0.0000000000
160024  -4.599  -41.762  6.849 0.0000000000
160025  -5.426  -42.100  6.807 0.0000000000
160026  -6.202  -42.413  6.732 0.0000000000
160027  -6.670  -42.955  6.934 0.0000000000
160030  -6.758  -43.985  7.804 0.0000000000
160063  -6.486  -43.976  20.309 0.0000000000
160064  -5.982  -43.970  19.827 0.0000000000
160065  -5.409  -43.899  19.377 0.0000000000
160066  -6.112  -44.826  18.678 0.0000000000
160067  -5.499  -44.336  18.786 0.0000000000
160068  -4.873  -43.847  18.869 0.0000000000
160069  -4.346  -43.758  18.318 0.0000000000
160070  -3.812  -43.628  17.725 0.0000000000
160071  -3.338  -43.495  17.152 0.0000000000
160074  -5.642  -45.301  16.543 0.0000000000
160076  -5.207  -45.137  16.026 0.0000000000
160077  -4.925  -44.799  16.589 0.0000000000
160078  -4.218  -44.297  16.605 0.0000000000
160079  -3.538  -43.820  16.570 0.0000000000
160080  -2.889  -43.369  16.606 0.0000000000
160081  -2.369  -43.283  16.041 0.0000000000
160082  -1.822  -43.271  15.443 0.0000000000
160084  -2.550  -43.823  14.294 0.0000000000
160085  -1.687  -43.552  14.236 0.0000000000
160092  -1.552  -43.449  10.848 0.0000000000
160093  -2.597  -43.941  11.698 0.0000000000
160094  -2.400  -43.758  11.110 0.0000000000
160095  -2.186  -43.511  10.538 0.0000000000
160096  -2.924  -43.655  10.268 0.0000000000
160097  -3.749  -43.820  10.044 0.0000000000
160098  -4.622  -44.082  9.835 0.0000000000
160101  -5.725  -45.328  11.332 0.0000000000
160104  -5.578  -45.077  10.891 0.0000000000
160105  -5.488  -44.847  10.478 0.0000000000
160106  -5.459  -44.615  10.078 0.0000000000
160107  -5.473  -44.416  9.604 0.0000000000
160108  -6.267  -44.769  9.347 0.0000000000
160109  -7.051  -45.139  9.123 0.0000000000
