#!ascii label  , from subject fsaverage vox2ras=TkReg
458
354  -3.154  -23.745  3.982 0.0000000000
834  -5.708  -26.702  6.683 0.0000000000
835  -6.598  -28.112  1.375 0.0000000000
836  -7.842  -31.370  3.817 0.0000000000
1310  -2.080  -15.055  10.068 0.0000000000
1791  -9.199  -28.731  -2.629 0.0000000000
2407  -1.396  -16.834  5.931 0.0000000000
2408  -3.133  -21.451  8.407 0.0000000000
2754  -6.676  -28.248  8.147 0.0000000000
2755  -6.760  -28.885  5.284 0.0000000000
2756  -7.612  -30.272  6.723 0.0000000000
3939  -2.586  -21.600  2.865 0.0000000000
5370  -1.417  -14.081  5.027 0.0000000000
5373  -2.383  -18.376  9.225 0.0000000000
5374  -3.321  -20.785  10.407 0.0000000000
6108  -4.417  -25.253  5.249 0.0000000000
6109  -4.450  -26.112  2.634 0.0000000000
6110  -5.886  -27.372  3.944 0.0000000000
6111  -7.266  -29.903  2.473 0.0000000000
6968  -1.880  -14.487  11.827 0.0000000000
8017  -8.526  -26.467  -3.192 0.0000000000
9776  -1.685  -18.023  3.697 0.0000000000
9777  -1.971  -20.342  4.952 0.0000000000
9778  -1.664  -15.850  8.141 0.0000000000
9779  -1.932  -19.253  7.205 0.0000000000
9780  -2.962  -22.485  6.275 0.0000000000
9781  -4.379  -24.256  7.629 0.0000000000
10435  -7.115  -29.218  7.460 0.0000000000
10436  -7.427  -30.093  8.251 0.0000000000
11619  -2.767  -22.691  3.458 0.0000000000
11620  -2.998  -23.166  2.177 0.0000000000
11621  -3.218  -24.190  2.750 0.0000000000
14019  -5.111  -25.969  5.912 0.0000000000
14020  -5.137  -26.346  4.569 0.0000000000
14021  -5.762  -27.053  5.284 0.0000000000
14022  -7.266  -30.085  4.568 0.0000000000
14023  -6.937  -29.355  3.855 0.0000000000
14024  -7.553  -30.702  3.116 0.0000000000
14025  -7.980  -31.332  1.754 0.0000000000
14026  -8.260  -32.070  2.366 0.0000000000
17582  -5.447  -26.984  2.050 0.0000000000
17584  -5.903  -27.205  0.924 0.0000000000
17587  -8.205  -27.565  -1.946 0.0000000000
17588  -7.699  -26.449  -2.292 0.0000000000
17589  -8.997  -27.526  -2.781 0.0000000000
17591  -9.960  -28.579  -3.485 0.0000000000
21869  -1.575  -12.106  3.012 0.0000000000
21871  -1.537  -13.424  3.421 0.0000000000
21872  -1.370  -15.487  5.447 0.0000000000
21873  -1.440  -16.194  4.272 0.0000000000
21874  -1.456  -17.408  4.825 0.0000000000
21875  -1.790  -19.261  4.319 0.0000000000
21876  -1.569  -18.651  5.470 0.0000000000
21877  -1.883  -13.634  9.617 0.0000000000
21878  -1.700  -14.002  8.632 0.0000000000
21879  -1.889  -15.366  9.114 0.0000000000
21881  -2.151  -18.784  8.225 0.0000000000
21882  -2.493  -20.380  7.760 0.0000000000
21883  -2.349  -20.900  6.714 0.0000000000
21884  -3.025  -21.953  7.356 0.0000000000
21885  -3.650  -23.406  6.894 0.0000000000
21886  -3.717  -22.914  8.040 0.0000000000
22908  -8.677  -32.114  6.752 0.0000000000
22909  -9.546  -33.199  6.143 0.0000000000
23388  -6.223  -27.433  7.377 0.0000000000
23389  -6.252  -27.745  6.015 0.0000000000
23390  -6.705  -28.494  6.774 0.0000000000
23391  -7.158  -29.601  5.989 0.0000000000
23392  -7.643  -30.713  5.285 0.0000000000
25521  -2.460  -20.431  2.214 0.0000000000
25523  -2.878  -21.988  1.628 0.0000000000
25526  -7.503  -29.467  0.703 0.0000000000
25527  -7.105  -28.340  0.294 0.0000000000
28098  -1.523  -12.714  4.587 0.0000000000
28100  -1.459  -13.457  6.166 0.0000000000
28101  -1.396  -14.906  6.586 0.0000000000
28102  -2.330  -16.386  10.604 0.0000000000
28103  -2.195  -16.725  9.650 0.0000000000
28104  -2.543  -18.013  10.213 0.0000000000
28722  -10.746  -34.231  5.448 0.0000000000
28725  -14.271  -35.840  3.426 0.0000000000
29610  -3.718  -24.541  4.603 0.0000000000
29611  -3.674  -25.051  3.247 0.0000000000
29612  -4.354  -25.663  3.940 0.0000000000
29613  -5.227  -26.698  3.288 0.0000000000
29614  -6.142  -27.751  2.640 0.0000000000
29615  -6.373  -28.161  4.572 0.0000000000
29616  -6.604  -28.540  3.221 0.0000000000
29617  -6.986  -29.028  1.917 0.0000000000
29618  -7.736  -30.420  1.223 0.0000000000
31620  -2.098  -14.771  10.980 0.0000000000
34370  -6.602  -27.381  -0.081 0.0000000000
34373  -6.257  -25.582  -2.000 0.0000000000
34374  -7.136  -25.657  -2.941 0.0000000000
39562  -1.491  -14.784  3.791 0.0000000000
39563  -1.642  -16.791  3.136 0.0000000000
39564  -1.986  -18.649  2.636 0.0000000000
39565  -2.118  -19.818  3.266 0.0000000000
39566  -2.265  -20.940  3.918 0.0000000000
39567  -2.535  -22.064  4.521 0.0000000000
39569  -1.504  -14.448  7.695 0.0000000000
39570  -1.488  -16.280  7.071 0.0000000000
39571  -1.964  -17.132  8.683 0.0000000000
39572  -1.735  -17.607  7.660 0.0000000000
39573  -1.561  -18.045  6.582 0.0000000000
39574  -1.870  -19.857  6.119 0.0000000000
39575  -2.368  -21.447  5.636 0.0000000000
39576  -3.041  -23.109  5.147 0.0000000000
39577  -3.650  -23.940  5.771 0.0000000000
39578  -4.365  -24.728  6.456 0.0000000000
39579  -5.053  -25.500  7.183 0.0000000000
39581  -5.054  -25.076  8.370 0.0000000000
39582  -5.659  -26.252  7.907 0.0000000000
40801  -7.971  -31.040  7.541 0.0000000000
40803  -8.397  -32.008  4.620 0.0000000000
40805  -9.406  -33.242  3.969 0.0000000000
42339  -2.926  -23.258  3.708 0.0000000000
42340  -2.994  -23.457  3.108 0.0000000000
42341  -3.163  -23.974  3.340 0.0000000000
44739  -5.415  -26.327  6.301 0.0000000000
44740  -5.451  -26.525  5.604 0.0000000000
44741  -5.719  -26.856  5.990 0.0000000000
44742  -7.542  -30.734  4.190 0.0000000000
44743  -7.392  -30.400  3.845 0.0000000000
44744  -7.690  -31.057  3.476 0.0000000000
44745  -7.880  -31.381  2.751 0.0000000000
48302  -6.031  -27.515  1.720 0.0000000000
48303  -5.665  -27.112  1.474 0.0000000000
48304  -6.295  -27.644  1.165 0.0000000000
48306  -8.378  -28.126  -1.826 0.0000000000
48307  -8.730  -28.140  -2.268 0.0000000000
48308  -8.581  -27.546  -2.357 0.0000000000
48309  -9.114  -28.105  -2.674 0.0000000000
48310  -9.483  -28.057  -3.106 0.0000000000
48311  -9.579  -28.685  -3.046 0.0000000000
52589  -1.601  -11.710  3.643 0.0000000000
52590  -1.565  -12.768  3.216 0.0000000000
52591  -1.564  -12.394  3.846 0.0000000000
52592  -1.373  -16.190  5.656 0.0000000000
52593  -1.397  -16.466  5.120 0.0000000000
52594  -1.403  -17.117  5.348 0.0000000000
52595  -1.495  -18.030  5.133 0.0000000000
52596  -1.446  -17.733  5.713 0.0000000000
52597  -1.971  -14.354  9.841 0.0000000000
52598  -1.895  -14.531  9.372 0.0000000000
52599  -1.999  -15.223  9.602 0.0000000000
52600  -2.894  -20.686  8.607 0.0000000000
52601  -2.595  -20.134  8.293 0.0000000000
52602  -2.815  -20.917  8.083 0.0000000000
52603  -2.738  -21.170  7.567 0.0000000000
52605  -3.379  -22.470  7.690 0.0000000000
52606  -3.416  -22.204  8.222 0.0000000000
54339  -6.454  -27.810  7.764 0.0000000000
54340  -6.470  -27.961  7.104 0.0000000000
54341  -6.701  -28.348  7.491 0.0000000000
54342  -7.349  -29.712  7.137 0.0000000000
54343  -7.137  -29.358  6.734 0.0000000000
54344  -7.373  -29.918  6.361 0.0000000000
54345  -7.396  -30.152  5.637 0.0000000000
54346  -7.625  -30.479  5.989 0.0000000000
57894  -2.525  -21.052  2.540 0.0000000000
57895  -2.682  -21.262  1.917 0.0000000000
57896  -2.729  -21.803  2.256 0.0000000000
57897  -3.188  -23.923  1.862 0.0000000000
57898  -3.115  -23.324  1.602 0.0000000000
57904  -8.238  -30.311  -0.226 0.0000000000
62195  -1.418  -14.214  6.346 0.0000000000
62196  -1.459  -13.941  6.912 0.0000000000
62198  -2.427  -17.213  10.394 0.0000000000
62204  -3.310  -20.862  9.945 0.0000000000
63232  -14.041  -35.931  4.099 0.0000000000
63233  -13.771  -35.702  3.747 0.0000000000
63234  -14.713  -36.034  3.703 0.0000000000
65094  -4.055  -24.896  4.911 0.0000000000
65095  -4.019  -25.117  4.258 0.0000000000
65096  -4.392  -25.461  4.576 0.0000000000
65097  -5.552  -26.887  4.266 0.0000000000
65098  -5.183  -26.524  3.924 0.0000000000
65099  -5.587  -27.037  3.614 0.0000000000
65100  -5.684  -27.220  2.968 0.0000000000
65101  -5.968  -27.536  3.287 0.0000000000
65102  -6.497  -28.278  5.645 0.0000000000
65103  -6.283  -27.918  5.289 0.0000000000
65104  -6.568  -28.526  4.931 0.0000000000
65105  -7.089  -29.668  3.148 0.0000000000
65106  -6.773  -28.933  3.546 0.0000000000
65107  -6.933  -29.209  2.834 0.0000000000
65108  -6.773  -28.784  2.553 0.0000000000
65109  -7.137  -29.469  2.184 0.0000000000
65110  -7.382  -29.752  1.548 0.0000000000
65111  -7.485  -30.144  1.839 0.0000000000
69402  -1.834  -13.818  11.647 0.0000000000
69403  -1.945  -13.971  11.192 0.0000000000
69404  -2.024  -14.653  11.428 0.0000000000
69405  -2.198  -15.471  11.242 0.0000000000
69406  -2.097  -15.342  11.657 0.0000000000
75782  -4.023  -25.604  2.945 0.0000000000
75783  -3.691  -25.239  2.639 0.0000000000
75791  -6.846  -27.840  0.105 0.0000000000
75792  -7.254  -27.960  -0.391 0.0000000000
75799  -6.527  -25.994  -1.709 0.0000000000
75800  -8.103  -26.463  -2.742 0.0000000000
75801  -7.400  -26.007  -2.586 0.0000000000
75802  -7.856  -26.039  -3.071 0.0000000000
75803  -7.486  -25.676  -3.448 0.0000000000
75804  -8.193  -26.041  -3.523 0.0000000000
88657  -1.469  -13.403  4.800 0.0000000000
88658  -1.478  -13.779  4.176 0.0000000000
88659  -1.435  -14.434  4.420 0.0000000000
88660  -1.546  -17.114  3.957 0.0000000000
88661  -1.542  -16.477  3.692 0.0000000000
88662  -1.662  -17.425  3.396 0.0000000000
88663  -1.784  -17.721  2.847 0.0000000000
88664  -1.824  -18.333  3.163 0.0000000000
88665  -2.054  -19.238  2.949 0.0000000000
88666  -1.879  -18.931  3.473 0.0000000000
88667  -1.860  -19.839  4.635 0.0000000000
88668  -2.009  -20.129  4.095 0.0000000000
88669  -2.107  -20.645  4.437 0.0000000000
88670  -2.372  -21.499  4.254 0.0000000000
88671  -2.249  -21.194  4.749 0.0000000000
88675  -1.680  -14.933  8.399 0.0000000000
88676  -1.603  -14.224  8.167 0.0000000000
88677  -1.576  -15.168  7.912 0.0000000000
88678  -1.477  -15.325  7.376 0.0000000000
88679  -1.564  -16.021  7.619 0.0000000000
88680  -2.284  -17.577  9.446 0.0000000000
88681  -2.079  -16.909  9.168 0.0000000000
88683  -2.017  -19.011  7.719 0.0000000000
88684  -1.919  -18.206  7.932 0.0000000000
88685  -1.812  -18.433  7.423 0.0000000000
88686  -1.647  -17.826  7.146 0.0000000000
88687  -1.731  -18.680  6.900 0.0000000000
88688  -1.704  -18.993  6.370 0.0000000000
88689  -1.885  -19.551  6.667 0.0000000000
88690  -2.617  -21.689  6.486 0.0000000000
88691  -2.314  -21.175  6.177 0.0000000000
88692  -2.642  -21.966  5.962 0.0000000000
88693  -2.689  -22.272  5.421 0.0000000000
88694  -2.992  -22.817  5.677 0.0000000000
88695  -3.339  -23.563  5.441 0.0000000000
88696  -3.305  -23.240  6.022 0.0000000000
88697  -4.024  -23.845  7.273 0.0000000000
88698  -4.001  -24.084  6.683 0.0000000000
88699  -4.355  -24.492  7.015 0.0000000000
88700  -4.719  -25.108  6.834 0.0000000000
88701  -4.712  -24.868  7.430 0.0000000000
88705  -5.335  -25.411  9.245 0.0000000000
88708  -5.353  -25.662  8.143 0.0000000000
88709  -5.652  -26.100  8.478 0.0000000000
88710  -5.936  -26.705  8.213 0.0000000000
91758  -7.784  -31.084  8.226 0.0000000000
91760  -8.846  -32.295  6.100 0.0000000000
91761  -8.440  -31.705  6.479 0.0000000000
91762  -8.575  -31.980  5.706 0.0000000000
91764  -8.704  -32.263  5.043 0.0000000000
91772  -9.335  -33.339  2.932 0.0000000000
92509  -6.894  -28.743  7.803 0.0000000000
92510  -7.075  -29.138  8.156 0.0000000000
92512  -7.518  -30.087  7.515 0.0000000000
94641  -2.660  -22.126  3.172 0.0000000000
94642  -2.796  -22.363  2.532 0.0000000000
94643  -2.879  -22.915  2.834 0.0000000000
94645  -3.278  -24.397  2.145 0.0000000000
97228  -3.443  -21.422  11.122 0.0000000000
98961  -4.779  -25.609  5.587 0.0000000000
98962  -4.766  -25.810  4.897 0.0000000000
98963  -5.114  -26.149  5.243 0.0000000000
98964  -5.472  -26.700  4.925 0.0000000000
98965  -5.822  -27.234  4.580 0.0000000000
98966  -7.012  -29.480  4.917 0.0000000000
98967  -6.841  -29.149  4.564 0.0000000000
98968  -7.106  -29.757  4.195 0.0000000000
98969  -7.241  -30.039  3.472 0.0000000000
98970  -7.417  -30.359  2.774 0.0000000000
98971  -7.610  -30.607  2.116 0.0000000000
98972  -7.745  -31.021  2.423 0.0000000000
98974  -8.533  -32.384  1.697 0.0000000000
101547  -1.943  -15.226  12.045 0.0000000000
101548  -1.748  -15.166  12.440 0.0000000000
105374  -4.917  -26.554  2.331 0.0000000000
105375  -4.502  -26.248  2.041 0.0000000000
105376  -5.056  -26.656  1.754 0.0000000000
105377  -5.255  -26.751  1.199 0.0000000000
105378  -5.552  -26.843  0.669 0.0000000000
105383  -7.589  -27.024  -1.667 0.0000000000
105384  -7.275  -26.462  -1.879 0.0000000000
105385  -7.976  -26.992  -2.092 0.0000000000
105386  -8.395  -26.975  -2.499 0.0000000000
105387  -8.775  -26.973  -2.951 0.0000000000
105388  -9.121  -26.903  -3.383 0.0000000000
105389  -9.321  -27.454  -3.197 0.0000000000
105390  -9.840  -27.942  -3.537 0.0000000000
113096  -1.561  -13.787  2.797 0.0000000000
113097  -1.561  -14.452  3.008 0.0000000000
113098  -1.381  -14.779  5.230 0.0000000000
113099  -1.412  -15.113  4.643 0.0000000000
113100  -1.399  -15.797  4.881 0.0000000000
113101  -1.442  -16.810  4.552 0.0000000000
113102  -1.560  -17.728  4.249 0.0000000000
113103  -1.737  -18.654  4.004 0.0000000000
113104  -1.601  -18.384  4.556 0.0000000000
113105  -1.643  -18.950  4.888 0.0000000000
113106  -1.740  -19.543  5.185 0.0000000000
113109  -1.808  -13.834  9.144 0.0000000000
113110  -1.788  -14.662  8.895 0.0000000000
113111  -1.780  -15.604  8.647 0.0000000000
113114  -2.424  -19.353  8.528 0.0000000000
113115  -2.303  -19.584  7.995 0.0000000000
113116  -2.193  -19.828  7.482 0.0000000000
113117  -2.132  -20.107  6.941 0.0000000000
113118  -2.418  -20.638  7.263 0.0000000000
113119  -2.665  -21.424  7.035 0.0000000000
113120  -2.977  -22.206  6.821 0.0000000000
113121  -3.307  -22.974  6.598 0.0000000000
113122  -3.336  -22.708  7.140 0.0000000000
113123  -3.688  -23.170  7.475 0.0000000000
113124  -4.039  -23.598  7.842 0.0000000000
116010  -5.984  -27.075  7.022 0.0000000000
116011  -5.989  -27.228  6.353 0.0000000000
116012  -6.237  -27.598  6.718 0.0000000000
116013  -6.477  -28.124  6.381 0.0000000000
116014  -6.715  -28.682  6.010 0.0000000000
116015  -6.914  -28.854  7.119 0.0000000000
116016  -6.917  -29.015  6.379 0.0000000000
116017  -6.954  -29.249  5.626 0.0000000000
116018  -7.191  -29.825  5.267 0.0000000000
116019  -7.432  -30.403  4.909 0.0000000000
116020  -7.721  -31.049  4.529 0.0000000000
120987  -2.391  -19.846  1.917 0.0000000000
120989  -2.613  -20.629  1.624 0.0000000000
120992  -2.917  -22.521  1.935 0.0000000000
120994  -3.205  -22.905  0.728 0.0000000000
120998  -7.068  -28.765  1.071 0.0000000000
120999  -6.837  -28.224  0.830 0.0000000000
121000  -7.334  -28.915  0.481 0.0000000000
121008  -9.266  -29.296  -2.558 0.0000000000
121009  -9.617  -29.280  -2.993 0.0000000000
127002  -1.572  -12.021  4.420 0.0000000000
127003  -1.625  -11.631  5.015 0.0000000000
127004  -1.555  -12.373  5.183 0.0000000000
127005  -1.476  -13.069  5.392 0.0000000000
127007  -1.511  -12.800  5.938 0.0000000000
127008  -1.410  -13.771  5.590 0.0000000000
127009  -1.365  -14.521  5.772 0.0000000000
127010  -1.358  -15.250  5.992 0.0000000000
127011  -1.376  -15.926  6.252 0.0000000000
127012  -2.199  -15.723  10.311 0.0000000000
127013  -2.129  -15.882  9.838 0.0000000000
127014  -2.277  -16.553  10.122 0.0000000000
127015  -2.369  -17.404  9.913 0.0000000000
127016  -2.473  -18.182  9.726 0.0000000000
128462  -13.375  -35.513  3.339 0.0000000000
130836  -3.416  -24.165  4.296 0.0000000000
130837  -3.405  -24.429  3.613 0.0000000000
130838  -3.680  -24.780  3.939 0.0000000000
130839  -3.979  -25.375  3.585 0.0000000000
130840  -4.388  -25.903  3.275 0.0000000000
130841  -4.766  -26.009  4.235 0.0000000000
130842  -4.770  -26.174  3.613 0.0000000000
130843  -4.836  -26.382  2.966 0.0000000000
130844  -5.323  -26.863  2.665 0.0000000000
130845  -5.803  -27.347  2.345 0.0000000000
130846  -6.325  -27.920  1.985 0.0000000000
130847  -6.006  -27.379  5.653 0.0000000000
130848  -6.062  -27.579  4.939 0.0000000000
130849  -6.163  -27.786  4.217 0.0000000000
130850  -6.656  -28.737  4.221 0.0000000000
130851  -6.480  -28.358  3.878 0.0000000000
130852  -6.239  -27.928  3.578 0.0000000000
130853  -6.367  -28.094  2.917 0.0000000000
130854  -6.564  -28.339  2.276 0.0000000000
130855  -6.791  -28.544  1.640 0.0000000000
130856  -7.228  -29.270  1.310 0.0000000000
130857  -7.623  -29.949  0.962 0.0000000000
130858  -8.017  -30.622  0.603 0.0000000000
130859  -7.838  -30.871  1.498 0.0000000000
130860  -8.122  -31.110  0.860 0.0000000000
136287  -2.011  -14.183  10.292 0.0000000000
136295  -2.007  -14.093  10.743 0.0000000000
136296  -2.129  -14.887  10.529 0.0000000000
136298  -2.334  -16.255  11.039 0.0000000000
144143  -3.420  -24.650  2.981 0.0000000000
144152  -6.522  -27.719  0.626 0.0000000000
144153  -6.203  -27.283  0.418 0.0000000000
144156  -6.299  -26.924  -0.327 0.0000000000
144158  -5.329  -26.127  -0.334 0.0000000000
144161  -5.207  -25.291  -1.347 0.0000000000
144164  -6.948  -25.971  -2.143 0.0000000000
144165  -6.668  -25.604  -2.446 0.0000000000
144179  -10.009  -29.201  -3.435 0.0000000000
159640  -1.513  -13.090  4.013 0.0000000000
159641  -1.515  -14.126  3.598 0.0000000000
159642  -1.557  -15.136  3.179 0.0000000000
159643  -1.465  -15.446  4.015 0.0000000000
159644  -1.543  -15.791  3.452 0.0000000000
159645  -1.633  -16.131  2.850 0.0000000000
159648  -2.154  -18.966  2.117 0.0000000000
159649  -2.221  -19.536  2.427 0.0000000000
159650  -2.292  -20.126  2.738 0.0000000000
159651  -2.357  -20.733  3.067 0.0000000000
159652  -1.948  -19.534  3.785 0.0000000000
159653  -2.187  -20.389  3.577 0.0000000000
159654  -2.422  -21.249  3.409 0.0000000000
159655  -2.513  -21.796  3.716 0.0000000000
159656  -2.658  -22.358  4.006 0.0000000000
159657  -2.860  -22.912  4.295 0.0000000000
159663  -1.494  -13.734  7.474 0.0000000000
159664  -1.418  -14.598  7.159 0.0000000000
159665  -1.419  -15.587  6.828 0.0000000000
159666  -1.431  -16.556  6.513 0.0000000000
159667  -2.028  -16.045  9.373 0.0000000000
159668  -1.910  -16.262  8.904 0.0000000000
159669  -1.797  -16.505  8.415 0.0000000000
159670  -2.034  -17.982  8.447 0.0000000000
159671  -1.840  -17.388  8.179 0.0000000000
159672  -1.683  -16.714  7.887 0.0000000000
159673  -1.589  -16.967  7.395 0.0000000000
159674  -1.520  -17.200  6.839 0.0000000000
159675  -1.452  -17.435  6.277 0.0000000000
159676  -1.557  -18.371  6.056 0.0000000000
159677  -1.700  -19.289  5.794 0.0000000000
159678  -1.890  -20.122  5.521 0.0000000000
159679  -2.086  -20.383  6.406 0.0000000000
159680  -2.085  -20.673  5.866 0.0000000000
159681  -2.139  -20.912  5.285 0.0000000000
159682  -2.440  -21.747  5.078 0.0000000000
159683  -2.764  -22.585  4.860 0.0000000000
159684  -3.105  -23.424  4.586 0.0000000000
159685  -3.367  -23.866  4.905 0.0000000000
159686  -3.689  -24.264  5.184 0.0000000000
159687  -4.009  -24.605  5.506 0.0000000000
159688  -3.646  -23.661  6.359 0.0000000000
159689  -3.993  -24.324  6.112 0.0000000000
159690  -4.371  -24.967  5.866 0.0000000000
159691  -4.742  -25.348  6.236 0.0000000000
159692  -5.080  -25.729  6.577 0.0000000000
159693  -5.391  -26.118  6.933 0.0000000000
159695  -4.070  -23.382  8.389 0.0000000000
159696  -4.400  -24.044  8.187 0.0000000000
159699  -4.721  -24.659  7.992 0.0000000000
159700  -5.040  -25.277  7.761 0.0000000000
159701  -5.364  -25.883  7.532 0.0000000000
159702  -5.679  -26.473  7.288 0.0000000000
159703  -5.951  -26.871  7.631 0.0000000000
159704  -6.187  -27.274  8.024 0.0000000000
159705  -6.392  -27.695  8.441 0.0000000000
163358  -7.681  -30.560  7.880 0.0000000000
163359  -7.800  -30.600  7.174 0.0000000000
163361  -8.105  -31.165  6.816 0.0000000000
163362  -7.891  -30.833  6.400 0.0000000000
163363  -7.940  -31.112  5.655 0.0000000000
163367  -9.802  -33.344  5.489 0.0000000000
163368  -9.530  -33.096  5.080 0.0000000000
163373  -8.527  -32.338  3.906 0.0000000000
163390  -15.257  -36.101  3.398 0.0000000000
163391  -14.880  -35.907  3.033 0.0000000000
163392  -14.494  -35.786  2.551 0.0000000000
