#!ascii label  , from subject fsaverage vox2ras=TkReg
672
81  -44.508  8.676  -24.111 0.0000000000
332  -55.416  3.879  -11.269 0.0000000000
610  -49.269  8.453  -23.006 0.0000000000
1358  -47.152  4.776  -19.935 0.0000000000
1359  -50.218  9.020  -17.145 0.0000000000
1360  -47.142  12.271  -22.771 0.0000000000
1751  -40.900  10.642  -28.327 0.0000000000
1752  -43.362  14.018  -28.572 0.0000000000
2464  -51.637  4.276  -12.312 0.0000000000
2465  -53.015  6.195  -16.555 0.0000000000
2733  -29.240  8.170  -34.409 0.0000000000
3278  -45.972  6.877  -22.059 0.0000000000
3279  -47.205  9.861  -20.899 0.0000000000
3280  -45.560  11.524  -23.379 0.0000000000
3873  -56.201  2.512  -8.807 0.0000000000
3878  -38.839  11.125  -30.733 0.0000000000
3879  -39.787  14.204  -30.609 0.0000000000
5516  -50.467  9.770  -19.708 0.0000000000
5517  -51.844  8.191  -16.697 0.0000000000
5518  -51.241  7.373  -19.663 0.0000000000
5521  -42.540  13.062  -31.467 0.0000000000
6070  -54.367  3.093  -9.225 0.0000000000
7053  -49.709  5.180  -16.356 0.0000000000
7054  -48.437  7.913  -18.559 0.0000000000
7055  -48.817  10.899  -19.962 0.0000000000
7056  -48.741  11.146  -22.807 0.0000000000
7925  -42.816  9.919  -26.273 0.0000000000
7926  -43.620  12.813  -25.935 0.0000000000
7927  -41.786  13.427  -28.227 0.0000000000
7928  -41.335  14.839  -31.028 0.0000000000
8505  -46.221  2.122  -20.822 0.0000000000
8506  -45.124  4.268  -22.776 0.0000000000
8515  -43.773  6.229  -24.708 0.0000000000
8516  -42.144  7.421  -26.549 0.0000000000
8517  -40.212  8.099  -28.440 0.0000000000
8518  -38.230  8.402  -30.450 0.0000000000
9948  -53.582  5.138  -11.180 0.0000000000
9949  -51.244  6.787  -14.687 0.0000000000
9950  -52.875  6.873  -13.679 0.0000000000
9951  -54.192  5.092  -13.885 0.0000000000
9955  -45.275  13.547  -25.833 0.0000000000
9956  -46.788  12.182  -25.657 0.0000000000
10413  -28.558  7.087  -34.364 0.0000000000
10414  -27.825  8.626  -35.398 0.0000000000
10415  -27.440  7.307  -35.375 0.0000000000
10958  -45.303  7.786  -23.032 0.0000000000
10959  -45.817  9.394  -22.605 0.0000000000
10960  -44.963  10.142  -23.701 0.0000000000
11553  -55.907  3.276  -9.971 0.0000000000
11554  -56.356  2.474  -10.033 0.0000000000
13196  -50.177  9.363  -21.376 0.0000000000
13197  -51.001  8.754  -19.589 0.0000000000
13198  -50.340  7.960  -21.362 0.0000000000
13199  -50.286  6.468  -21.423 0.0000000000
13956  -54.506  1.948  -8.422 0.0000000000
13957  -53.263  1.432  -8.885 0.0000000000
15593  -47.727  3.532  -18.851 0.0000000000
15594  -48.374  5.216  -18.258 0.0000000000
15595  -47.739  6.472  -19.319 0.0000000000
15596  -47.140  11.394  -21.671 0.0000000000
15597  -47.971  10.709  -20.352 0.0000000000
15598  -48.040  11.584  -21.411 0.0000000000
15599  -48.934  11.332  -21.247 0.0000000000
15600  -48.037  11.845  -22.666 0.0000000000
17393  -41.952  10.330  -27.207 0.0000000000
17394  -42.244  11.877  -27.182 0.0000000000
17395  -41.286  12.235  -28.292 0.0000000000
17397  -40.537  14.881  -30.720 0.0000000000
18741  -45.739  3.185  -21.770 0.0000000000
18771  -39.221  8.297  -29.469 0.0000000000
18772  -38.944  6.982  -29.083 0.0000000000
18779  -36.995  7.057  -30.737 0.0000000000
22304  -52.754  3.811  -10.531 0.0000000000
22305  -52.530  5.027  -11.611 0.0000000000
22306  -49.961  7.582  -16.608 0.0000000000
22307  -50.504  6.314  -15.580 0.0000000000
22308  -50.733  7.965  -16.023 0.0000000000
22309  -52.521  7.353  -16.523 0.0000000000
22310  -52.459  7.528  -15.146 0.0000000000
22311  -53.188  6.861  -15.034 0.0000000000
22312  -53.639  6.206  -13.701 0.0000000000
22313  -53.680  5.627  -15.081 0.0000000000
22321  -43.452  13.820  -27.086 0.0000000000
22322  -44.438  13.500  -25.817 0.0000000000
22323  -44.372  13.863  -27.218 0.0000000000
22325  -45.880  12.533  -27.287 0.0000000000
22326  -46.096  11.079  -27.099 0.0000000000
22328  -46.038  9.333  -27.063 0.0000000000
23351  -30.268  9.074  -34.443 0.0000000000
23353  -28.660  9.722  -35.345 0.0000000000
24332  -46.601  5.933  -21.045 0.0000000000
24333  -47.202  7.546  -20.470 0.0000000000
24334  -46.573  8.520  -21.517 0.0000000000
24335  -46.453  10.704  -22.085 0.0000000000
24336  -46.325  12.135  -23.001 0.0000000000
25403  -56.354  1.571  -7.752 0.0000000000
25405  -56.740  1.826  -8.851 0.0000000000
25412  -39.887  10.889  -29.589 0.0000000000
25413  -40.308  12.452  -29.457 0.0000000000
25414  -39.230  12.728  -30.706 0.0000000000
28359  -50.924  3.343  -13.224 0.0000000000
28360  -50.482  9.678  -18.179 0.0000000000
28361  -51.115  8.873  -16.921 0.0000000000
28362  -51.274  9.055  -18.054 0.0000000000
28363  -51.753  8.046  -18.031 0.0000000000
28364  -52.124  6.768  -18.160 0.0000000000
28365  -52.282  5.258  -18.474 0.0000000000
28369  -43.083  13.743  -30.029 0.0000000000
28370  -44.232  13.495  -28.678 0.0000000000
29522  -55.531  1.925  -8.008 0.0000000000
29523  -55.478  2.979  -8.930 0.0000000000
29524  -55.173  3.910  -9.912 0.0000000000
31815  -49.298  2.232  -16.065 0.0000000000
31816  -48.905  3.788  -17.207 0.0000000000
31817  -49.064  6.553  -17.491 0.0000000000
31818  -49.229  8.828  -17.803 0.0000000000
31819  -47.809  8.926  -19.723 0.0000000000
31820  -48.548  9.757  -19.072 0.0000000000
31821  -49.475  9.979  -18.523 0.0000000000
31822  -49.626  10.534  -19.823 0.0000000000
31823  -49.667  10.514  -21.290 0.0000000000
31824  -49.166  9.914  -22.936 0.0000000000
34127  -43.674  9.364  -25.270 0.0000000000
34128  -44.049  10.886  -24.990 0.0000000000
34129  -43.111  11.465  -26.162 0.0000000000
34130  -42.741  13.077  -27.101 0.0000000000
34131  -42.530  14.089  -28.388 0.0000000000
34132  -40.816  13.702  -29.362 0.0000000000
34133  -41.486  14.398  -29.596 0.0000000000
34134  -42.355  14.319  -29.868 0.0000000000
34135  -42.000  14.189  -31.336 0.0000000000
35786  -46.136  4.565  -21.516 0.0000000000
35787  -45.532  5.583  -22.471 0.0000000000
35788  -44.859  6.538  -23.444 0.0000000000
35815  -44.129  7.437  -24.485 0.0000000000
35816  -43.362  8.133  -25.479 0.0000000000
35817  -42.545  8.680  -26.381 0.0000000000
35818  -41.563  9.030  -27.393 0.0000000000
35819  -41.728  6.184  -26.502 0.0000000000
35820  -41.154  7.800  -27.460 0.0000000000
35821  -40.517  9.362  -28.478 0.0000000000
35822  -39.527  9.588  -29.611 0.0000000000
35823  -38.514  9.779  -30.660 0.0000000000
35824  -37.434  9.849  -31.619 0.0000000000
35831  -37.993  7.048  -29.949 0.0000000000
35832  -37.244  8.392  -31.246 0.0000000000
35835  -34.108  9.257  -33.371 0.0000000000
40078  -53.020  2.665  -9.719 0.0000000000
40079  -53.999  4.167  -10.113 0.0000000000
40080  -54.610  4.742  -11.050 0.0000000000
40081  -50.073  3.724  -15.294 0.0000000000
40082  -50.813  4.811  -14.349 0.0000000000
40083  -51.492  5.621  -13.439 0.0000000000
40084  -51.616  7.898  -15.556 0.0000000000
40085  -52.000  7.051  -14.117 0.0000000000
40086  -52.299  6.046  -12.783 0.0000000000
40087  -53.141  6.031  -12.424 0.0000000000
40088  -54.049  5.500  -12.390 0.0000000000
40089  -54.738  4.483  -12.590 0.0000000000
40099  -44.655  12.187  -24.646 0.0000000000
40100  -45.460  12.898  -24.377 0.0000000000
40101  -46.277  12.973  -24.231 0.0000000000
40102  -45.302  13.441  -27.235 0.0000000000
40103  -46.152  13.131  -25.819 0.0000000000
40104  -47.032  12.550  -24.320 0.0000000000
40105  -47.734  11.645  -24.231 0.0000000000
40106  -48.176  10.329  -24.201 0.0000000000
41133  -28.405  6.414  -34.273 0.0000000000
41134  -27.978  7.258  -34.856 0.0000000000
41135  -27.836  6.522  -34.771 0.0000000000
41136  -27.421  6.569  -35.224 0.0000000000
41137  -27.776  5.829  -34.614 0.0000000000
41678  -44.945  8.182  -23.535 0.0000000000
41679  -45.155  8.983  -23.337 0.0000000000
41680  -44.737  9.382  -23.890 0.0000000000
42273  -55.661  3.639  -10.618 0.0000000000
42274  -55.926  3.144  -10.676 0.0000000000
42275  -55.640  3.396  -11.335 0.0000000000
42277  -55.313  3.589  -12.045 0.0000000000
43916  -49.771  8.955  -22.202 0.0000000000
43917  -50.198  8.668  -21.384 0.0000000000
43918  -49.762  8.198  -22.233 0.0000000000
43919  -49.841  7.485  -22.264 0.0000000000
43920  -49.316  7.668  -23.027 0.0000000000
46313  -47.464  4.199  -19.382 0.0000000000
46314  -47.754  5.021  -19.105 0.0000000000
46315  -47.467  5.786  -19.673 0.0000000000
46316  -47.131  11.926  -22.214 0.0000000000
46317  -47.579  11.548  -21.523 0.0000000000
46318  -47.576  11.927  -22.133 0.0000000000
46319  -48.068  11.803  -21.997 0.0000000000
46320  -47.579  12.149  -22.717 0.0000000000
48113  -41.455  10.456  -27.706 0.0000000000
48114  -41.623  11.308  -27.743 0.0000000000
48115  -41.076  11.442  -28.330 0.0000000000
49461  -45.481  1.388  -21.609 0.0000000000
53021  -51.321  3.174  -12.209 0.0000000000
53023  -51.699  3.636  -11.769 0.0000000000
53024  -52.158  4.094  -11.418 0.0000000000
53025  -52.057  4.713  -11.912 0.0000000000
53026  -50.045  8.437  -16.805 0.0000000000
53027  -50.352  7.859  -16.285 0.0000000000
53028  -50.486  8.571  -16.608 0.0000000000
53029  -52.797  6.841  -16.526 0.0000000000
53030  -52.871  7.090  -15.769 0.0000000000
53031  -53.197  6.550  -15.706 0.0000000000
53032  -53.448  6.290  -15.024 0.0000000000
53033  -53.404  5.953  -15.755 0.0000000000
53034  -53.444  5.147  -16.033 0.0000000000
53035  -53.109  5.462  -16.745 0.0000000000
53041  -43.417  14.008  -27.862 0.0000000000
53042  -43.905  13.932  -27.225 0.0000000000
53043  -43.875  13.955  -27.916 0.0000000000
53047  -46.090  10.218  -27.020 0.0000000000
53048  -45.643  9.443  -27.721 0.0000000000
54278  -29.654  8.653  -34.419 0.0000000000
54279  -29.469  9.492  -34.885 0.0000000000
54280  -28.886  8.985  -34.871 0.0000000000
55913  -46.306  6.357  -21.533 0.0000000000
55914  -46.613  7.267  -21.314 0.0000000000
55915  -46.268  7.702  -21.801 0.0000000000
55916  -45.682  10.517  -22.943 0.0000000000
55917  -46.130  10.105  -22.341 0.0000000000
55918  -46.027  11.074  -22.699 0.0000000000
55919  -46.363  11.570  -22.577 0.0000000000
55920  -45.958  11.894  -23.168 0.0000000000
57698  -56.263  2.070  -8.272 0.0000000000
57699  -56.614  1.753  -8.260 0.0000000000
57700  -56.497  2.193  -8.801 0.0000000000
57713  -39.355  11.012  -30.164 0.0000000000
57714  -39.570  11.785  -30.161 0.0000000000
57715  -39.005  11.916  -30.768 0.0000000000
62626  -50.505  9.792  -18.943 0.0000000000
62627  -50.926  9.449  -18.126 0.0000000000
62628  -50.907  9.437  -18.806 0.0000000000
62629  -51.188  8.062  -19.570 0.0000000000
62630  -51.405  8.403  -18.759 0.0000000000
62631  -51.576  7.760  -18.793 0.0000000000
62632  -52.042  7.446  -18.019 0.0000000000
62633  -51.723  7.035  -18.909 0.0000000000
62634  -51.778  6.342  -19.053 0.0000000000
62635  -51.340  6.608  -19.776 0.0000000000
62637  -50.233  5.705  -21.452 0.0000000000
62641  -42.831  13.459  -30.755 0.0000000000
62642  -43.422  13.322  -30.070 0.0000000000
64906  -55.572  1.383  -7.531 0.0000000000
64907  -55.017  1.360  -7.742 0.0000000000
64908  -54.452  2.530  -8.829 0.0000000000
64909  -55.018  2.566  -8.648 0.0000000000
64910  -54.938  3.083  -9.046 0.0000000000
64911  -55.331  3.427  -9.382 0.0000000000
64912  -54.836  3.631  -9.483 0.0000000000
69819  -48.711  2.296  -17.027 0.0000000000
69820  -48.519  2.998  -17.539 0.0000000000
69821  -48.396  6.674  -18.436 0.0000000000
69822  -48.711  6.021  -17.871 0.0000000000
69823  -48.767  7.302  -17.990 0.0000000000
69824  -49.149  7.809  -17.586 0.0000000000
69825  -48.819  8.375  -18.128 0.0000000000
69826  -47.217  8.791  -20.667 0.0000000000
69827  -47.490  8.285  -20.098 0.0000000000
69828  -47.521  9.413  -20.298 0.0000000000
69829  -48.375  10.862  -20.158 0.0000000000
69830  -48.259  10.266  -19.742 0.0000000000
69831  -48.665  10.415  -19.497 0.0000000000
69832  -48.970  9.934  -18.805 0.0000000000
69833  -49.123  10.432  -19.266 0.0000000000
69834  -49.588  10.295  -19.107 0.0000000000
69835  -49.224  10.782  -19.876 0.0000000000
69836  -48.916  11.318  -21.982 0.0000000000
69837  -49.346  10.996  -21.264 0.0000000000
69838  -49.245  10.844  -22.035 0.0000000000
69839  -49.515  10.292  -22.088 0.0000000000
69840  -49.068  10.582  -22.818 0.0000000000
75218  -43.242  9.615  -25.777 0.0000000000
75219  -43.401  10.438  -25.727 0.0000000000
75220  -42.952  10.664  -26.226 0.0000000000
75221  -41.984  12.732  -27.677 0.0000000000
75222  -42.437  12.540  -27.120 0.0000000000
75223  -42.296  13.209  -27.645 0.0000000000
75224  -42.645  13.697  -27.635 0.0000000000
75225  -42.124  13.784  -28.260 0.0000000000
75226  -40.037  13.338  -29.984 0.0000000000
75227  -40.536  13.133  -29.385 0.0000000000
75228  -40.332  13.916  -29.953 0.0000000000
75229  -40.899  14.930  -30.883 0.0000000000
75230  -40.994  14.615  -30.169 0.0000000000
75231  -41.439  14.656  -30.262 0.0000000000
75232  -41.918  14.416  -29.659 0.0000000000
75233  -41.845  14.531  -30.434 0.0000000000
75234  -42.205  14.313  -30.595 0.0000000000
75235  -41.696  14.577  -31.221 0.0000000000
79258  -46.423  1.520  -20.273 0.0000000000
79259  -46.669  2.143  -20.066 0.0000000000
79260  -46.444  2.829  -20.610 0.0000000000
79261  -46.426  4.024  -20.961 0.0000000000
79262  -46.208  3.368  -21.145 0.0000000000
79264  -45.650  4.408  -22.129 0.0000000000
79265  -45.327  4.910  -22.639 0.0000000000
79266  -45.212  6.033  -22.929 0.0000000000
79267  -45.002  5.415  -23.099 0.0000000000
79334  -44.324  6.357  -24.052 0.0000000000
79335  -43.957  6.814  -24.598 0.0000000000
79336  -43.760  7.803  -24.985 0.0000000000
79337  -43.597  7.211  -25.079 0.0000000000
79338  -42.616  7.183  -26.056 0.0000000000
79339  -42.803  7.790  -25.993 0.0000000000
79340  -42.412  8.039  -26.419 0.0000000000
79341  -42.081  8.843  -26.862 0.0000000000
79342  -41.867  8.236  -26.956 0.0000000000
79346  -40.505  7.335  -27.892 0.0000000000
79347  -40.969  7.168  -27.422 0.0000000000
79348  -40.668  7.957  -27.938 0.0000000000
79349  -40.843  8.582  -27.948 0.0000000000
79350  -40.351  8.716  -28.461 0.0000000000
79351  -40.050  9.431  -29.021 0.0000000000
79352  -39.867  8.864  -29.017 0.0000000000
79353  -38.772  8.340  -29.937 0.0000000000
79354  -38.888  9.000  -30.114 0.0000000000
79355  -38.368  9.079  -30.562 0.0000000000
79356  -37.951  9.834  -31.161 0.0000000000
79357  -37.855  9.114  -31.034 0.0000000000
79376  -36.651  7.622  -31.338 0.0000000000
79377  -37.139  7.661  -30.954 0.0000000000
79378  -36.744  8.349  -31.640 0.0000000000
79386  -33.523  8.991  -33.485 0.0000000000
89949  -52.505  1.578  -9.615 0.0000000000
89950  -52.398  2.251  -10.035 0.0000000000
89951  -53.191  4.575  -10.805 0.0000000000
89952  -53.368  4.087  -10.336 0.0000000000
89953  -53.791  4.648  -10.623 0.0000000000
89954  -54.352  4.568  -10.539 0.0000000000
89955  -54.088  5.004  -11.082 0.0000000000
89956  -49.575  3.789  -16.207 0.0000000000
89958  -49.933  4.524  -15.828 0.0000000000
89959  -50.891  6.617  -15.093 0.0000000000
89960  -50.729  5.602  -14.933 0.0000000000
89961  -51.062  6.007  -14.416 0.0000000000
89962  -51.143  5.259  -13.852 0.0000000000
89963  -51.394  6.250  -14.019 0.0000000000
89964  -51.513  8.608  -16.828 0.0000000000
89965  -51.354  8.414  -16.243 0.0000000000
89966  -51.791  8.132  -16.073 0.0000000000
89967  -52.684  7.209  -14.381 0.0000000000
89968  -52.247  7.373  -14.576 0.0000000000
89969  -52.431  6.985  -13.804 0.0000000000
89970  -52.168  6.585  -13.416 0.0000000000
89971  -52.581  6.573  -13.165 0.0000000000
89972  -52.705  6.143  -12.545 0.0000000000
89973  -53.000  6.453  -13.023 0.0000000000
89974  -53.948  5.682  -13.703 0.0000000000
89975  -53.848  5.864  -13.030 0.0000000000
89976  -54.165  5.399  -13.054 0.0000000000
89977  -54.418  5.052  -12.455 0.0000000000
89978  -54.426  4.781  -13.274 0.0000000000
89979  -54.613  4.133  -13.261 0.0000000000
89980  -54.344  4.379  -14.031 0.0000000000
90001  -43.804  11.946  -25.475 0.0000000000
90002  -44.273  11.618  -24.841 0.0000000000
90003  -44.097  12.547  -25.342 0.0000000000
90004  -44.835  13.555  -25.825 0.0000000000
90005  -44.945  13.207  -25.101 0.0000000000
90006  -45.322  13.308  -25.106 0.0000000000
90007  -45.892  12.958  -24.267 0.0000000000
90008  -45.753  13.295  -25.097 0.0000000000
90012  -46.316  12.385  -26.496 0.0000000000
90013  -46.087  12.942  -26.572 0.0000000000
90014  -46.490  12.735  -25.838 0.0000000000
90015  -46.612  12.913  -25.049 0.0000000000
90016  -46.930  12.463  -24.996 0.0000000000
90017  -47.429  12.166  -24.211 0.0000000000
90018  -47.239  11.902  -24.918 0.0000000000
92471  -28.860  7.659  -34.395 0.0000000000
92472  -28.498  8.463  -34.894 0.0000000000
92473  -28.185  7.888  -34.908 0.0000000000
92474  -27.597  7.998  -35.414 0.0000000000
93452  -45.624  7.368  -22.559 0.0000000000
93453  -45.935  8.188  -22.328 0.0000000000
93454  -45.551  8.569  -22.811 0.0000000000
93455  -45.410  9.754  -23.127 0.0000000000
93456  -45.276  10.851  -23.482 0.0000000000
94523  -56.093  2.890  -9.325 0.0000000000
94524  -56.365  2.555  -9.351 0.0000000000
94525  -56.195  2.856  -9.954 0.0000000000
94526  -56.112  2.694  -10.673 0.0000000000
94532  -38.280  11.214  -31.259 0.0000000000
94533  -38.404  12.022  -31.310 0.0000000000
97480  -50.361  9.671  -20.536 0.0000000000
97481  -50.784  9.332  -19.641 0.0000000000
97482  -50.596  9.089  -20.565 0.0000000000
97483  -50.744  8.409  -20.466 0.0000000000
97484  -50.819  7.642  -20.467 0.0000000000
97485  -50.824  6.947  -20.514 0.0000000000
97486  -50.367  7.233  -21.376 0.0000000000
98850  -53.888  1.754  -8.650 0.0000000000
98851  -53.856  2.358  -9.027 0.0000000000
101796  -48.344  3.669  -18.057 0.0000000000
101797  -48.053  4.343  -18.575 0.0000000000
101798  -48.063  5.811  -18.764 0.0000000000
101799  -48.074  7.222  -18.952 0.0000000000
101800  -47.180  10.710  -21.244 0.0000000000
101801  -47.573  10.305  -20.530 0.0000000000
101802  -47.573  11.031  -21.002 0.0000000000
101803  -48.011  11.204  -20.797 0.0000000000
101804  -48.447  11.278  -20.750 0.0000000000
101805  -48.880  11.193  -20.572 0.0000000000
101806  -48.499  11.483  -21.300 0.0000000000
101807  -48.521  11.556  -21.945 0.0000000000
101808  -48.434  11.551  -22.748 0.0000000000
105035  -42.405  10.143  -26.729 0.0000000000
105036  -42.499  10.966  -26.753 0.0000000000
105037  -42.067  11.170  -27.258 0.0000000000
105038  -41.764  12.074  -27.751 0.0000000000
105039  -41.512  12.875  -28.220 0.0000000000
105040  -39.597  14.932  -31.241 0.0000000000
105041  -40.186  14.744  -30.610 0.0000000000
105042  -40.017  15.178  -31.371 0.0000000000
105043  -40.436  15.212  -31.478 0.0000000000
107460  -45.954  1.451  -21.006 0.0000000000
107461  -45.998  2.659  -21.318 0.0000000000
107462  -45.738  2.009  -21.489 0.0000000000
107509  -42.421  6.598  -26.134 0.0000000000
107514  -40.021  7.501  -28.365 0.0000000000
107515  -39.734  8.178  -28.954 0.0000000000
107516  -39.543  7.581  -28.839 0.0000000000
107517  -39.099  7.640  -29.303 0.0000000000
107518  -38.598  7.684  -29.777 0.0000000000
107531  -36.497  6.967  -31.064 0.0000000000
113873  -51.751  2.294  -10.773 0.0000000000
113874  -52.312  2.824  -10.437 0.0000000000
113875  -52.218  3.511  -10.918 0.0000000000
113876  -52.636  4.430  -11.071 0.0000000000
113877  -53.017  5.161  -11.357 0.0000000000
113878  -49.827  6.446  -16.483 0.0000000000
113879  -50.099  5.767  -15.959 0.0000000000
113880  -50.239  6.930  -16.128 0.0000000000
113881  -50.627  7.272  -15.719 0.0000000000
113882  -51.017  7.336  -15.386 0.0000000000
113883  -52.213  7.786  -16.521 0.0000000000
113884  -52.155  7.819  -15.900 0.0000000000
113885  -52.546  7.483  -15.784 0.0000000000
113886  -52.858  7.283  -15.004 0.0000000000
113887  -53.085  6.962  -14.337 0.0000000000
113888  -53.274  6.617  -13.684 0.0000000000
113889  -53.410  6.542  -14.381 0.0000000000
113890  -53.717  5.974  -14.307 0.0000000000
113891  -53.949  5.387  -14.502 0.0000000000
113892  -54.102  4.664  -14.683 0.0000000000
113894  -53.504  4.385  -16.267 0.0000000000
113905  -43.497  13.432  -26.484 0.0000000000
113906  -43.988  13.267  -25.884 0.0000000000
113907  -43.900  13.737  -26.487 0.0000000000
113908  -44.433  13.787  -26.474 0.0000000000
113909  -44.805  13.716  -26.542 0.0000000000
113913  -46.079  11.921  -27.108 0.0000000000
113914  -46.495  11.714  -26.403 0.0000000000
113915  -46.937  11.506  -25.665 0.0000000000
115928  -29.212  10.256  -35.307 0.0000000000
115930  -28.216  9.179  -35.333 0.0000000000
118214  -46.893  5.371  -20.518 0.0000000000
118215  -47.197  6.230  -20.249 0.0000000000
118216  -46.924  6.742  -20.802 0.0000000000
118217  -46.905  8.023  -20.996 0.0000000000
118218  -46.879  9.241  -21.208 0.0000000000
118219  -46.174  8.930  -22.058 0.0000000000
118220  -46.530  9.708  -21.769 0.0000000000
118221  -46.837  10.266  -21.495 0.0000000000
118222  -46.780  11.147  -21.904 0.0000000000
118223  -46.730  11.776  -22.315 0.0000000000
118224  -46.722  12.333  -22.888 0.0000000000
120715  -56.732  1.309  -7.727 0.0000000000
120716  -56.899  1.444  -8.284 0.0000000000
120717  -56.907  1.423  -8.962 0.0000000000
120718  -56.551  2.177  -9.445 0.0000000000
120719  -56.678  1.760  -9.559 0.0000000000
120734  -40.368  10.800  -28.958 0.0000000000
120735  -40.577  11.551  -28.901 0.0000000000
120736  -40.090  11.660  -29.510 0.0000000000
120737  -39.817  12.587  -30.055 0.0000000000
120738  -39.474  13.547  -30.641 0.0000000000
120739  -38.602  12.846  -31.277 0.0000000000
120740  -38.894  13.686  -31.225 0.0000000000
120741  -39.191  14.416  -31.211 0.0000000000
127611  -51.283  3.866  -12.737 0.0000000000
127612  -50.385  9.463  -17.629 0.0000000000
127613  -50.675  9.042  -17.039 0.0000000000
127614  -50.853  9.318  -17.538 0.0000000000
127615  -51.245  9.059  -17.502 0.0000000000
127616  -51.569  8.665  -17.442 0.0000000000
127617  -51.184  8.986  -18.781 0.0000000000
127618  -51.566  8.654  -18.023 0.0000000000
127619  -51.858  8.165  -17.331 0.0000000000
127620  -52.159  7.665  -17.257 0.0000000000
127621  -52.398  7.126  -17.321 0.0000000000
127622  -52.590  6.494  -17.342 0.0000000000
127623  -52.703  5.782  -17.507 0.0000000000
127624  -52.249  6.072  -18.276 0.0000000000
127625  -51.825  5.630  -19.179 0.0000000000
127627  -50.859  6.202  -20.550 0.0000000000
127633  -43.232  13.935  -29.336 0.0000000000
127634  -43.794  13.855  -28.634 0.0000000000
127635  -43.660  13.576  -29.371 0.0000000000
127636  -44.049  13.099  -29.403 0.0000000000
130599  -55.970  1.782  -7.847 0.0000000000
130600  -55.927  2.282  -8.330 0.0000000000
130601  -55.027  1.978  -8.200 0.0000000000
130602  -55.503  2.465  -8.472 0.0000000000
130603  -55.863  2.753  -8.808 0.0000000000
130604  -55.748  3.178  -9.351 0.0000000000
130605  -55.562  3.602  -9.911 0.0000000000
130606  -55.360  4.019  -10.493 0.0000000000
136823  -49.141  2.986  -16.619 0.0000000000
136824  -49.351  4.534  -16.742 0.0000000000
136825  -48.660  4.508  -17.703 0.0000000000
136826  -49.043  5.272  -17.342 0.0000000000
136827  -49.424  5.896  -16.906 0.0000000000
136828  -49.437  7.234  -17.075 0.0000000000
136829  -49.607  8.220  -17.163 0.0000000000
136830  -49.753  8.956  -17.424 0.0000000000
136831  -47.456  7.030  -19.894 0.0000000000
136832  -47.784  7.719  -19.488 0.0000000000
136833  -48.074  8.480  -19.158 0.0000000000
136834  -47.878  9.905  -20.001 0.0000000000
136835  -48.164  9.437  -19.406 0.0000000000
136836  -48.468  8.916  -18.718 0.0000000000
136837  -48.878  9.278  -18.367 0.0000000000
136838  -49.355  9.488  -18.137 0.0000000000
136839  -49.920  9.460  -17.786 0.0000000000
136840  -50.044  9.807  -18.279 0.0000000000
136841  -50.056  10.062  -19.005 0.0000000000
136842  -50.087  10.169  -19.758 0.0000000000
136843  -49.288  10.989  -20.584 0.0000000000
136844  -49.699  10.630  -20.519 0.0000000000
136845  -50.060  10.129  -20.590 0.0000000000
136846  -49.973  9.949  -21.348 0.0000000000
136847  -49.708  9.593  -22.190 0.0000000000
136848  -49.248  9.164  -22.980 0.0000000000
143453  -44.083  9.008  -24.693 0.0000000000
143454  -44.302  9.753  -24.528 0.0000000000
143455  -43.830  10.109  -25.154 0.0000000000
143456  -43.584  11.245  -25.612 0.0000000000
143457  -43.373  12.155  -26.018 0.0000000000
143458  -42.693  11.628  -26.638 0.0000000000
143459  -42.878  12.356  -26.618 0.0000000000
143460  -43.190  12.948  -26.532 0.0000000000
143461  -43.078  13.542  -27.077 0.0000000000
143462  -43.023  13.904  -27.712 0.0000000000
143463  -42.961  14.099  -28.508 0.0000000000
143464  -40.798  12.326  -28.870 0.0000000000
143465  -41.025  12.999  -28.779 0.0000000000
143466  -41.336  13.521  -28.729 0.0000000000
143467  -40.655  14.390  -30.013 0.0000000000
143468  -41.122  14.130  -29.436 0.0000000000
143469  -41.610  13.973  -28.867 0.0000000000
143470  -42.001  14.220  -28.980 0.0000000000
143471  -42.456  14.236  -29.085 0.0000000000
143472  -42.863  14.114  -29.248 0.0000000000
143473  -42.736  14.086  -29.959 0.0000000000
143474  -42.568  13.929  -30.695 0.0000000000
143475  -42.273  13.635  -31.452 0.0000000000
148334  -47.654  2.282  -18.593 0.0000000000
148336  -47.182  3.529  -19.643 0.0000000000
148345  -46.918  4.093  -20.216 0.0000000000
148346  -46.658  4.673  -20.744 0.0000000000
148347  -46.366  5.204  -21.284 0.0000000000
148348  -46.038  5.720  -21.802 0.0000000000
148349  -45.958  3.859  -21.619 0.0000000000
148350  -45.844  5.080  -22.000 0.0000000000
148351  -45.725  6.240  -22.303 0.0000000000
148352  -45.400  6.716  -22.761 0.0000000000
148353  -45.105  7.106  -23.208 0.0000000000
148354  -44.708  7.615  -23.760 0.0000000000
148433  -44.669  5.946  -23.591 0.0000000000
148434  -44.522  7.009  -23.957 0.0000000000
148435  -44.301  8.071  -24.319 0.0000000000
148436  -43.918  8.415  -24.862 0.0000000000
148437  -43.531  8.773  -25.370 0.0000000000
148438  -43.091  9.039  -25.869 0.0000000000
148439  -43.211  7.536  -25.559 0.0000000000
148440  -42.977  8.430  -25.921 0.0000000000
148441  -42.699  9.305  -26.305 0.0000000000
148442  -42.233  9.522  -26.790 0.0000000000
148443  -41.759  9.668  -27.292 0.0000000000
148444  -41.221  9.870  -27.873 0.0000000000
148445  -42.368  5.027  -25.692 0.0000000000
148447  -41.949  6.800  -26.553 0.0000000000
148449  -41.468  6.987  -26.962 0.0000000000
148450  -41.654  7.640  -27.024 0.0000000000
148451  -41.352  8.447  -27.477 0.0000000000
148452  -41.027  9.204  -27.930 0.0000000000
148453  -40.676  10.022  -28.451 0.0000000000
148454  -40.175  10.147  -29.025 0.0000000000
148455  -39.700  10.225  -29.563 0.0000000000
148456  -39.197  10.328  -30.166 0.0000000000
148457  -39.395  8.920  -29.559 0.0000000000
148458  -39.010  9.710  -30.154 0.0000000000
148459  -38.670  10.445  -30.720 0.0000000000
148460  -38.110  10.535  -31.234 0.0000000000
148482  -38.445  7.035  -29.539 0.0000000000
148483  -38.094  7.714  -30.191 0.0000000000
148484  -37.488  7.050  -30.325 0.0000000000
148485  -37.645  7.668  -30.570 0.0000000000
148486  -37.684  8.429  -30.884 0.0000000000
148487  -37.288  9.168  -31.502 0.0000000000
148495  -34.152  10.050  -33.623 0.0000000000
148501  -34.041  6.930  -32.354 0.0000000000
148506  -32.277  8.499  -33.616 0.0000000000
148510  -29.910  7.849  -34.026 0.0000000000
148514  -29.110  6.898  -33.971 0.0000000000
148515  -28.918  6.263  -33.865 0.0000000000
148516  -28.703  5.654  -33.757 0.0000000000
161189  -53.163  2.006  -9.301 0.0000000000
161190  -53.707  2.928  -9.430 0.0000000000
161191  -52.915  3.291  -10.142 0.0000000000
161192  -53.542  3.555  -9.866 0.0000000000
161193  -54.188  3.658  -9.677 0.0000000000
161194  -54.597  4.119  -10.037 0.0000000000
161195  -54.927  4.379  -10.498 0.0000000000
161196  -55.099  4.391  -11.131 0.0000000000
161200  -50.355  5.145  -15.441 0.0000000000
161201  -50.458  4.338  -14.856 0.0000000000
161202  -50.545  3.546  -14.285 0.0000000000
161203  -50.876  4.023  -13.779 0.0000000000
161204  -51.207  4.588  -13.286 0.0000000000
161205  -51.575  4.961  -12.886 0.0000000000
161206  -50.918  8.536  -16.428 0.0000000000
161207  -51.147  7.948  -15.784 0.0000000000
161208  -51.395  7.425  -15.066 0.0000000000
161209  -52.031  7.755  -15.326 0.0000000000
161210  -51.821  7.470  -14.823 0.0000000000
161211  -51.589  6.970  -14.358 0.0000000000
161212  -51.752  6.488  -13.657 0.0000000000
161213  -51.842  5.889  -13.097 0.0000000000
161214  -51.946  5.281  -12.503 0.0000000000
161215  -52.413  5.535  -12.191 0.0000000000
161216  -52.844  5.639  -11.970 0.0000000000
161217  -53.350  5.619  -11.817 0.0000000000
161218  -53.459  6.223  -13.004 0.0000000000
161219  -53.647  5.873  -12.379 0.0000000000
161220  -53.849  5.439  -11.744 0.0000000000
161221  -54.290  5.116  -11.725 0.0000000000
161222  -54.767  4.743  -11.776 0.0000000000
161223  -55.093  4.169  -11.948 0.0000000000
161224  -54.947  3.847  -12.718 0.0000000000
161225  -54.760  3.473  -13.489 0.0000000000
161251  -44.507  10.515  -24.321 0.0000000000
161252  -44.765  11.244  -24.164 0.0000000000
161253  -45.113  11.894  -24.004 0.0000000000
161254  -44.529  12.956  -25.213 0.0000000000
161255  -45.057  12.641  -24.476 0.0000000000
161256  -45.512  12.324  -23.845 0.0000000000
161257  -45.898  12.514  -23.684 0.0000000000
161258  -46.306  12.632  -23.569 0.0000000000
161259  -46.712  12.668  -23.528 0.0000000000
161260  -44.342  13.775  -27.942 0.0000000000
161261  -44.813  13.698  -27.273 0.0000000000
161262  -45.297  13.562  -26.536 0.0000000000
161263  -45.596  13.044  -27.301 0.0000000000
161264  -45.669  13.303  -26.558 0.0000000000
161265  -45.718  13.379  -25.836 0.0000000000
161266  -46.146  13.142  -25.064 0.0000000000
161267  -46.658  12.873  -24.320 0.0000000000
161268  -47.101  12.493  -23.536 0.0000000000
161269  -47.544  12.225  -23.449 0.0000000000
161270  -47.923  11.859  -23.494 0.0000000000
161271  -48.240  11.375  -23.507 0.0000000000
161272  -47.465  11.269  -24.945 0.0000000000
161273  -47.960  11.001  -24.216 0.0000000000
161274  -48.519  10.792  -23.509 0.0000000000
161275  -48.706  10.113  -23.538 0.0000000000
161276  -48.648  9.353  -23.658 0.0000000000
161277  -48.720  8.624  -23.642 0.0000000000
