#!ascii label  , from subject fsaverage vox2ras=TkReg
1878
88  -42.261  -81.724  -13.242 0.0000000000
206  -28.355  -94.936  -4.694 0.0000000000
207  -29.087  -93.313  -14.055 0.0000000000
208  -38.933  -87.266  -8.025 0.0000000000
445  -28.781  -85.827  -16.289 0.0000000000
446  -39.862  -74.518  -14.432 0.0000000000
616  -42.856  -74.239  -5.499 0.0000000000
617  -39.936  -69.013  -7.500 0.0000000000
686  -29.770  -89.343  -5.356 0.0000000000
687  -32.303  -90.898  -8.020 0.0000000000
688  -37.438  -88.009  -4.914 0.0000000000
979  -35.991  -88.051  -14.552 0.0000000000
980  -29.558  -89.454  -15.078 0.0000000000
981  -35.710  -84.439  -15.803 0.0000000000
982  -35.273  -80.496  -13.878 0.0000000000
983  -40.214  -78.414  -13.515 0.0000000000
1374  -41.499  -77.519  -3.143 0.0000000000
1522  -25.289  -97.887  -6.544 0.0000000000
1523  -23.748  -97.391  -13.820 0.0000000000
1524  -28.003  -94.830  -10.266 0.0000000000
1525  -34.103  -89.608  -10.429 0.0000000000
1526  -40.976  -84.517  -10.578 0.0000000000
1998  -29.694  -82.637  -13.144 0.0000000000
2000  -41.341  -70.477  -16.954 0.0000000000
2482  -41.411  -83.210  -3.748 0.0000000000
2483  -41.516  -81.017  -6.757 0.0000000000
2484  -43.835  -77.220  -9.482 0.0000000000
2487  -42.490  -75.307  -10.177 0.0000000000
2488  -39.826  -72.387  -10.674 0.0000000000
2489  -40.915  -67.475  -12.658 0.0000000000
2490  -42.466  -62.855  -15.583 0.0000000000
2606  -32.866  -86.954  -4.262 0.0000000000
2607  -33.873  -87.916  -5.852 0.0000000000
2608  -36.818  -86.619  -3.246 0.0000000000
2899  -39.178  -85.426  -14.148 0.0000000000
2900  -36.039  -86.453  -15.880 0.0000000000
2901  -39.033  -83.714  -14.831 0.0000000000
2902  -38.502  -81.447  -14.408 0.0000000000
2903  -41.415  -80.045  -13.607 0.0000000000
3496  -27.403  -96.914  -5.516 0.0000000000
3497  -25.525  -96.182  -8.556 0.0000000000
3498  -27.547  -94.983  -7.453 0.0000000000
3499  -36.256  -89.814  -8.209 0.0000000000
3500  -33.447  -91.066  -9.391 0.0000000000
3501  -36.956  -88.629  -9.199 0.0000000000
3502  -37.832  -86.979  -10.752 0.0000000000
3503  -39.961  -85.858  -9.149 0.0000000000
4374  -26.666  -95.823  -14.716 0.0000000000
4377  -29.214  -87.580  -15.606 0.0000000000
4378  -26.628  -89.467  -13.677 0.0000000000
4384  -37.861  -77.406  -14.099 0.0000000000
4385  -35.478  -78.032  -12.905 0.0000000000
4388  -40.462  -72.900  -15.922 0.0000000000
5561  -41.816  -75.807  -4.534 0.0000000000
5562  -41.144  -79.137  -4.604 0.0000000000
5563  -41.713  -77.451  -6.059 0.0000000000
5564  -42.716  -79.008  -8.286 0.0000000000
5565  -43.340  -75.581  -7.178 0.0000000000
5573  -41.231  -72.688  -8.803 0.0000000000
5574  -40.780  -74.416  -10.375 0.0000000000
5575  -39.898  -70.944  -9.158 0.0000000000
5577  -39.997  -66.273  -10.717 0.0000000000
5579  -41.454  -65.449  -14.224 0.0000000000
5842  -28.381  -92.414  -4.861 0.0000000000
5843  -29.023  -92.899  -6.927 0.0000000000
5844  -30.835  -90.034  -6.741 0.0000000000
5845  -35.064  -89.237  -7.074 0.0000000000
5846  -38.226  -88.196  -6.598 0.0000000000
6369  -32.134  -90.489  -14.237 0.0000000000
6370  -29.331  -91.295  -15.077 0.0000000000
6371  -32.741  -89.252  -15.858 0.0000000000
6372  -32.668  -87.410  -16.459 0.0000000000
6373  -32.240  -85.215  -16.349 0.0000000000
6374  -32.451  -83.140  -15.013 0.0000000000
6375  -35.363  -82.475  -14.902 0.0000000000
6376  -38.050  -79.417  -13.935 0.0000000000
6377  -39.565  -76.260  -13.464 0.0000000000
7082  -41.425  -74.306  -3.254 0.0000000000
7089  -39.198  -66.792  -7.831 0.0000000000
7393  -25.828  -96.251  -12.070 0.0000000000
7394  -28.787  -94.556  -12.606 0.0000000000
7395  -29.903  -92.888  -8.833 0.0000000000
7396  -30.642  -92.676  -10.783 0.0000000000
7397  -31.092  -91.585  -12.271 0.0000000000
7398  -35.111  -88.661  -12.614 0.0000000000
7399  -38.815  -86.463  -12.568 0.0000000000
7400  -41.758  -83.184  -12.205 0.0000000000
8577  -32.459  -81.717  -13.263 0.0000000000
8578  -32.974  -79.453  -11.590 0.0000000000
8582  -42.124  -67.617  -17.946 0.0000000000
9668  -26.180  -97.659  -3.003 0.0000000000
9669  -28.140  -95.285  -2.461 0.0000000000
9672  -28.310  -92.665  -2.893 0.0000000000
9673  -28.540  -90.256  -3.441 0.0000000000
9674  -30.617  -87.520  -3.504 0.0000000000
10000  -39.749  -86.432  -2.550 0.0000000000
10001  -39.958  -86.223  -4.338 0.0000000000
10002  -39.777  -85.546  -5.740 0.0000000000
10003  -41.754  -80.318  -3.092 0.0000000000
10004  -41.176  -82.332  -5.107 0.0000000000
10005  -40.642  -84.319  -7.156 0.0000000000
10006  -41.881  -82.823  -8.856 0.0000000000
10007  -42.986  -80.935  -10.365 0.0000000000
10008  -43.745  -79.425  -11.270 0.0000000000
10016  -44.018  -76.026  -9.915 0.0000000000
10017  -43.388  -78.167  -11.773 0.0000000000
10018  -41.609  -77.283  -12.045 0.0000000000
10019  -40.185  -75.567  -11.979 0.0000000000
10020  -39.995  -73.272  -12.357 0.0000000000
10021  -39.391  -68.834  -9.820 0.0000000000
10022  -39.888  -69.792  -11.612 0.0000000000
10023  -40.784  -71.199  -13.669 0.0000000000
10024  -41.484  -69.133  -15.013 0.0000000000
10025  -42.701  -66.786  -16.434 0.0000000000
10026  -43.824  -63.841  -17.706 0.0000000000
10286  -34.559  -86.063  -3.079 0.0000000000
10287  -34.942  -86.615  -3.797 0.0000000000
10288  -36.453  -86.068  -2.480 0.0000000000
10429  -40.974  -66.687  -18.172 0.0000000000
10579  -40.726  -83.743  -13.696 0.0000000000
10580  -39.153  -84.667  -14.741 0.0000000000
10581  -40.770  -82.829  -14.063 0.0000000000
10582  -40.459  -81.826  -14.080 0.0000000000
10583  -42.009  -80.755  -13.497 0.0000000000
11176  -28.069  -96.049  -5.062 0.0000000000
11177  -27.378  -95.997  -6.394 0.0000000000
11178  -28.001  -95.045  -6.023 0.0000000000
11179  -37.644  -88.604  -8.196 0.0000000000
11180  -36.566  -89.358  -8.697 0.0000000000
11181  -38.087  -88.020  -8.659 0.0000000000
11182  -38.594  -87.147  -9.145 0.0000000000
11183  -39.436  -86.545  -8.498 0.0000000000
12054  -27.857  -94.649  -14.430 0.0000000000
12057  -28.896  -86.867  -16.162 0.0000000000
12058  -27.715  -87.701  -15.130 0.0000000000
12059  -27.349  -87.109  -15.699 0.0000000000
12064  -38.893  -76.098  -14.486 0.0000000000
12066  -38.979  -75.213  -15.144 0.0000000000
12068  -40.097  -73.788  -15.191 0.0000000000
13241  -42.258  -74.966  -5.073 0.0000000000
13242  -41.712  -76.536  -5.112 0.0000000000
13243  -42.272  -75.678  -5.746 0.0000000000
13244  -42.481  -76.408  -6.672 0.0000000000
13245  -43.153  -74.939  -6.227 0.0000000000
13252  -41.288  -71.601  -8.017 0.0000000000
13253  -40.538  -70.930  -8.104 0.0000000000
13254  -40.491  -71.799  -8.953 0.0000000000
13255  -39.929  -69.984  -8.323 0.0000000000
13259  -40.853  -62.715  -12.521 0.0000000000
13576  -28.688  -90.950  -5.109 0.0000000000
13577  -29.198  -91.196  -5.989 0.0000000000
13578  -30.228  -89.646  -6.116 0.0000000000
13579  -35.751  -88.002  -5.381 0.0000000000
13580  -34.411  -88.621  -6.526 0.0000000000
13581  -36.208  -88.616  -6.182 0.0000000000
13582  -36.749  -89.039  -6.932 0.0000000000
13583  -37.856  -88.322  -5.819 0.0000000000
14454  -34.076  -89.350  -14.522 0.0000000000
14455  -32.550  -89.986  -15.177 0.0000000000
14456  -34.432  -88.766  -15.468 0.0000000000
14457  -35.897  -85.493  -16.071 0.0000000000
14458  -34.491  -86.919  -16.382 0.0000000000
14459  -34.214  -85.821  -16.549 0.0000000000
14460  -32.405  -86.299  -16.520 0.0000000000
14461  -33.975  -84.671  -16.137 0.0000000000
14462  -33.883  -83.755  -15.551 0.0000000000
14463  -35.444  -83.527  -15.333 0.0000000000
14464  -39.563  -80.020  -13.800 0.0000000000
14465  -38.271  -80.459  -14.137 0.0000000000
14466  -39.183  -78.952  -13.723 0.0000000000
14467  -38.959  -77.898  -13.755 0.0000000000
14468  -39.824  -77.373  -13.383 0.0000000000
15644  -41.799  -73.436  -3.838 0.0000000000
16246  -24.175  -98.412  -7.033 0.0000000000
16247  -23.614  -98.282  -8.622 0.0000000000
16248  -24.376  -97.529  -8.158 0.0000000000
16249  -26.612  -95.588  -9.573 0.0000000000
16250  -25.387  -96.032  -10.439 0.0000000000
16251  -26.979  -95.712  -11.207 0.0000000000
16252  -27.527  -95.613  -12.605 0.0000000000
16253  -28.428  -94.760  -11.566 0.0000000000
16254  -30.406  -91.645  -7.596 0.0000000000
16255  -29.452  -92.867  -7.903 0.0000000000
16256  -31.061  -91.907  -8.394 0.0000000000
16257  -33.828  -90.422  -9.856 0.0000000000
16258  -31.968  -91.814  -10.028 0.0000000000
16259  -32.197  -91.172  -10.606 0.0000000000
16260  -30.838  -92.236  -11.528 0.0000000000
16261  -32.447  -90.397  -11.366 0.0000000000
16262  -32.934  -89.977  -12.419 0.0000000000
16263  -34.451  -89.036  -11.454 0.0000000000
16264  -39.577  -85.882  -10.745 0.0000000000
16265  -38.375  -86.690  -11.681 0.0000000000
16266  -40.030  -85.516  -11.550 0.0000000000
16267  -40.366  -84.986  -12.372 0.0000000000
16268  -41.397  -83.799  -11.448 0.0000000000
18887  -29.409  -90.416  -15.164 0.0000000000
18908  -30.006  -81.877  -12.191 0.0000000000
18909  -33.814  -81.857  -14.342 0.0000000000
18910  -32.429  -82.422  -14.168 0.0000000000
18911  -33.862  -81.030  -13.530 0.0000000000
18913  -34.267  -78.630  -12.171 0.0000000000
18914  -34.384  -77.352  -12.172 0.0000000000
18919  -39.766  -72.327  -16.791 0.0000000000
18921  -40.280  -71.055  -17.173 0.0000000000
18922  -40.653  -69.671  -17.470 0.0000000000
18923  -41.809  -69.140  -17.434 0.0000000000
21605  -27.387  -96.724  -2.545 0.0000000000
21615  -28.231  -91.503  -3.193 0.0000000000
21616  -28.500  -90.456  -2.478 0.0000000000
21618  -29.664  -87.665  -2.837 0.0000000000
21619  -30.827  -86.239  -2.532 0.0000000000
21620  -31.981  -86.066  -2.928 0.0000000000
22436  -41.675  -83.735  -2.948 0.0000000000
22437  -40.933  -85.213  -3.370 0.0000000000
22438  -40.714  -84.716  -4.167 0.0000000000
22439  -39.851  -85.867  -5.105 0.0000000000
22440  -40.519  -84.313  -4.845 0.0000000000
22443  -41.639  -78.967  -3.081 0.0000000000
22444  -41.235  -80.161  -5.630 0.0000000000
22445  -41.130  -80.846  -4.747 0.0000000000
22446  -41.273  -81.760  -5.905 0.0000000000
22447  -40.836  -83.341  -6.203 0.0000000000
22448  -41.279  -82.771  -6.938 0.0000000000
22449  -41.233  -83.685  -8.008 0.0000000000
22450  -41.840  -81.961  -7.779 0.0000000000
22451  -43.286  -78.010  -8.958 0.0000000000
22452  -42.941  -79.959  -9.325 0.0000000000
22453  -43.537  -79.013  -9.947 0.0000000000
22454  -43.445  -80.193  -10.856 0.0000000000
22455  -43.787  -78.311  -10.343 0.0000000000
22474  -42.885  -74.313  -9.339 0.0000000000
22476  -43.491  -75.591  -10.057 0.0000000000
22477  -43.846  -77.038  -10.780 0.0000000000
22478  -43.059  -76.723  -10.941 0.0000000000
22479  -42.470  -77.877  -11.930 0.0000000000
22480  -42.131  -76.424  -11.055 0.0000000000
22481  -40.183  -73.484  -10.480 0.0000000000
22482  -40.483  -75.049  -11.230 0.0000000000
22483  -40.034  -74.110  -11.276 0.0000000000
22484  -39.903  -74.420  -12.042 0.0000000000
22485  -39.875  -72.827  -11.514 0.0000000000
22487  -39.242  -67.856  -8.901 0.0000000000
22488  -39.204  -66.668  -9.258 0.0000000000
22489  -40.523  -67.036  -11.616 0.0000000000
22490  -39.915  -68.246  -11.121 0.0000000000
22491  -40.340  -68.573  -12.089 0.0000000000
22492  -40.384  -70.318  -12.611 0.0000000000
22493  -40.801  -69.147  -13.239 0.0000000000
22494  -41.096  -70.115  -14.408 0.0000000000
22495  -41.138  -68.196  -13.866 0.0000000000
22496  -41.947  -64.237  -14.974 0.0000000000
22497  -42.005  -66.119  -15.347 0.0000000000
22498  -42.762  -64.713  -16.065 0.0000000000
22499  -43.348  -65.365  -17.087 0.0000000000
22500  -43.432  -63.311  -16.746 0.0000000000
23122  -31.220  -88.009  -5.169 0.0000000000
23123  -31.647  -88.326  -5.941 0.0000000000
23124  -33.304  -87.344  -5.090 0.0000000000
23125  -35.333  -87.253  -4.573 0.0000000000
23126  -37.063  -87.355  -4.062 0.0000000000
23649  -37.638  -86.645  -14.426 0.0000000000
23650  -36.147  -87.292  -15.270 0.0000000000
23651  -37.660  -86.011  -15.122 0.0000000000
23652  -37.527  -85.150  -15.378 0.0000000000
23653  -37.251  -84.077  -15.249 0.0000000000
23654  -37.076  -83.000  -15.014 0.0000000000
23655  -38.766  -82.553  -14.646 0.0000000000
23656  -39.992  -80.945  -13.923 0.0000000000
23657  -40.763  -79.272  -13.584 0.0000000000
24724  -26.404  -97.529  -5.986 0.0000000000
24725  -25.446  -97.145  -7.497 0.0000000000
24726  -26.550  -96.701  -6.902 0.0000000000
24727  -26.539  -95.673  -7.860 0.0000000000
24728  -27.664  -94.807  -8.834 0.0000000000
24729  -34.469  -90.498  -8.093 0.0000000000
24730  -32.973  -91.149  -8.692 0.0000000000
24731  -34.970  -90.459  -8.760 0.0000000000
24732  -35.279  -89.881  -9.309 0.0000000000
24733  -35.611  -89.018  -9.790 0.0000000000
24734  -35.942  -88.250  -10.602 0.0000000000
24735  -37.364  -87.616  -9.816 0.0000000000
24736  -39.109  -86.367  -9.906 0.0000000000
24737  -40.493  -85.219  -9.862 0.0000000000
26309  -29.572  -88.461  -15.176 0.0000000000
26310  -28.059  -89.386  -14.326 0.0000000000
26311  -28.040  -88.372  -14.518 0.0000000000
26312  -26.520  -88.503  -13.968 0.0000000000
26322  -36.608  -78.889  -13.681 0.0000000000
26323  -35.365  -79.355  -13.177 0.0000000000
26324  -36.648  -77.644  -13.685 0.0000000000
26329  -39.342  -73.480  -16.429 0.0000000000
26330  -40.863  -71.731  -16.459 0.0000000000
28440  -42.138  -82.258  -2.628 0.0000000000
28441  -41.573  -76.632  -3.959 0.0000000000
28442  -41.359  -78.262  -3.859 0.0000000000
28443  -41.460  -77.461  -4.561 0.0000000000
28444  -41.345  -78.429  -5.339 0.0000000000
28445  -41.505  -79.354  -6.412 0.0000000000
28446  -42.097  -80.131  -7.484 0.0000000000
28447  -42.170  -78.254  -7.151 0.0000000000
28448  -42.911  -77.156  -7.750 0.0000000000
28449  -43.665  -76.257  -8.346 0.0000000000
28462  -42.183  -73.104  -8.693 0.0000000000
28463  -41.952  -74.015  -9.477 0.0000000000
28464  -41.593  -75.027  -10.289 0.0000000000
28465  -41.072  -73.521  -9.618 0.0000000000
28466  -40.376  -72.732  -9.743 0.0000000000
28467  -39.847  -71.779  -9.937 0.0000000000
28473  -41.227  -66.509  -13.398 0.0000000000
28474  -41.084  -64.704  -13.082 0.0000000000
28475  -41.247  -63.618  -13.739 0.0000000000
28476  -41.607  -62.327  -14.367 0.0000000000
28990  -28.356  -93.773  -4.663 0.0000000000
28991  -28.378  -94.049  -5.760 0.0000000000
28992  -28.716  -92.716  -5.829 0.0000000000
28993  -29.788  -91.410  -6.810 0.0000000000
28994  -31.579  -90.459  -7.355 0.0000000000
28995  -32.274  -88.779  -6.639 0.0000000000
28996  -32.985  -89.319  -7.146 0.0000000000
28997  -33.765  -89.970  -7.646 0.0000000000
28998  -35.721  -89.740  -7.603 0.0000000000
28999  -37.241  -89.016  -7.603 0.0000000000
29000  -38.567  -87.747  -7.377 0.0000000000
30219  -30.434  -91.751  -13.976 0.0000000000
30221  -30.764  -91.002  -14.767 0.0000000000
30222  -30.990  -90.310  -15.400 0.0000000000
30223  -31.109  -89.481  -15.712 0.0000000000
30224  -34.565  -87.913  -15.991 0.0000000000
30225  -32.803  -88.358  -16.245 0.0000000000
30226  -31.104  -88.532  -15.835 0.0000000000
30227  -30.819  -87.602  -16.089 0.0000000000
30228  -30.470  -86.633  -16.431 0.0000000000
30229  -30.515  -85.598  -16.492 0.0000000000
30230  -30.704  -84.641  -15.854 0.0000000000
30231  -32.394  -84.175  -15.840 0.0000000000
30232  -33.877  -82.729  -14.944 0.0000000000
30233  -35.302  -81.417  -14.570 0.0000000000
30234  -36.857  -81.885  -14.684 0.0000000000
30235  -36.833  -80.897  -14.538 0.0000000000
30236  -36.742  -79.943  -14.071 0.0000000000
30237  -37.916  -78.350  -13.879 0.0000000000
30238  -38.858  -76.911  -13.985 0.0000000000
30239  -39.609  -75.285  -13.846 0.0000000000
31883  -41.196  -75.211  -2.490 0.0000000000
31884  -41.403  -76.015  -3.307 0.0000000000
31885  -41.647  -75.099  -3.973 0.0000000000
31886  -42.061  -74.253  -4.432 0.0000000000
31887  -42.630  -73.505  -4.772 0.0000000000
31899  -39.502  -67.904  -7.661 0.0000000000
32676  -22.780  -98.954  -9.017 0.0000000000
32677  -22.909  -97.906  -10.548 0.0000000000
32679  -24.494  -96.502  -9.211 0.0000000000
32680  -24.288  -96.472  -11.269 0.0000000000
32681  -24.750  -96.752  -13.039 0.0000000000
32682  -26.413  -96.204  -13.512 0.0000000000
32683  -27.812  -95.269  -13.700 0.0000000000
32684  -28.964  -94.114  -13.329 0.0000000000
32685  -28.399  -94.051  -7.051 0.0000000000
32686  -28.603  -93.873  -8.259 0.0000000000
32687  -28.865  -93.774  -9.474 0.0000000000
32688  -31.564  -92.060  -9.225 0.0000000000
32689  -30.401  -92.833  -9.811 0.0000000000
32690  -29.298  -93.731  -10.605 0.0000000000
32691  -29.641  -93.665  -11.566 0.0000000000
32692  -29.834  -93.293  -12.399 0.0000000000
32693  -29.979  -92.629  -13.160 0.0000000000
32694  -31.605  -90.948  -13.207 0.0000000000
32695  -33.614  -89.702  -13.527 0.0000000000
32696  -35.584  -88.479  -13.666 0.0000000000
32697  -36.496  -87.781  -11.696 0.0000000000
32698  -37.028  -87.550  -12.736 0.0000000000
32699  -37.481  -87.168  -13.587 0.0000000000
32700  -39.077  -86.007  -13.369 0.0000000000
32701  -40.551  -84.414  -13.150 0.0000000000
32702  -42.105  -82.583  -12.782 0.0000000000
35967  -26.466  -90.696  -14.090 0.0000000000
35991  -30.800  -83.790  -14.923 0.0000000000
35992  -30.913  -83.030  -14.072 0.0000000000
35993  -31.092  -82.208  -13.205 0.0000000000
35994  -34.078  -79.942  -12.675 0.0000000000
35995  -32.652  -80.666  -12.383 0.0000000000
35996  -31.343  -81.310  -12.240 0.0000000000
35997  -31.739  -80.145  -11.306 0.0000000000
36007  -40.857  -68.205  -17.799 0.0000000000
39237  -24.714  -98.140  -5.132 0.0000000000
39239  -24.962  -98.038  -3.465 0.0000000000
39240  -25.964  -97.953  -4.698 0.0000000000
39241  -27.045  -97.412  -4.165 0.0000000000
39242  -28.038  -96.422  -3.694 0.0000000000
39243  -28.461  -95.026  -3.560 0.0000000000
39251  -28.391  -93.895  -2.561 0.0000000000
39252  -28.366  -93.815  -3.690 0.0000000000
39253  -28.187  -92.616  -3.901 0.0000000000
39254  -28.235  -91.361  -4.187 0.0000000000
39255  -28.870  -89.882  -4.480 0.0000000000
39258  -30.068  -88.573  -4.527 0.0000000000
39259  -31.617  -87.287  -3.993 0.0000000000
39260  -33.195  -85.975  -3.099 0.0000000000
40235  -38.364  -86.656  -2.651 0.0000000000
40236  -38.629  -87.091  -3.529 0.0000000000
40237  -40.911  -85.604  -2.560 0.0000000000
40238  -39.905  -86.459  -3.482 0.0000000000
40239  -38.902  -87.384  -4.463 0.0000000000
40240  -39.114  -87.281  -5.341 0.0000000000
40241  -39.161  -86.938  -6.098 0.0000000000
40242  -39.303  -86.448  -6.861 0.0000000000
40245  -41.759  -81.779  -3.284 0.0000000000
40246  -41.305  -79.878  -3.827 0.0000000000
40247  -41.389  -81.343  -3.944 0.0000000000
40248  -41.223  -82.816  -4.462 0.0000000000
40249  -40.534  -83.837  -5.459 0.0000000000
40250  -40.032  -84.984  -6.465 0.0000000000
40251  -39.831  -85.869  -7.540 0.0000000000
40252  -40.415  -85.258  -8.165 0.0000000000
40253  -41.070  -84.446  -8.891 0.0000000000
40254  -41.586  -83.589  -9.670 0.0000000000
40255  -42.480  -80.963  -8.569 0.0000000000
40256  -42.480  -81.837  -9.643 0.0000000000
40257  -42.162  -82.765  -10.472 0.0000000000
40258  -42.608  -82.042  -11.229 0.0000000000
40259  -43.027  -81.407  -11.836 0.0000000000
40260  -43.340  -80.705  -12.262 0.0000000000
40278  -43.866  -73.389  -5.760 0.0000000000
40281  -44.105  -75.572  -8.834 0.0000000000
40283  -44.059  -75.018  -9.109 0.0000000000
40284  -44.049  -76.561  -9.702 0.0000000000
40285  -44.035  -77.598  -10.494 0.0000000000
40286  -43.817  -78.653  -11.544 0.0000000000
40287  -43.224  -79.858  -12.667 0.0000000000
40288  -42.550  -79.217  -12.915 0.0000000000
40289  -41.762  -78.658  -12.954 0.0000000000
40290  -41.079  -77.927  -12.950 0.0000000000
40291  -41.257  -75.853  -11.144 0.0000000000
40292  -40.854  -76.559  -12.073 0.0000000000
40293  -40.430  -76.999  -12.830 0.0000000000
40294  -39.952  -75.908  -12.717 0.0000000000
40295  -39.793  -74.838  -12.905 0.0000000000
40296  -40.062  -73.860  -13.363 0.0000000000
40297  -39.532  -68.992  -8.612 0.0000000000
40298  -39.531  -69.923  -9.439 0.0000000000
40299  -39.549  -70.677  -10.272 0.0000000000
40300  -39.546  -67.595  -10.267 0.0000000000
40301  -39.528  -69.477  -10.707 0.0000000000
40302  -39.696  -71.095  -11.093 0.0000000000
40303  -40.072  -71.600  -11.990 0.0000000000
40304  -40.387  -72.205  -12.970 0.0000000000
40305  -40.461  -73.037  -14.041 0.0000000000
40306  -40.943  -72.080  -14.886 0.0000000000
40307  -41.314  -71.063  -15.673 0.0000000000
40308  -41.677  -69.952  -16.143 0.0000000000
40309  -41.540  -67.317  -14.510 0.0000000000
40310  -41.978  -68.028  -15.687 0.0000000000
40311  -42.323  -68.734  -16.750 0.0000000000
40312  -42.843  -67.264  -17.331 0.0000000000
40313  -43.246  -65.866  -17.987 0.0000000000
40392  -42.892  -61.292  -16.424 0.0000000000
40393  -43.714  -61.756  -17.607 0.0000000000
41006  -35.371  -85.766  -2.519 0.0000000000
41007  -35.546  -86.012  -2.807 0.0000000000
41150  -41.019  -65.807  -18.337 0.0000000000
41299  -41.526  -82.782  -13.480 0.0000000000
41300  -40.756  -83.327  -13.941 0.0000000000
41301  -41.525  -82.296  -13.635 0.0000000000
41302  -41.447  -81.805  -13.725 0.0000000000
41303  -42.186  -81.227  -13.378 0.0000000000
41896  -28.252  -95.514  -4.844 0.0000000000
41897  -28.056  -95.561  -5.524 0.0000000000
41898  -28.206  -95.016  -5.350 0.0000000000
41899  -38.345  -87.928  -8.084 0.0000000000
41900  -37.872  -88.345  -8.414 0.0000000000
41901  -38.559  -87.658  -8.335 0.0000000000
41902  -38.822  -87.282  -8.577 0.0000000000
41903  -39.198  -86.913  -8.247 0.0000000000
42774  -28.424  -94.012  -14.195 0.0000000000
42776  -28.469  -93.548  -14.496 0.0000000000
42777  -28.805  -86.424  -16.322 0.0000000000
42778  -28.154  -86.981  -15.950 0.0000000000
42779  -28.025  -86.548  -16.104 0.0000000000
42781  -27.938  -86.040  -16.151 0.0000000000
42782  -27.885  -85.437  -15.901 0.0000000000
42783  -28.773  -85.286  -16.036 0.0000000000
42784  -39.396  -75.351  -14.509 0.0000000000
42785  -38.935  -75.662  -14.804 0.0000000000
42786  -39.509  -74.941  -14.868 0.0000000000
42787  -39.589  -74.531  -15.230 0.0000000000
42788  -39.999  -74.156  -14.796 0.0000000000
43961  -42.530  -74.595  -5.307 0.0000000000
43962  -42.241  -75.288  -5.383 0.0000000000
43963  -42.611  -74.980  -5.625 0.0000000000
43964  -42.702  -75.311  -5.996 0.0000000000
43965  -43.023  -74.640  -5.814 0.0000000000
43969  -40.067  -68.352  -6.989 0.0000000000
43970  -40.398  -68.840  -6.933 0.0000000000
43971  -40.271  -69.478  -7.421 0.0000000000
43972  -40.540  -70.447  -7.793 0.0000000000
43973  -40.226  -69.971  -7.869 0.0000000000
43974  -40.228  -70.502  -8.210 0.0000000000
43975  -39.951  -69.484  -7.926 0.0000000000
44296  -29.228  -90.097  -5.282 0.0000000000
44297  -29.449  -90.249  -5.690 0.0000000000
44298  -30.013  -89.464  -5.750 0.0000000000
44299  -36.570  -88.056  -5.057 0.0000000000
44300  -35.957  -88.323  -5.758 0.0000000000
44301  -36.764  -88.339  -5.567 0.0000000000
44302  -37.007  -88.550  -6.018 0.0000000000
44303  -37.628  -88.229  -5.398 0.0000000000
45174  -35.094  -88.733  -14.593 0.0000000000
45175  -34.293  -89.133  -14.994 0.0000000000
45176  -35.241  -88.444  -15.051 0.0000000000
45177  -35.835  -84.949  -15.964 0.0000000000
45178  -35.137  -85.614  -16.365 0.0000000000
45179  -35.033  -85.083  -16.245 0.0000000000
45180  -34.132  -85.222  -16.420 0.0000000000
45181  -34.850  -84.582  -16.044 0.0000000000
45182  -34.687  -84.102  -15.780 0.0000000000
45183  -35.515  -83.983  -15.594 0.0000000000
45184  -39.913  -79.200  -13.678 0.0000000000
45185  -39.351  -79.468  -13.772 0.0000000000
45186  -39.708  -78.703  -13.621 0.0000000000
45187  -39.547  -78.213  -13.539 0.0000000000
45188  -40.028  -77.896  -13.425 0.0000000000
46966  -24.713  -98.119  -6.808 0.0000000000
46967  -24.382  -98.099  -7.702 0.0000000000
46968  -24.913  -97.730  -7.325 0.0000000000
46969  -27.338  -95.363  -9.862 0.0000000000
46970  -26.773  -95.642  -10.375 0.0000000000
46971  -27.538  -95.343  -10.656 0.0000000000
46972  -27.723  -95.290  -11.403 0.0000000000
46973  -28.217  -94.809  -10.934 0.0000000000
46974  -31.326  -91.219  -7.844 0.0000000000
46975  -30.765  -91.778  -8.007 0.0000000000
46976  -31.673  -91.384  -8.212 0.0000000000
46977  -33.933  -90.027  -10.108 0.0000000000
46978  -32.981  -90.785  -10.196 0.0000000000
46979  -33.082  -90.384  -10.502 0.0000000000
46980  -32.296  -90.775  -10.964 0.0000000000
46981  -33.198  -89.943  -10.867 0.0000000000
46982  -33.388  -89.684  -11.333 0.0000000000
46983  -34.260  -89.288  -10.909 0.0000000000
46984  -40.285  -85.317  -10.640 0.0000000000
46985  -39.802  -85.701  -11.156 0.0000000000
46986  -40.484  -85.053  -11.022 0.0000000000
46987  -40.724  -84.708  -11.461 0.0000000000
46988  -41.178  -84.160  -11.016 0.0000000000
49607  -29.485  -89.951  -15.133 0.0000000000
49608  -28.645  -90.452  -14.908 0.0000000000
49609  -28.737  -89.932  -14.788 0.0000000000
49628  -29.846  -82.257  -12.643 0.0000000000
49629  -34.525  -81.171  -14.107 0.0000000000
49630  -33.816  -81.469  -13.966 0.0000000000
49631  -34.537  -80.721  -13.704 0.0000000000
49633  -34.974  -77.047  -12.535 0.0000000000
49635  -34.437  -76.766  -12.333 0.0000000000
49639  -40.614  -71.432  -16.920 0.0000000000
49640  -40.049  -71.664  -16.982 0.0000000000
49641  -40.888  -70.734  -17.140 0.0000000000
49642  -41.113  -70.057  -17.335 0.0000000000
49643  -41.600  -69.794  -17.199 0.0000000000
53156  -41.551  -83.466  -3.324 0.0000000000
53157  -41.208  -84.202  -3.560 0.0000000000
53158  -41.106  -83.947  -3.971 0.0000000000
53159  -40.609  -84.509  -4.522 0.0000000000
53160  -41.011  -83.737  -4.311 0.0000000000
53161  -41.524  -77.976  -2.723 0.0000000000
53162  -41.672  -78.667  -2.703 0.0000000000
53163  -41.568  -78.282  -3.076 0.0000000000
53164  -41.363  -80.629  -6.151 0.0000000000
53165  -41.280  -81.012  -5.732 0.0000000000
53166  -41.360  -81.396  -6.350 0.0000000000
53167  -41.259  -82.268  -6.459 0.0000000000
53168  -41.449  -81.900  -6.855 0.0000000000
53169  -41.527  -82.398  -7.330 0.0000000000
53170  -41.699  -81.494  -7.254 0.0000000000
53171  -43.607  -77.594  -9.285 0.0000000000
53172  -43.393  -78.504  -9.481 0.0000000000
53173  -43.670  -78.090  -9.747 0.0000000000
53174  -43.685  -78.617  -10.207 0.0000000000
53175  -43.866  -77.693  -9.930 0.0000000000
53194  -42.666  -74.776  -9.725 0.0000000000
53195  -43.208  -74.903  -9.608 0.0000000000
53196  -43.000  -75.437  -10.113 0.0000000000
53197  -43.294  -76.112  -10.524 0.0000000000
53198  -42.802  -76.006  -10.582 0.0000000000
53199  -42.592  -76.599  -11.001 0.0000000000
53200  -42.315  -75.881  -10.644 0.0000000000
53201  -39.974  -72.964  -10.547 0.0000000000
53202  -40.085  -73.825  -10.855 0.0000000000
53203  -39.940  -73.248  -10.937 0.0000000000
53204  -39.916  -73.516  -11.355 0.0000000000
53205  -39.864  -72.633  -11.076 0.0000000000
53207  -39.119  -66.138  -8.693 0.0000000000
53209  -40.715  -67.242  -12.085 0.0000000000
53210  -40.405  -67.792  -11.800 0.0000000000
53211  -40.611  -67.990  -12.348 0.0000000000
53212  -40.584  -68.830  -12.615 0.0000000000
53213  -40.809  -68.296  -12.909 0.0000000000
53214  -40.942  -68.619  -13.571 0.0000000000
53215  -41.022  -67.824  -13.233 0.0000000000
53216  -42.217  -63.546  -15.283 0.0000000000
53217  -42.335  -64.466  -15.497 0.0000000000
53218  -42.706  -63.805  -15.841 0.0000000000
53219  -43.131  -64.007  -16.407 0.0000000000
53220  -42.962  -63.138  -16.175 0.0000000000
53896  -32.006  -87.445  -4.817 0.0000000000
53897  -32.222  -87.607  -5.229 0.0000000000
53898  -33.059  -87.154  -4.691 0.0000000000
53899  -35.937  -86.515  -3.466 0.0000000000
53900  -35.103  -86.931  -4.191 0.0000000000
53901  -36.013  -86.939  -3.919 0.0000000000
53902  -36.186  -87.307  -4.325 0.0000000000
53903  -36.940  -86.977  -3.656 0.0000000000
54774  -38.420  -86.048  -14.345 0.0000000000
54775  -37.635  -86.331  -14.838 0.0000000000
54776  -38.445  -85.723  -14.695 0.0000000000
54777  -39.127  -84.228  -14.837 0.0000000000
54778  -38.385  -84.977  -15.083 0.0000000000
54779  -38.274  -84.500  -15.141 0.0000000000
54780  -37.455  -84.647  -15.347 0.0000000000
54781  -38.225  -83.974  -15.063 0.0000000000
54782  -38.111  -83.401  -14.983 0.0000000000
54783  -38.886  -83.168  -14.758 0.0000000000
54784  -41.016  -80.870  -13.809 0.0000000000
54785  -40.241  -81.356  -14.009 0.0000000000
54786  -40.725  -80.487  -13.784 0.0000000000
54787  -40.429  -80.113  -13.732 0.0000000000
54788  -41.077  -79.665  -13.581 0.0000000000
56566  -26.914  -97.255  -5.742 0.0000000000
56567  -26.519  -97.147  -6.461 0.0000000000
56568  -27.035  -96.835  -6.240 0.0000000000
56569  -27.339  -95.484  -6.862 0.0000000000
56570  -26.926  -95.852  -7.089 0.0000000000
56571  -27.048  -95.358  -7.595 0.0000000000
56572  -27.045  -95.292  -8.434 0.0000000000
56573  -27.553  -94.886  -8.141 0.0000000000
56574  -35.426  -90.205  -8.170 0.0000000000
56575  -34.769  -90.558  -8.428 0.0000000000
56576  -35.651  -90.160  -8.475 0.0000000000
56577  -36.717  -89.021  -8.940 0.0000000000
56578  -35.920  -89.638  -8.995 0.0000000000
56579  -36.103  -89.252  -9.239 0.0000000000
56580  -35.455  -89.463  -9.522 0.0000000000
56581  -36.308  -88.826  -9.491 0.0000000000
56582  -36.489  -88.316  -9.778 0.0000000000
56583  -37.169  -88.110  -9.451 0.0000000000
56584  -39.287  -86.494  -9.127 0.0000000000
56585  -38.853  -86.719  -9.507 0.0000000000
56586  -39.531  -86.157  -9.506 0.0000000000
56587  -39.788  -85.887  -9.916 0.0000000000
56588  -40.220  -85.545  -9.526 0.0000000000
59207  -29.435  -88.007  -15.310 0.0000000000
59208  -28.771  -88.445  -14.814 0.0000000000
59209  -28.664  -88.021  -15.066 0.0000000000
59210  -26.981  -87.815  -14.841 0.0000000000
59211  -27.179  -88.098  -14.509 0.0000000000
59212  -26.340  -88.172  -14.273 0.0000000000
59213  -25.799  -88.669  -13.629 0.0000000000
59214  -25.686  -88.375  -13.909 0.0000000000
59216  -25.515  -88.149  -14.271 0.0000000000
59229  -37.237  -78.085  -13.856 0.0000000000
59230  -36.628  -78.280  -13.647 0.0000000000
59231  -37.239  -77.531  -13.943 0.0000000000
59239  -39.765  -73.724  -15.931 0.0000000000
59241  -39.934  -73.254  -16.214 0.0000000000
59242  -40.128  -72.705  -16.447 0.0000000000
59243  -40.660  -72.373  -16.230 0.0000000000
62761  -41.680  -76.220  -4.251 0.0000000000
62762  -41.520  -77.032  -4.202 0.0000000000
62763  -41.611  -76.624  -4.514 0.0000000000
62764  -41.632  -76.967  -5.532 0.0000000000
62765  -41.516  -77.490  -5.211 0.0000000000
62766  -41.446  -77.947  -5.716 0.0000000000
62767  -41.354  -78.896  -5.880 0.0000000000
62768  -41.571  -78.437  -6.249 0.0000000000
62769  -41.810  -78.855  -6.782 0.0000000000
62770  -41.881  -77.945  -6.577 0.0000000000
62771  -42.932  -75.986  -6.934 0.0000000000
62772  -42.690  -76.834  -7.247 0.0000000000
62773  -43.110  -76.310  -7.530 0.0000000000
62774  -43.315  -76.693  -8.072 0.0000000000
62775  -43.479  -75.859  -7.768 0.0000000000
62794  -41.232  -72.096  -8.368 0.0000000000
62796  -41.699  -72.921  -8.745 0.0000000000
62797  -42.093  -73.562  -9.075 0.0000000000
62798  -41.593  -73.333  -9.170 0.0000000000
62799  -41.505  -73.802  -9.546 0.0000000000
62800  -41.168  -73.055  -9.249 0.0000000000
62801  -40.193  -71.351  -9.041 0.0000000000
62802  -40.461  -72.284  -9.362 0.0000000000
62803  -40.155  -71.846  -9.421 0.0000000000
62804  -40.076  -72.273  -9.812 0.0000000000
62805  -39.904  -71.409  -9.547 0.0000000000
62814  -41.070  -65.261  -12.719 0.0000000000
62815  -40.874  -64.195  -12.484 0.0000000000
62816  -40.926  -62.192  -12.786 0.0000000000
62817  -41.000  -63.185  -13.101 0.0000000000
62818  -41.113  -62.594  -13.402 0.0000000000
62819  -41.419  -62.985  -14.067 0.0000000000
62820  -41.273  -62.022  -13.709 0.0000000000
63766  -28.358  -93.095  -4.763 0.0000000000
63767  -28.487  -93.330  -5.204 0.0000000000
63768  -28.582  -92.588  -5.285 0.0000000000
63769  -29.966  -90.578  -6.433 0.0000000000
63770  -29.472  -91.320  -6.412 0.0000000000
63771  -30.274  -90.743  -6.783 0.0000000000
63772  -30.611  -90.888  -7.135 0.0000000000
63773  -31.176  -90.256  -7.059 0.0000000000
63774  -32.809  -88.068  -5.983 0.0000000000
63775  -31.938  -88.528  -6.303 0.0000000000
63776  -33.105  -88.308  -6.335 0.0000000000
63777  -34.733  -88.936  -6.809 0.0000000000
63778  -33.706  -88.955  -6.898 0.0000000000
63779  -34.093  -89.261  -7.165 0.0000000000
63780  -33.409  -89.649  -7.393 0.0000000000
63781  -34.461  -89.582  -7.389 0.0000000000
63782  -34.808  -89.890  -7.611 0.0000000000
63783  -35.416  -89.544  -7.317 0.0000000000
63784  -37.568  -88.676  -6.730 0.0000000000
63785  -37.051  -89.041  -7.259 0.0000000000
63786  -37.755  -88.605  -7.110 0.0000000000
63787  -37.909  -88.463  -7.490 0.0000000000
63788  -38.353  -88.021  -7.029 0.0000000000
66399  -31.213  -91.063  -14.071 0.0000000000
66400  -30.578  -91.354  -14.362 0.0000000000
66401  -31.449  -90.763  -14.526 0.0000000000
66402  -32.662  -89.637  -15.556 0.0000000000
66403  -31.770  -90.222  -15.338 0.0000000000
66404  -31.838  -89.851  -15.646 0.0000000000
66405  -31.055  -89.915  -15.606 0.0000000000
66406  -31.845  -89.487  -15.873 0.0000000000
66407  -36.107  -86.869  -15.608 0.0000000000
66408  -35.419  -87.605  -15.664 0.0000000000
66409  -35.371  -87.167  -15.951 0.0000000000
66410  -33.638  -87.178  -16.485 0.0000000000
66411  -33.685  -87.655  -16.364 0.0000000000
66412  -32.774  -87.889  -16.362 0.0000000000
66413  -31.964  -88.441  -16.104 0.0000000000
66414  -31.870  -88.020  -16.193 0.0000000000
66415  -31.003  -88.072  -15.955 0.0000000000
66416  -31.726  -87.551  -16.301 0.0000000000
66417  -32.298  -85.755  -16.448 0.0000000000
66418  -31.393  -86.511  -16.497 0.0000000000
66419  -31.329  -85.997  -16.531 0.0000000000
66420  -30.430  -86.125  -16.568 0.0000000000
66421  -31.354  -85.460  -16.467 0.0000000000
66422  -31.414  -84.946  -16.287 0.0000000000
66423  -32.318  -84.703  -16.161 0.0000000000
66424  -34.586  -83.129  -15.175 0.0000000000
66425  -33.901  -83.262  -15.248 0.0000000000
66426  -34.594  -82.592  -14.943 0.0000000000
66427  -34.581  -82.036  -14.733 0.0000000000
66428  -35.364  -81.908  -14.786 0.0000000000
66429  -37.857  -82.196  -14.721 0.0000000000
66430  -36.962  -82.441  -14.822 0.0000000000
66431  -37.739  -81.675  -14.551 0.0000000000
66432  -38.153  -79.944  -14.042 0.0000000000
66433  -37.556  -80.655  -14.349 0.0000000000
66434  -37.487  -80.140  -14.190 0.0000000000
66435  -36.808  -80.429  -14.308 0.0000000000
66436  -37.404  -79.632  -14.019 0.0000000000
66437  -37.308  -79.119  -13.872 0.0000000000
66438  -37.979  -78.863  -13.868 0.0000000000
66439  -39.319  -77.127  -13.645 0.0000000000
66440  -38.892  -77.377  -13.834 0.0000000000
66441  -39.270  -76.572  -13.766 0.0000000000
66442  -39.274  -76.130  -13.954 0.0000000000
66443  -39.565  -75.746  -13.629 0.0000000000
69964  -41.297  -73.926  -2.858 0.0000000000
69965  -41.153  -74.393  -2.458 0.0000000000
69966  -41.311  -74.760  -2.899 0.0000000000
69967  -41.336  -75.594  -2.919 0.0000000000
69968  -41.439  -75.141  -3.300 0.0000000000
69969  -41.514  -75.562  -3.669 0.0000000000
69970  -41.536  -74.641  -3.587 0.0000000000
69971  -42.068  -73.084  -4.058 0.0000000000
69972  -41.949  -73.840  -4.134 0.0000000000
69973  -42.175  -73.499  -4.299 0.0000000000
69974  -42.326  -73.875  -4.610 0.0000000000
69975  -42.490  -73.163  -4.462 0.0000000000
71779  -23.501  -97.670  -9.321 0.0000000000
71780  -23.219  -98.057  -9.559 0.0000000000
71781  -23.150  -97.475  -10.283 0.0000000000
71782  -23.038  -97.491  -11.322 0.0000000000
71784  -25.451  -96.657  -7.951 0.0000000000
71785  -24.895  -96.771  -8.258 0.0000000000
71786  -25.006  -96.330  -8.893 0.0000000000
71787  -25.574  -96.139  -11.285 0.0000000000
71788  -24.806  -96.208  -10.891 0.0000000000
71789  -25.017  -96.380  -11.750 0.0000000000
71790  -24.482  -96.654  -12.239 0.0000000000
71791  -25.298  -96.505  -12.563 0.0000000000
71792  -25.616  -96.554  -13.316 0.0000000000
71793  -26.186  -96.306  -12.847 0.0000000000
71794  -28.185  -95.105  -12.718 0.0000000000
71795  -27.729  -95.506  -13.217 0.0000000000
71796  -28.325  -94.919  -13.167 0.0000000000
71797  -28.412  -94.679  -13.543 0.0000000000
71798  -28.901  -94.367  -12.996 0.0000000000
71799  -28.605  -93.492  -6.384 0.0000000000
71800  -28.367  -94.079  -6.413 0.0000000000
71801  -28.705  -93.520  -6.978 0.0000000000
71802  -29.657  -92.851  -8.396 0.0000000000
71803  -29.033  -93.387  -8.051 0.0000000000
71804  -29.197  -93.347  -8.576 0.0000000000
71805  -28.731  -93.818  -8.870 0.0000000000
71806  -29.402  -93.306  -9.136 0.0000000000
71807  -33.242  -91.162  -9.064 0.0000000000
71808  -32.252  -91.580  -8.961 0.0000000000
71809  -32.485  -91.552  -9.353 0.0000000000
71810  -31.311  -92.212  -10.392 0.0000000000
71811  -31.157  -92.399  -10.000 0.0000000000
71812  -30.606  -92.785  -10.321 0.0000000000
71813  -29.828  -93.224  -10.199 0.0000000000
71814  -29.995  -93.233  -10.680 0.0000000000
71815  -29.498  -93.724  -11.117 0.0000000000
71816  -30.077  -93.196  -11.156 0.0000000000
71817  -30.956  -91.880  -11.849 0.0000000000
71818  -30.334  -92.789  -11.973 0.0000000000
71819  -30.417  -92.518  -12.332 0.0000000000
71820  -29.893  -93.040  -12.823 0.0000000000
71821  -30.511  -92.163  -12.716 0.0000000000
71822  -30.720  -91.765  -13.144 0.0000000000
71823  -31.291  -91.284  -12.730 0.0000000000
71824  -34.018  -89.316  -12.504 0.0000000000
71825  -33.274  -89.810  -13.008 0.0000000000
71826  -34.369  -89.156  -13.120 0.0000000000
71827  -34.617  -89.047  -13.658 0.0000000000
71828  -35.371  -88.562  -13.170 0.0000000000
71829  -36.889  -87.577  -10.688 0.0000000000
71830  -36.206  -87.985  -11.140 0.0000000000
71831  -37.178  -87.342  -11.213 0.0000000000
71832  -38.637  -86.625  -12.105 0.0000000000
71833  -37.691  -87.123  -12.219 0.0000000000
71834  -37.963  -87.035  -12.684 0.0000000000
71835  -37.266  -87.391  -13.177 0.0000000000
71836  -38.126  -86.828  -13.135 0.0000000000
71837  -38.243  -86.593  -13.541 0.0000000000
71838  -38.960  -86.254  -12.999 0.0000000000
71839  -41.046  -84.095  -12.298 0.0000000000
71840  -40.453  -84.722  -12.766 0.0000000000
71841  -41.188  -83.836  -12.650 0.0000000000
71842  -41.324  -83.531  -12.935 0.0000000000
71843  -41.896  -82.922  -12.527 0.0000000000
79674  -22.089  -99.077  -10.063 0.0000000000
79697  -29.312  -91.756  -14.902 0.0000000000
79699  -28.581  -91.967  -15.074 0.0000000000
79705  -27.360  -89.395  -13.989 0.0000000000
79706  -27.286  -90.007  -14.093 0.0000000000
79707  -26.605  -90.079  -13.751 0.0000000000
79759  -29.462  -81.707  -11.599 0.0000000000
79764  -31.591  -83.931  -15.403 0.0000000000
79765  -30.754  -84.216  -15.388 0.0000000000
79766  -31.605  -83.503  -14.984 0.0000000000
79767  -32.447  -82.046  -13.722 0.0000000000
79768  -31.666  -82.717  -14.149 0.0000000000
79769  -31.704  -82.348  -13.702 0.0000000000
79770  -30.993  -82.632  -13.647 0.0000000000
79771  -31.762  -81.961  -13.236 0.0000000000
79772  -35.444  -78.708  -12.931 0.0000000000
79773  -34.709  -79.618  -12.896 0.0000000000
79774  -34.803  -78.980  -12.630 0.0000000000
79775  -33.588  -79.042  -11.875 0.0000000000
79776  -33.475  -79.696  -12.147 0.0000000000
79777  -32.824  -80.096  -11.912 0.0000000000
79778  -32.010  -80.997  -12.262 0.0000000000
79779  -32.185  -80.420  -11.770 0.0000000000
79780  -31.516  -80.733  -11.778 0.0000000000
79781  -32.358  -79.759  -11.387 0.0000000000
79783  -32.580  -78.479  -11.124 0.0000000000
79784  -32.646  -77.811  -11.226 0.0000000000
79804  -41.403  -68.674  -17.749 0.0000000000
79805  -40.793  -68.974  -17.604 0.0000000000
79806  -41.540  -67.915  -17.979 0.0000000000
79807  -41.651  -67.162  -18.198 0.0000000000
79808  -42.260  -66.823  -18.212 0.0000000000
87845  -24.067  -98.291  -5.357 0.0000000000
87846  -24.195  -98.195  -4.429 0.0000000000
87850  -25.733  -97.683  -2.516 0.0000000000
87851  -25.097  -97.912  -2.724 0.0000000000
87852  -25.543  -97.914  -3.259 0.0000000000
87853  -25.468  -98.033  -4.054 0.0000000000
87854  -26.047  -97.886  -3.835 0.0000000000
87855  -26.503  -97.732  -4.435 0.0000000000
87856  -26.647  -97.587  -3.524 0.0000000000
87857  -27.827  -96.014  -2.503 0.0000000000
87858  -27.753  -96.555  -3.128 0.0000000000
87859  -28.151  -95.845  -3.035 0.0000000000
87860  -28.318  -95.738  -3.595 0.0000000000
87861  -28.393  -95.108  -2.967 0.0000000000
87882  -28.404  -93.289  -2.705 0.0000000000
87883  -28.432  -93.818  -3.153 0.0000000000
87884  -28.333  -93.223  -3.278 0.0000000000
87885  -28.253  -93.219  -3.791 0.0000000000
87886  -28.229  -92.622  -3.409 0.0000000000
87887  -28.291  -90.873  -3.328 0.0000000000
87888  -28.166  -91.408  -3.702 0.0000000000
87889  -28.340  -90.728  -3.832 0.0000000000
87890  -28.454  -90.622  -4.297 0.0000000000
87891  -28.647  -90.077  -3.974 0.0000000000
87895  -30.116  -87.625  -3.188 0.0000000000
87897  -29.968  -88.247  -3.662 0.0000000000
87898  -29.728  -88.783  -4.118 0.0000000000
87899  -30.455  -88.111  -3.997 0.0000000000
87900  -30.865  -87.925  -4.359 0.0000000000
87901  -31.142  -87.441  -3.777 0.0000000000
87902  -32.677  -85.513  -2.487 0.0000000000
87903  -32.536  -86.031  -3.038 0.0000000000
87904  -33.332  -85.517  -2.532 0.0000000000
87905  -34.053  -85.516  -2.552 0.0000000000
90343  -39.054  -86.620  -2.532 0.0000000000
90344  -38.479  -86.868  -3.084 0.0000000000
90345  -39.195  -86.735  -2.982 0.0000000000
90349  -40.403  -85.690  -3.880 0.0000000000
90350  -40.453  -85.895  -3.465 0.0000000000
90351  -39.942  -86.366  -3.904 0.0000000000
90352  -39.445  -86.928  -3.913 0.0000000000
90353  -39.578  -86.888  -4.383 0.0000000000
90354  -39.032  -87.366  -4.908 0.0000000000
90355  -39.565  -86.743  -4.878 0.0000000000
90356  -39.794  -85.708  -5.411 0.0000000000
90357  -39.490  -86.469  -5.517 0.0000000000
90358  -39.438  -86.304  -5.848 0.0000000000
90359  -39.215  -86.708  -6.466 0.0000000000
90360  -39.458  -86.047  -6.249 0.0000000000
90364  -41.899  -79.943  -2.751 0.0000000000
90366  -41.976  -80.522  -2.745 0.0000000000
90367  -41.975  -81.245  -2.801 0.0000000000
90368  -41.775  -81.042  -3.149 0.0000000000
90369  -41.242  -78.675  -4.226 0.0000000000
90370  -41.327  -79.012  -3.859 0.0000000000
90371  -41.217  -79.517  -4.213 0.0000000000
90372  -41.199  -81.619  -4.895 0.0000000000
90373  -41.221  -81.118  -4.335 0.0000000000
90374  -41.256  -81.838  -4.522 0.0000000000
90375  -41.359  -82.069  -4.174 0.0000000000
90376  -41.161  -82.570  -4.791 0.0000000000
90377  -40.830  -83.336  -4.958 0.0000000000
90378  -40.922  -83.054  -5.300 0.0000000000
90379  -40.731  -83.860  -6.684 0.0000000000
90380  -40.469  -84.138  -6.332 0.0000000000
90381  -40.322  -84.654  -6.818 0.0000000000
90382  -39.927  -85.437  -6.991 0.0000000000
90383  -40.233  -85.128  -7.328 0.0000000000
90384  -40.107  -85.569  -7.842 0.0000000000
90385  -40.572  -84.802  -7.687 0.0000000000
90386  -41.549  -83.310  -8.425 0.0000000000
90387  -41.234  -84.045  -8.448 0.0000000000
90388  -41.499  -83.636  -8.873 0.0000000000
90389  -41.381  -83.993  -9.306 0.0000000000
90390  -41.769  -83.196  -9.286 0.0000000000
90391  -42.415  -79.569  -7.910 0.0000000000
90392  -42.336  -80.516  -8.041 0.0000000000
90393  -42.624  -79.994  -8.441 0.0000000000
90394  -43.031  -80.419  -9.867 0.0000000000
90395  -42.756  -80.919  -9.504 0.0000000000
90396  -42.783  -81.329  -10.007 0.0000000000
90397  -42.368  -82.252  -10.055 0.0000000000
90398  -42.645  -81.838  -10.444 0.0000000000
90399  -42.389  -82.356  -10.855 0.0000000000
90400  -42.882  -81.477  -10.809 0.0000000000
90401  -43.621  -79.822  -11.120 0.0000000000
90402  -43.279  -80.770  -11.366 0.0000000000
90403  -43.456  -80.413  -11.611 0.0000000000
90404  -43.217  -81.088  -12.065 0.0000000000
90405  -43.603  -80.099  -11.751 0.0000000000
90451  -44.310  -72.996  -5.999 0.0000000000
90452  -43.995  -73.750  -6.204 0.0000000000
90457  -44.103  -75.107  -8.247 0.0000000000
90462  -43.892  -75.251  -9.579 0.0000000000
90464  -44.032  -75.481  -9.519 0.0000000000
90465  -44.065  -75.766  -9.407 0.0000000000
90466  -44.076  -76.285  -9.819 0.0000000000
90467  -44.016  -77.077  -10.114 0.0000000000
90468  -44.056  -76.839  -10.201 0.0000000000
90469  -43.715  -77.540  -11.241 0.0000000000
90470  -43.885  -77.761  -11.175 0.0000000000
90471  -43.686  -78.379  -11.668 0.0000000000
90472  -43.578  -79.285  -12.086 0.0000000000
90473  -43.372  -79.006  -12.219 0.0000000000
90474  -42.914  -79.522  -12.815 0.0000000000
90475  -42.964  -78.764  -12.342 0.0000000000
90476  -42.021  -77.609  -11.991 0.0000000000
90477  -42.123  -78.297  -12.467 0.0000000000
90478  -41.705  -77.983  -12.499 0.0000000000
90479  -41.410  -78.314  -12.944 0.0000000000
90480  -41.358  -77.654  -12.544 0.0000000000
90481  -41.180  -74.755  -10.330 0.0000000000
90482  -41.437  -75.454  -10.711 0.0000000000
90483  -41.031  -75.137  -10.745 0.0000000000
90484  -40.356  -75.367  -11.611 0.0000000000
90485  -40.675  -75.828  -11.629 0.0000000000
90486  -40.509  -76.091  -12.023 0.0000000000
90487  -40.653  -76.780  -12.467 0.0000000000
90488  -40.310  -76.265  -12.414 0.0000000000
90489  -40.145  -76.479  -12.768 0.0000000000
90490  -40.071  -75.721  -12.360 0.0000000000
90491  -39.908  -73.858  -12.158 0.0000000000
90492  -39.833  -74.614  -12.449 0.0000000000
90493  -39.917  -74.070  -12.591 0.0000000000
90494  -39.884  -74.310  -13.107 0.0000000000
90495  -40.065  -73.550  -12.804 0.0000000000
90496  -39.318  -67.337  -7.708 0.0000000000
90497  -39.516  -68.480  -8.116 0.0000000000
90498  -39.341  -67.940  -8.240 0.0000000000
90499  -39.297  -68.357  -9.383 0.0000000000
90500  -39.365  -68.911  -9.192 0.0000000000
90501  -39.422  -69.407  -9.629 0.0000000000
90502  -39.535  -70.365  -9.868 0.0000000000
90503  -39.472  -69.775  -10.062 0.0000000000
90506  -39.733  -66.929  -10.468 0.0000000000
90507  -39.855  -69.001  -11.375 0.0000000000
90508  -39.685  -68.863  -10.912 0.0000000000
90509  -39.704  -69.613  -11.162 0.0000000000
90510  -39.645  -70.261  -10.924 0.0000000000
90511  -39.747  -70.440  -11.343 0.0000000000
90512  -39.895  -71.337  -11.524 0.0000000000
90513  -39.984  -70.661  -11.818 0.0000000000
90514  -40.613  -70.709  -13.118 0.0000000000
90515  -40.437  -71.286  -12.775 0.0000000000
90516  -40.571  -71.671  -13.295 0.0000000000
90517  -40.491  -72.619  -13.478 0.0000000000
90518  -40.730  -72.100  -13.851 0.0000000000
90519  -40.710  -72.583  -14.435 0.0000000000
90520  -40.936  -71.585  -14.232 0.0000000000
90521  -41.262  -69.630  -14.686 0.0000000000
90522  -41.268  -70.619  -15.037 0.0000000000
90523  -41.464  -70.085  -15.381 0.0000000000
90524  -41.478  -70.523  -15.903 0.0000000000
90525  -41.615  -69.591  -15.655 0.0000000000
90526  -41.324  -65.970  -13.833 0.0000000000
90527  -41.371  -66.903  -13.978 0.0000000000
90528  -41.516  -66.357  -14.403 0.0000000000
90529  -42.317  -66.456  -15.885 0.0000000000
90530  -42.018  -67.084  -15.495 0.0000000000
90531  -42.340  -67.435  -16.075 0.0000000000
90532  -42.228  -68.356  -16.264 0.0000000000
90533  -42.557  -67.803  -16.562 0.0000000000
90534  -42.610  -68.009  -17.046 0.0000000000
90535  -42.888  -67.114  -16.893 0.0000000000
90536  -43.617  -64.600  -17.405 0.0000000000
90537  -43.436  -65.646  -17.592 0.0000000000
90538  -43.573  -64.943  -17.897 0.0000000000
90539  -43.404  -65.144  -18.302 0.0000000000
90540  -43.682  -64.118  -18.184 0.0000000000
90737  -43.354  -61.498  -17.028 0.0000000000
90738  -43.369  -60.831  -17.499 0.0000000000
92242  -33.706  -86.481  -3.670 0.0000000000
92243  -33.937  -86.733  -4.050 0.0000000000
92244  -34.804  -86.313  -3.408 0.0000000000
92245  -35.739  -86.254  -3.124 0.0000000000
92246  -36.692  -86.296  -2.839 0.0000000000
92499  -40.046  -67.719  -17.623 0.0000000000
92501  -40.077  -66.823  -17.761 0.0000000000
92502  -40.047  -65.927  -17.868 0.0000000000
92503  -39.963  -65.045  -17.981 0.0000000000
92504  -39.834  -64.354  -18.059 0.0000000000
92769  -39.914  -84.629  -13.948 0.0000000000
92770  -39.130  -85.073  -14.464 0.0000000000
92771  -39.967  -84.243  -14.221 0.0000000000
92772  -39.984  -83.806  -14.403 0.0000000000
92773  -39.931  -83.334  -14.503 0.0000000000
92774  -39.768  -82.852  -14.500 0.0000000000
92775  -40.635  -82.320  -14.101 0.0000000000
92776  -41.282  -81.295  -13.786 0.0000000000
92777  -41.734  -80.388  -13.575 0.0000000000
93844  -27.836  -96.509  -5.289 0.0000000000
93845  -27.536  -96.481  -6.040 0.0000000000
93846  -27.854  -96.094  -5.742 0.0000000000
93847  -27.722  -95.549  -6.187 0.0000000000
93848  -27.727  -95.054  -6.719 0.0000000000
93849  -36.955  -89.250  -8.180 0.0000000000
93850  -36.425  -89.639  -8.458 0.0000000000
93851  -37.137  -89.017  -8.439 0.0000000000
93852  -37.338  -88.727  -8.692 0.0000000000
93853  -37.549  -88.356  -8.923 0.0000000000
93854  -37.787  -87.872  -9.177 0.0000000000
93855  -38.312  -87.634  -8.911 0.0000000000
93856  -39.052  -86.868  -8.814 0.0000000000
93857  -39.677  -86.181  -8.783 0.0000000000
95424  -27.253  -95.301  -14.619 0.0000000000
95425  -26.707  -95.512  -15.177 0.0000000000
95429  -29.034  -87.243  -15.901 0.0000000000
95430  -28.490  -87.622  -15.397 0.0000000000
95431  -28.308  -87.326  -15.709 0.0000000000
95432  -27.535  -87.432  -15.416 0.0000000000
95433  -26.769  -87.545  -15.168 0.0000000000
95435  -26.575  -87.266  -15.465 0.0000000000
95442  -38.381  -76.751  -14.348 0.0000000000
95443  -37.810  -76.901  -14.279 0.0000000000
95444  -38.359  -76.275  -14.599 0.0000000000
95445  -38.377  -75.833  -14.880 0.0000000000
95446  -38.373  -75.402  -15.178 0.0000000000
95449  -39.671  -74.124  -15.587 0.0000000000
95450  -40.275  -73.364  -15.576 0.0000000000
97561  -41.997  -75.389  -4.816 0.0000000000
97562  -41.706  -76.161  -4.805 0.0000000000
97563  -41.927  -75.681  -5.106 0.0000000000
97564  -41.946  -76.063  -5.420 0.0000000000
97565  -41.960  -76.495  -5.886 0.0000000000
97566  -42.069  -76.936  -6.383 0.0000000000
97567  -42.354  -76.039  -6.180 0.0000000000
97568  -42.808  -75.607  -6.439 0.0000000000
97569  -43.267  -75.250  -6.687 0.0000000000
97580  -41.366  -71.105  -7.617 0.0000000000
97581  -40.924  -70.772  -7.698 0.0000000000
97582  -40.882  -71.287  -8.032 0.0000000000
97583  -40.805  -71.763  -8.418 0.0000000000
97584  -40.816  -72.266  -8.886 0.0000000000
97585  -40.499  -71.456  -8.511 0.0000000000
97586  -40.201  -70.954  -8.642 0.0000000000
97587  -39.924  -70.479  -8.779 0.0000000000
98164  -28.474  -91.713  -4.969 0.0000000000
98165  -28.707  -91.838  -5.397 0.0000000000
98166  -28.928  -91.081  -5.551 0.0000000000
98167  -29.660  -90.411  -6.089 0.0000000000
98168  -30.513  -89.837  -6.434 0.0000000000
98169  -34.830  -87.934  -5.636 0.0000000000
98170  -34.132  -88.241  -6.211 0.0000000000
98171  -35.085  -88.301  -6.010 0.0000000000
98172  -35.351  -88.633  -6.349 0.0000000000
98173  -35.619  -88.932  -6.664 0.0000000000
98174  -35.950  -89.199  -6.989 0.0000000000
98175  -36.470  -88.878  -6.569 0.0000000000
98176  -37.302  -88.690  -6.393 0.0000000000
98177  -38.056  -88.298  -6.207 0.0000000000
99744  -33.121  -89.933  -14.407 0.0000000000
99745  -32.415  -90.222  -14.717 0.0000000000
99746  -33.361  -89.717  -14.870 0.0000000000
99747  -33.531  -89.429  -15.288 0.0000000000
99748  -33.638  -89.046  -15.661 0.0000000000
99749  -35.949  -86.025  -16.068 0.0000000000
99750  -35.268  -86.702  -16.188 0.0000000000
99751  -35.190  -86.180  -16.328 0.0000000000
99752  -34.356  -86.389  -16.514 0.0000000000
99753  -33.443  -86.611  -16.616 0.0000000000
99754  -32.514  -86.846  -16.564 0.0000000000
99755  -33.331  -86.050  -16.569 0.0000000000
99756  -33.250  -85.486  -16.406 0.0000000000
99757  -33.130  -84.945  -16.188 0.0000000000
99758  -33.153  -84.429  -15.978 0.0000000000
99759  -33.897  -84.197  -15.845 0.0000000000
99760  -34.588  -83.622  -15.444 0.0000000000
99761  -35.387  -83.021  -15.100 0.0000000000
99762  -39.107  -80.758  -14.026 0.0000000000
99763  -38.406  -80.949  -14.235 0.0000000000
99764  -38.950  -80.252  -13.940 0.0000000000
99765  -38.771  -79.739  -13.897 0.0000000000
99766  -38.630  -79.197  -13.849 0.0000000000
99767  -38.534  -78.639  -13.841 0.0000000000
99768  -39.045  -78.446  -13.702 0.0000000000
99769  -39.412  -77.677  -13.566 0.0000000000
99770  -39.631  -76.831  -13.388 0.0000000000
101886  -41.529  -73.834  -3.552 0.0000000000
101887  -41.659  -73.066  -3.536 0.0000000000
102970  -23.654  -98.710  -7.159 0.0000000000
102972  -23.948  -98.442  -7.902 0.0000000000
102973  -23.920  -97.893  -8.463 0.0000000000
102974  -23.896  -97.326  -9.021 0.0000000000
102975  -25.907  -95.807  -9.115 0.0000000000
102976  -25.272  -96.004  -9.505 0.0000000000
102977  -26.004  -95.832  -10.001 0.0000000000
102978  -26.165  -95.901  -10.835 0.0000000000
102979  -26.378  -95.997  -11.618 0.0000000000
102980  -26.712  -96.001  -12.381 0.0000000000
102981  -27.260  -95.682  -11.934 0.0000000000
102982  -27.937  -95.211  -12.110 0.0000000000
102983  -28.634  -94.682  -12.127 0.0000000000
102984  -29.609  -92.230  -7.298 0.0000000000
102985  -29.249  -92.884  -7.412 0.0000000000
102986  -29.863  -92.300  -7.728 0.0000000000
102987  -30.161  -92.368  -8.186 0.0000000000
102988  -30.456  -92.430  -8.582 0.0000000000
102989  -33.660  -90.779  -9.625 0.0000000000
102990  -32.679  -91.434  -9.697 0.0000000000
102991  -32.854  -91.152  -9.935 0.0000000000
102992  -32.125  -91.551  -10.306 0.0000000000
102993  -31.399  -91.974  -10.743 0.0000000000
102994  -30.726  -92.490  -11.177 0.0000000000
102995  -31.460  -91.663  -11.063 0.0000000000
102996  -31.582  -91.284  -11.412 0.0000000000
102997  -31.741  -90.961  -11.820 0.0000000000
102998  -31.917  -90.729  -12.296 0.0000000000
102999  -32.637  -90.171  -11.821 0.0000000000
103000  -33.656  -89.484  -11.876 0.0000000000
103001  -34.790  -88.804  -12.021 0.0000000000
103002  -38.753  -86.489  -10.737 0.0000000000
103003  -38.105  -86.813  -11.223 0.0000000000
103004  -39.041  -86.302  -11.207 0.0000000000
103005  -39.284  -86.166  -11.621 0.0000000000
103006  -39.470  -86.016  -12.043 0.0000000000
103007  -39.620  -85.832  -12.462 0.0000000000
103008  -40.263  -85.223  -11.980 0.0000000000
103009  -40.915  -84.383  -11.893 0.0000000000
103010  -41.614  -83.454  -11.844 0.0000000000
107723  -29.342  -90.868  -15.158 0.0000000000
107724  -28.560  -91.456  -15.078 0.0000000000
107725  -28.554  -90.964  -15.004 0.0000000000
107728  -25.897  -89.614  -13.346 0.0000000000
107729  -25.865  -90.219  -13.522 0.0000000000
107762  -30.167  -81.446  -11.692 0.0000000000
107763  -33.167  -82.476  -14.644 0.0000000000
107764  -32.423  -82.790  -14.594 0.0000000000
107765  -33.109  -82.131  -14.245 0.0000000000
107766  -33.146  -81.776  -13.816 0.0000000000
107767  -33.181  -81.362  -13.369 0.0000000000
107768  -35.495  -77.397  -12.946 0.0000000000
107769  -34.889  -78.358  -12.494 0.0000000000
107770  -34.931  -77.658  -12.434 0.0000000000
107771  -34.311  -77.984  -12.101 0.0000000000
107772  -33.711  -78.360  -11.734 0.0000000000
107774  -33.764  -77.701  -11.792 0.0000000000
107775  -33.818  -77.077  -11.974 0.0000000000
107776  -33.866  -76.486  -12.231 0.0000000000
107784  -39.308  -71.935  -16.875 0.0000000000
107785  -39.494  -71.347  -17.067 0.0000000000
107786  -39.645  -70.716  -17.141 0.0000000000
107787  -40.476  -70.379  -17.329 0.0000000000
107788  -41.257  -69.391  -17.530 0.0000000000
107789  -41.983  -68.414  -17.682 0.0000000000
112617  -26.835  -97.271  -2.758 0.0000000000
112634  -28.320  -92.172  -2.618 0.0000000000
112635  -28.241  -92.089  -3.065 0.0000000000
112636  -28.300  -91.587  -2.698 0.0000000000
112637  -28.356  -90.973  -2.834 0.0000000000
112638  -28.507  -90.372  -2.951 0.0000000000
112642  -30.198  -86.945  -2.742 0.0000000000
112643  -30.712  -86.884  -3.042 0.0000000000
112644  -31.285  -86.767  -3.261 0.0000000000
112645  -31.398  -86.185  -2.761 0.0000000000
114112  -41.782  -84.007  -2.620 0.0000000000
114113  -41.440  -84.741  -2.806 0.0000000000
114114  -41.332  -84.467  -3.178 0.0000000000
114115  -40.829  -84.944  -3.792 0.0000000000
114116  -40.342  -85.482  -4.294 0.0000000000
114117  -39.951  -86.029  -4.814 0.0000000000
114118  -40.262  -85.278  -4.682 0.0000000000
114119  -40.152  -85.101  -4.996 0.0000000000
114120  -40.108  -84.909  -5.291 0.0000000000
114124  -41.797  -79.304  -2.738 0.0000000000
114125  -41.674  -79.657  -3.124 0.0000000000
114126  -41.098  -79.625  -5.085 0.0000000000
114127  -41.109  -79.989  -4.662 0.0000000000
114128  -41.134  -80.508  -5.186 0.0000000000
114129  -41.231  -81.372  -5.324 0.0000000000
114130  -41.212  -82.073  -5.485 0.0000000000
114131  -41.009  -82.807  -5.663 0.0000000000
114132  -41.111  -82.559  -6.048 0.0000000000
114133  -41.049  -83.085  -6.564 0.0000000000
114134  -41.002  -83.575  -7.036 0.0000000000
114135  -40.929  -84.019  -7.575 0.0000000000
114136  -41.278  -83.225  -7.439 0.0000000000
114137  -41.578  -82.851  -7.888 0.0000000000
114138  -41.903  -82.414  -8.328 0.0000000000
114139  -43.003  -78.479  -8.628 0.0000000000
114140  -42.883  -79.463  -8.820 0.0000000000
114141  -43.097  -78.965  -9.170 0.0000000000
114142  -43.201  -79.478  -9.656 0.0000000000
114143  -43.259  -80.034  -10.179 0.0000000000
114144  -43.197  -80.568  -10.658 0.0000000000
114145  -43.472  -79.647  -10.429 0.0000000000
114146  -43.660  -79.255  -10.642 0.0000000000
114147  -43.788  -78.906  -10.798 0.0000000000
114182  -43.362  -74.452  -9.259 0.0000000000
114183  -43.621  -75.059  -9.604 0.0000000000
114184  -43.848  -75.778  -9.977 0.0000000000
114185  -43.992  -76.569  -10.329 0.0000000000
114186  -43.708  -76.303  -10.439 0.0000000000
114187  -43.557  -76.863  -10.862 0.0000000000
114188  -43.309  -77.438  -11.371 0.0000000000
114189  -42.958  -78.032  -11.873 0.0000000000
114190  -42.828  -77.325  -11.447 0.0000000000
114191  -42.308  -77.175  -11.457 0.0000000000
114192  -41.887  -76.905  -11.520 0.0000000000
114193  -40.447  -73.968  -10.439 0.0000000000
114194  -40.651  -74.726  -10.797 0.0000000000
114195  -40.332  -74.290  -10.838 0.0000000000
114196  -40.218  -74.633  -11.237 0.0000000000
114197  -40.101  -74.856  -11.612 0.0000000000
114198  -39.990  -74.988  -11.977 0.0000000000
114199  -39.938  -74.261  -11.646 0.0000000000
114200  -39.907  -73.651  -11.733 0.0000000000
114201  -39.961  -73.046  -11.915 0.0000000000
114202  -39.126  -66.186  -7.960 0.0000000000
114203  -39.205  -67.372  -8.368 0.0000000000
114204  -39.133  -66.741  -8.510 0.0000000000
114205  -39.199  -67.273  -9.070 0.0000000000
114206  -39.273  -67.765  -9.555 0.0000000000
114207  -40.286  -66.691  -11.198 0.0000000000
114208  -39.997  -67.311  -10.941 0.0000000000
114209  -40.208  -67.619  -11.336 0.0000000000
114210  -40.113  -68.372  -11.570 0.0000000000
114211  -40.096  -69.173  -11.853 0.0000000000
114212  -40.128  -69.998  -12.115 0.0000000000
114213  -40.336  -69.415  -12.378 0.0000000000
114214  -40.592  -69.731  -12.926 0.0000000000
114215  -40.781  -70.130  -13.436 0.0000000000
114216  -40.954  -70.679  -14.043 0.0000000000
114217  -40.957  -69.665  -13.802 0.0000000000
114218  -41.112  -69.154  -14.150 0.0000000000
114219  -41.249  -68.644  -14.455 0.0000000000
114220  -41.636  -64.911  -14.610 0.0000000000
114221  -41.693  -65.763  -14.776 0.0000000000
114222  -41.987  -65.127  -15.138 0.0000000000
114223  -42.334  -65.454  -15.728 0.0000000000
114224  -42.703  -65.760  -16.248 0.0000000000
114225  -43.043  -66.080  -16.746 0.0000000000
114226  -43.108  -65.034  -16.598 0.0000000000
114227  -43.485  -64.301  -16.912 0.0000000000
114228  -43.719  -63.540  -17.247 0.0000000000
114347  -43.324  -60.165  -17.966 0.0000000000
114348  -43.198  -59.384  -18.304 0.0000000000
115390  -30.430  -88.650  -5.327 0.0000000000
115391  -30.634  -88.767  -5.718 0.0000000000
115392  -31.395  -88.157  -5.568 0.0000000000
115393  -32.507  -87.806  -5.612 0.0000000000
115394  -33.604  -87.619  -5.476 0.0000000000
115395  -34.102  -86.976  -4.472 0.0000000000
115396  -34.361  -87.245  -4.861 0.0000000000
115397  -34.618  -87.560  -5.250 0.0000000000
115398  -35.558  -87.647  -4.991 0.0000000000
115399  -36.384  -87.666  -4.701 0.0000000000
115400  -37.243  -87.718  -4.460 0.0000000000
116004  -39.656  -63.612  -18.072 0.0000000000
116619  -36.846  -87.332  -14.476 0.0000000000
116620  -36.083  -87.731  -14.963 0.0000000000
116621  -36.850  -86.978  -14.869 0.0000000000
116622  -36.829  -86.624  -15.209 0.0000000000
116623  -36.787  -86.262  -15.499 0.0000000000
116624  -38.440  -85.373  -14.937 0.0000000000
116625  -37.590  -85.608  -15.303 0.0000000000
116626  -36.745  -85.839  -15.669 0.0000000000
116627  -36.667  -85.356  -15.745 0.0000000000
116628  -36.569  -84.821  -15.706 0.0000000000
116629  -36.489  -84.269  -15.535 0.0000000000
116630  -36.327  -83.777  -15.370 0.0000000000
116631  -37.157  -83.545  -15.152 0.0000000000
116632  -37.936  -82.762  -14.925 0.0000000000
116633  -38.628  -81.981  -14.537 0.0000000000
116634  -39.593  -82.318  -14.387 0.0000000000
116635  -39.429  -81.770  -14.248 0.0000000000
116636  -39.251  -81.249  -14.146 0.0000000000
116637  -39.764  -80.505  -13.854 0.0000000000
116638  -40.152  -79.677  -13.714 0.0000000000
116639  -40.476  -78.859  -13.569 0.0000000000
119128  -25.867  -97.736  -6.283 0.0000000000
119129  -25.416  -97.560  -7.031 0.0000000000
119130  -25.963  -97.385  -6.744 0.0000000000
119131  -26.015  -96.989  -7.183 0.0000000000
119132  -25.955  -96.416  -7.687 0.0000000000
119133  -26.989  -96.372  -6.659 0.0000000000
119134  -26.465  -96.161  -7.385 0.0000000000
119135  -26.058  -95.947  -8.202 0.0000000000
119136  -26.518  -95.583  -8.755 0.0000000000
119137  -27.149  -95.295  -9.214 0.0000000000
119138  -27.803  -94.830  -9.574 0.0000000000
119139  -33.382  -90.651  -8.101 0.0000000000
119140  -32.657  -91.059  -8.325 0.0000000000
119141  -33.695  -90.820  -8.422 0.0000000000
119142  -34.024  -90.875  -8.757 0.0000000000
119143  -34.236  -90.739  -9.090 0.0000000000
119144  -35.818  -89.981  -8.751 0.0000000000
119145  -35.122  -90.241  -9.059 0.0000000000
119146  -34.435  -90.482  -9.348 0.0000000000
119147  -34.610  -90.132  -9.564 0.0000000000
119148  -34.727  -89.711  -9.783 0.0000000000
119149  -34.863  -89.281  -10.084 0.0000000000
119150  -35.030  -88.895  -10.491 0.0000000000
119151  -35.761  -88.568  -10.123 0.0000000000
119152  -36.668  -87.901  -10.207 0.0000000000
119153  -37.549  -87.192  -10.279 0.0000000000
119154  -38.037  -87.353  -9.473 0.0000000000
119155  -38.224  -86.998  -9.893 0.0000000000
119156  -38.477  -86.721  -10.305 0.0000000000
119157  -39.362  -86.099  -10.321 0.0000000000
119158  -40.047  -85.601  -10.274 0.0000000000
119159  -40.786  -84.881  -10.137 0.0000000000
122814  -24.363  -96.979  -14.153 0.0000000000
122825  -29.606  -88.952  -15.120 0.0000000000
122826  -28.802  -89.408  -14.703 0.0000000000
122827  -28.783  -88.864  -14.695 0.0000000000
122828  -28.111  -88.826  -14.305 0.0000000000
122829  -27.358  -88.844  -14.047 0.0000000000
122830  -27.872  -87.998  -14.832 0.0000000000
122831  -27.300  -88.375  -14.227 0.0000000000
122832  -26.609  -88.938  -13.762 0.0000000000
122833  -25.878  -89.085  -13.441 0.0000000000
122855  -29.544  -83.001  -13.613 0.0000000000
122856  -35.992  -79.728  -13.718 0.0000000000
122857  -35.311  -79.949  -13.502 0.0000000000
122858  -35.992  -79.127  -13.452 0.0000000000
122859  -36.033  -78.496  -13.273 0.0000000000
122860  -36.061  -77.861  -13.285 0.0000000000
122862  -36.633  -76.997  -13.791 0.0000000000
122863  -36.074  -77.201  -13.369 0.0000000000
122874  -39.533  -72.929  -16.606 0.0000000000
122875  -40.352  -72.084  -16.659 0.0000000000
122876  -41.093  -71.119  -16.704 0.0000000000
127799  -41.941  -83.006  -2.784 0.0000000000
127800  -41.804  -82.736  -3.149 0.0000000000
127801  -41.512  -77.057  -3.561 0.0000000000
127802  -41.490  -77.834  -3.494 0.0000000000
127803  -41.461  -77.426  -3.864 0.0000000000
127804  -41.361  -77.870  -4.216 0.0000000000
127805  -41.286  -78.302  -4.566 0.0000000000
127806  -41.550  -77.015  -4.827 0.0000000000
127807  -41.399  -77.932  -4.886 0.0000000000
127808  -41.203  -78.783  -4.976 0.0000000000
127809  -41.229  -79.301  -5.486 0.0000000000
127810  -41.347  -79.784  -6.035 0.0000000000
127811  -41.499  -80.245  -6.599 0.0000000000
127812  -41.784  -80.598  -7.124 0.0000000000
127813  -41.784  -79.737  -6.954 0.0000000000
127814  -42.106  -79.198  -7.332 0.0000000000
127815  -42.461  -78.607  -7.725 0.0000000000
127816  -42.280  -77.370  -6.937 0.0000000000
127817  -42.541  -77.674  -7.480 0.0000000000
127818  -42.793  -78.039  -8.033 0.0000000000
127819  -43.143  -77.566  -8.358 0.0000000000
127820  -43.497  -77.125  -8.684 0.0000000000
127821  -43.818  -76.694  -8.986 0.0000000000
127852  -42.380  -74.142  -9.402 0.0000000000
127853  -42.200  -74.649  -9.816 0.0000000000
127854  -42.023  -75.199  -10.250 0.0000000000
127855  -41.785  -74.492  -9.886 0.0000000000
127856  -41.381  -74.271  -9.953 0.0000000000
127857  -40.950  -73.990  -9.993 0.0000000000
127858  -40.791  -72.705  -9.314 0.0000000000
127859  -40.722  -73.157  -9.700 0.0000000000
127860  -40.567  -73.601  -10.049 0.0000000000
127861  -40.237  -73.130  -10.113 0.0000000000
127862  -40.007  -72.621  -10.181 0.0000000000
127863  -39.830  -72.080  -10.300 0.0000000000
127872  -40.590  -66.044  -11.448 0.0000000000
127873  -40.807  -66.447  -11.956 0.0000000000
127874  -40.986  -66.686  -12.467 0.0000000000
127875  -41.130  -66.987  -13.007 0.0000000000
127876  -41.086  -66.177  -12.867 0.0000000000
127877  -41.152  -65.651  -13.265 0.0000000000
127878  -41.237  -65.068  -13.661 0.0000000000
127879  -40.916  -63.728  -12.793 0.0000000000
127880  -41.115  -64.166  -13.421 0.0000000000
127881  -41.379  -64.493  -14.047 0.0000000000
127882  -41.564  -63.918  -14.374 0.0000000000
127883  -41.790  -63.303  -14.679 0.0000000000
127884  -42.029  -62.597  -14.973 0.0000000000
129154  -28.355  -94.375  -4.659 0.0000000000
129155  -28.302  -94.525  -5.229 0.0000000000
129156  -28.391  -93.992  -5.167 0.0000000000
129157  -28.533  -93.426  -5.788 0.0000000000
129158  -28.857  -92.819  -6.391 0.0000000000
129159  -28.930  -91.962  -5.880 0.0000000000
129160  -29.150  -92.068  -6.403 0.0000000000
129161  -29.377  -92.160  -6.872 0.0000000000
129162  -30.097  -91.520  -7.204 0.0000000000
129163  -30.962  -91.037  -7.463 0.0000000000
129164  -31.954  -90.673  -7.675 0.0000000000
129165  -30.878  -88.950  -6.072 0.0000000000
129166  -31.161  -89.140  -6.398 0.0000000000
129167  -31.478  -89.332  -6.694 0.0000000000
129168  -33.408  -88.608  -6.640 0.0000000000
129169  -32.612  -89.034  -6.901 0.0000000000
129170  -31.832  -89.605  -6.969 0.0000000000
129171  -32.251  -89.871  -7.246 0.0000000000
129172  -32.687  -90.142  -7.530 0.0000000000
129173  -33.062  -90.408  -7.805 0.0000000000
129174  -34.122  -90.262  -7.872 0.0000000000
129175  -35.142  -90.128  -7.856 0.0000000000
129176  -36.006  -89.828  -7.904 0.0000000000
129177  -36.243  -89.370  -7.300 0.0000000000
129178  -36.510  -89.453  -7.604 0.0000000000
129179  -36.774  -89.416  -7.917 0.0000000000
129180  -37.436  -88.864  -7.916 0.0000000000
129181  -38.150  -88.151  -7.817 0.0000000000
129182  -38.757  -87.499  -7.714 0.0000000000
132489  -29.730  -92.582  -13.946 0.0000000000
132490  -29.232  -92.822  -14.397 0.0000000000
132491  -29.852  -92.090  -14.306 0.0000000000
132492  -29.953  -91.605  -14.647 0.0000000000
132493  -30.073  -91.165  -14.956 0.0000000000
132494  -31.644  -90.477  -14.962 0.0000000000
132495  -30.902  -90.663  -15.112 0.0000000000
132496  -30.141  -90.777  -15.192 0.0000000000
132497  -30.208  -90.362  -15.339 0.0000000000
132498  -30.275  -89.929  -15.402 0.0000000000
132499  -30.338  -89.505  -15.417 0.0000000000
132500  -35.352  -88.054  -15.405 0.0000000000
132501  -34.528  -88.356  -15.751 0.0000000000
132502  -33.687  -88.616  -15.974 0.0000000000
132503  -34.546  -87.447  -16.207 0.0000000000
132504  -33.696  -88.146  -16.198 0.0000000000
132505  -32.766  -88.864  -16.084 0.0000000000
132506  -31.873  -89.028  -16.027 0.0000000000
132507  -31.139  -89.013  -15.779 0.0000000000
132508  -30.350  -89.028  -15.443 0.0000000000
132509  -30.312  -88.542  -15.511 0.0000000000
132510  -30.210  -88.053  -15.624 0.0000000000
132511  -29.992  -87.605  -15.837 0.0000000000
132512  -31.546  -87.042  -16.409 0.0000000000
132513  -30.622  -87.126  -16.249 0.0000000000
132514  -29.800  -87.174  -16.070 0.0000000000
132515  -29.649  -86.749  -16.299 0.0000000000
132516  -29.561  -86.300  -16.516 0.0000000000
132517  -29.614  -85.745  -16.411 0.0000000000
132518  -29.653  -85.233  -16.165 0.0000000000
132519  -30.618  -85.113  -16.253 0.0000000000
132520  -31.535  -84.410  -15.835 0.0000000000
132521  -32.445  -83.648  -15.447 0.0000000000
132522  -33.152  -83.913  -15.693 0.0000000000
132523  -33.128  -83.411  -15.330 0.0000000000
132524  -33.197  -82.886  -15.009 0.0000000000
132525  -33.857  -82.239  -14.643 0.0000000000
132526  -34.543  -81.607  -14.469 0.0000000000
132527  -35.264  -80.951  -14.275 0.0000000000
132528  -36.226  -83.245  -15.152 0.0000000000
132529  -36.159  -82.685  -14.930 0.0000000000
132530  -36.110  -82.130  -14.775 0.0000000000
132531  -37.606  -81.171  -14.420 0.0000000000
132532  -36.821  -81.372  -14.599 0.0000000000
132533  -36.114  -81.652  -14.705 0.0000000000
132534  -36.087  -81.179  -14.571 0.0000000000
132535  -36.027  -80.712  -14.341 0.0000000000
132536  -36.009  -80.260  -14.014 0.0000000000
132537  -36.665  -79.445  -13.847 0.0000000000
132538  -37.259  -78.609  -13.832 0.0000000000
132539  -37.875  -77.868  -13.958 0.0000000000
132540  -38.473  -78.102  -13.867 0.0000000000
132541  -38.434  -77.639  -13.944 0.0000000000
132542  -38.403  -77.203  -14.125 0.0000000000
132543  -38.848  -76.520  -14.216 0.0000000000
132544  -39.317  -75.735  -14.209 0.0000000000
132545  -39.699  -74.891  -14.109 0.0000000000
137001  -41.405  -77.168  -2.820 0.0000000000
137008  -41.256  -76.007  -2.497 0.0000000000
137009  -41.384  -76.403  -2.864 0.0000000000
137010  -41.437  -76.743  -3.254 0.0000000000
137011  -41.520  -76.325  -3.651 0.0000000000
137012  -41.639  -75.888  -4.011 0.0000000000
137013  -41.756  -75.448  -4.271 0.0000000000
137014  -41.716  -74.216  -3.873 0.0000000000
137015  -41.813  -74.660  -4.234 0.0000000000
137016  -41.950  -75.030  -4.521 0.0000000000
137017  -42.187  -74.614  -4.747 0.0000000000
137018  -42.447  -74.225  -4.946 0.0000000000
137019  -42.791  -73.886  -5.070 0.0000000000
137049  -39.706  -68.465  -7.588 0.0000000000
137052  -39.271  -66.230  -7.356 0.0000000000
139250  -22.498  -98.779  -9.951 0.0000000000
139251  -23.229  -98.658  -8.822 0.0000000000
139252  -22.879  -98.428  -9.788 0.0000000000
139253  -22.617  -98.324  -10.761 0.0000000000
139256  -23.590  -97.359  -12.988 0.0000000000
139257  -24.900  -97.289  -7.811 0.0000000000
139258  -24.365  -96.992  -8.648 0.0000000000
139259  -23.984  -96.799  -9.597 0.0000000000
139260  -24.755  -96.135  -9.891 0.0000000000
139261  -24.302  -96.414  -10.220 0.0000000000
139262  -23.848  -96.781  -10.633 0.0000000000
139263  -23.861  -96.851  -11.662 0.0000000000
139264  -24.003  -96.987  -12.661 0.0000000000
139265  -24.208  -97.021  -13.431 0.0000000000
139266  -24.983  -96.756  -13.769 0.0000000000
139267  -25.793  -96.430  -14.012 0.0000000000
139268  -26.560  -96.044  -14.135 0.0000000000
139269  -26.976  -95.929  -13.052 0.0000000000
139270  -27.158  -95.799  -13.662 0.0000000000
139271  -27.212  -95.617  -14.208 0.0000000000
139272  -27.853  -94.980  -14.092 0.0000000000
139273  -28.437  -94.395  -13.862 0.0000000000
139274  -29.013  -93.747  -13.688 0.0000000000
139275  -28.200  -94.578  -5.851 0.0000000000
139276  -28.139  -94.602  -6.474 0.0000000000
139277  -28.027  -94.544  -7.183 0.0000000000
139278  -28.890  -93.442  -7.534 0.0000000000
139279  -28.466  -93.961  -7.682 0.0000000000
139280  -28.004  -94.451  -7.890 0.0000000000
139281  -28.159  -94.328  -8.546 0.0000000000
139282  -28.250  -94.308  -9.210 0.0000000000
139283  -28.400  -94.286  -9.852 0.0000000000
139284  -31.982  -91.527  -8.551 0.0000000000
139285  -31.326  -92.009  -8.785 0.0000000000
139286  -30.713  -92.481  -9.026 0.0000000000
139287  -31.780  -91.986  -9.667 0.0000000000
139288  -30.936  -92.501  -9.509 0.0000000000
139289  -30.161  -92.874  -9.313 0.0000000000
139290  -29.629  -93.236  -9.686 0.0000000000
139291  -29.058  -93.709  -10.051 0.0000000000
139292  -28.621  -94.256  -10.482 0.0000000000
139293  -28.880  -94.256  -11.059 0.0000000000
139294  -29.070  -94.221  -11.574 0.0000000000
139295  -29.227  -94.136  -12.042 0.0000000000
139296  -30.215  -93.022  -11.577 0.0000000000
139297  -29.759  -93.488  -11.972 0.0000000000
139298  -29.339  -93.990  -12.457 0.0000000000
139299  -29.429  -93.742  -12.861 0.0000000000
139300  -29.512  -93.408  -13.238 0.0000000000
139301  -29.575  -93.028  -13.595 0.0000000000
139302  -30.217  -92.178  -13.576 0.0000000000
139303  -30.993  -91.361  -13.616 0.0000000000
139304  -31.855  -90.730  -13.742 0.0000000000
139305  -32.256  -90.494  -12.833 0.0000000000
139306  -32.559  -90.314  -13.371 0.0000000000
139307  -32.838  -90.145  -13.924 0.0000000000
139308  -33.850  -89.527  -14.046 0.0000000000
139309  -34.839  -88.921  -14.151 0.0000000000
139310  -35.834  -88.289  -14.129 0.0000000000
139311  -35.204  -88.603  -11.021 0.0000000000
139312  -35.513  -88.386  -11.594 0.0000000000
139313  -35.817  -88.223  -12.163 0.0000000000
139314  -37.418  -87.219  -11.735 0.0000000000
139315  -36.748  -87.668  -12.250 0.0000000000
139316  -36.089  -88.111  -12.720 0.0000000000
139317  -36.322  -87.993  -13.192 0.0000000000
139318  -36.565  -87.811  -13.635 0.0000000000
139319  -36.761  -87.591  -14.063 0.0000000000
139320  -37.592  -86.921  -14.008 0.0000000000
139321  -38.342  -86.328  -13.945 0.0000000000
139322  -39.174  -85.727  -13.790 0.0000000000
139323  -39.828  -85.541  -12.851 0.0000000000
139324  -39.875  -85.275  -13.213 0.0000000000
139325  -39.883  -84.981  -13.568 0.0000000000
139326  -40.650  -84.100  -13.439 0.0000000000
139327  -41.435  -83.194  -13.194 0.0000000000
139328  -42.229  -82.179  -13.043 0.0000000000
148881  -27.998  -89.956  -14.444 0.0000000000
148882  -27.162  -90.605  -14.351 0.0000000000
148884  -25.743  -90.820  -13.899 0.0000000000
148885  -25.622  -91.376  -14.361 0.0000000000
148953  -29.719  -84.759  -15.792 0.0000000000
148954  -29.843  -84.366  -15.224 0.0000000000
148955  -29.955  -83.965  -14.782 0.0000000000
148956  -31.632  -83.104  -14.587 0.0000000000
148957  -30.842  -83.375  -14.497 0.0000000000
148958  -30.049  -83.598  -14.374 0.0000000000
148959  -30.163  -83.277  -14.005 0.0000000000
148960  -30.235  -82.879  -13.659 0.0000000000
148961  -30.336  -82.480  -13.262 0.0000000000
148962  -34.603  -80.242  -13.268 0.0000000000
148963  -33.953  -80.501  -13.054 0.0000000000
148964  -33.263  -80.882  -12.948 0.0000000000
148965  -34.186  -79.299  -12.382 0.0000000000
148966  -33.404  -80.300  -12.556 0.0000000000
148967  -32.543  -81.223  -12.827 0.0000000000
148968  -31.863  -81.494  -12.766 0.0000000000
148969  -31.241  -81.834  -12.664 0.0000000000
148970  -30.487  -82.067  -12.799 0.0000000000
148971  -30.696  -81.572  -12.244 0.0000000000
148972  -30.879  -81.078  -11.752 0.0000000000
148974  -32.474  -79.126  -11.185 0.0000000000
148975  -31.847  -79.526  -11.039 0.0000000000
149001  -39.807  -70.012  -17.227 0.0000000000
149002  -39.944  -69.256  -17.334 0.0000000000
149003  -39.986  -68.453  -17.474 0.0000000000
149004  -40.906  -67.447  -17.988 0.0000000000
149005  -41.689  -66.368  -18.368 0.0000000000
158665  -23.917  -98.497  -6.267 0.0000000000
158666  -24.504  -98.250  -6.082 0.0000000000
158667  -25.078  -98.057  -5.853 0.0000000000
158670  -23.762  -98.147  -3.016 0.0000000000
158672  -24.458  -98.035  -2.893 0.0000000000
158673  -24.320  -98.120  -3.618 0.0000000000
158674  -24.849  -98.111  -4.234 0.0000000000
158675  -25.327  -98.030  -4.941 0.0000000000
158676  -25.682  -97.920  -5.610 0.0000000000
158677  -26.300  -97.789  -5.343 0.0000000000
158678  -26.843  -97.548  -5.134 0.0000000000
158679  -27.366  -97.200  -4.895 0.0000000000
158680  -27.240  -97.155  -3.289 0.0000000000
158681  -27.586  -96.999  -3.907 0.0000000000
158682  -27.779  -96.757  -4.638 0.0000000000
158683  -28.100  -96.227  -4.422 0.0000000000
158684  -28.326  -95.623  -4.250 0.0000000000
158685  -28.449  -94.939  -4.124 0.0000000000
158709  -28.333  -94.569  -2.480 0.0000000000
158710  -28.492  -94.418  -3.047 0.0000000000
158711  -28.475  -94.378  -3.601 0.0000000000
158712  -28.379  -94.415  -4.142 0.0000000000
158713  -28.320  -93.840  -4.186 0.0000000000
158714  -28.277  -93.208  -4.269 0.0000000000
158715  -28.232  -92.569  -4.384 0.0000000000
158716  -28.151  -92.053  -3.558 0.0000000000
158717  -28.180  -92.007  -4.037 0.0000000000
158718  -28.272  -91.922  -4.523 0.0000000000
158719  -28.413  -91.213  -4.630 0.0000000000
158720  -28.706  -90.464  -4.748 0.0000000000
158721  -29.205  -89.654  -4.926 0.0000000000
158727  -28.904  -89.654  -3.595 0.0000000000
158728  -29.089  -89.452  -4.147 0.0000000000
158729  -29.403  -89.205  -4.579 0.0000000000
158730  -29.835  -88.952  -4.979 0.0000000000
158731  -30.613  -88.302  -4.861 0.0000000000
158732  -31.411  -87.696  -4.587 0.0000000000
158733  -32.224  -87.105  -4.151 0.0000000000
158734  -31.774  -86.727  -3.465 0.0000000000
158735  -32.369  -86.628  -3.573 0.0000000000
158736  -32.987  -86.505  -3.644 0.0000000000
158737  -33.859  -86.016  -3.095 0.0000000000
158738  -34.695  -85.656  -2.540 0.0000000000
161658  -37.490  -86.370  -2.502 0.0000000000
161661  -37.643  -86.609  -2.891 0.0000000000
161662  -37.738  -86.927  -3.315 0.0000000000
161663  -37.859  -87.253  -3.740 0.0000000000
161664  -38.047  -87.555  -4.173 0.0000000000
161667  -40.352  -86.088  -2.582 0.0000000000
161668  -40.949  -85.436  -2.966 0.0000000000
161669  -40.412  -86.019  -3.039 0.0000000000
161670  -39.852  -86.467  -3.024 0.0000000000
161671  -39.312  -86.876  -3.447 0.0000000000
161672  -38.795  -87.290  -3.985 0.0000000000
161673  -38.212  -87.754  -4.639 0.0000000000
161674  -38.371  -87.871  -5.095 0.0000000000
161675  -38.535  -87.898  -5.537 0.0000000000
161676  -38.632  -87.778  -5.948 0.0000000000
161677  -39.532  -86.608  -5.229 0.0000000000
161678  -39.123  -87.128  -5.753 0.0000000000
161679  -38.739  -87.593  -6.358 0.0000000000
161680  -38.849  -87.380  -6.752 0.0000000000
161681  -38.998  -87.128  -7.119 0.0000000000
161682  -39.184  -86.876  -7.486 0.0000000000
161690  -41.950  -81.991  -2.945 0.0000000000
161691  -41.663  -82.500  -3.494 0.0000000000
161692  -41.459  -78.626  -3.493 0.0000000000
161693  -41.479  -79.327  -3.487 0.0000000000
161694  -41.496  -80.133  -3.456 0.0000000000
161695  -41.194  -80.347  -4.235 0.0000000000
161696  -41.333  -80.649  -3.837 0.0000000000
161697  -41.558  -80.845  -3.492 0.0000000000
161698  -41.572  -81.578  -3.625 0.0000000000
161699  -41.503  -82.326  -3.845 0.0000000000
161700  -41.316  -83.041  -4.112 0.0000000000
161701  -40.919  -83.533  -4.636 0.0000000000
161702  -40.461  -84.100  -5.124 0.0000000000
161703  -40.128  -84.683  -5.604 0.0000000000
161704  -40.669  -83.576  -5.815 0.0000000000
161705  -40.234  -84.406  -5.948 0.0000000000
161706  -39.820  -85.287  -6.099 0.0000000000
161707  -39.612  -85.755  -6.643 0.0000000000
161708  -39.565  -86.170  -7.231 0.0000000000
161709  -39.406  -86.591  -7.801 0.0000000000
161710  -39.664  -86.267  -8.037 0.0000000000
161711  -39.923  -85.929  -8.330 0.0000000000
161712  -40.217  -85.586  -8.655 0.0000000000
161713  -40.923  -84.444  -8.059 0.0000000000
161714  -40.743  -84.874  -8.508 0.0000000000
161715  -40.536  -85.228  -9.013 0.0000000000
161716  -40.833  -84.825  -9.393 0.0000000000
161717  -41.091  -84.452  -9.708 0.0000000000
161718  -41.335  -84.079  -10.060 0.0000000000
161719  -42.020  -81.050  -7.637 0.0000000000
161720  -42.172  -81.467  -8.186 0.0000000000
161721  -42.269  -81.879  -8.739 0.0000000000
161722  -42.722  -80.454  -8.944 0.0000000000
161723  -42.501  -81.405  -9.127 0.0000000000
161724  -42.184  -82.340  -9.261 0.0000000000
161725  -42.055  -82.724  -9.660 0.0000000000
161726  -41.863  -83.181  -10.073 0.0000000000
161727  -41.587  -83.674  -10.513 0.0000000000
161728  -41.795  -83.285  -10.920 0.0000000000
161729  -42.018  -82.930  -11.321 0.0000000000
161730  -42.255  -82.616  -11.710 0.0000000000
161731  -43.088  -81.129  -11.084 0.0000000000
161732  -42.827  -81.725  -11.568 0.0000000000
161733  -42.412  -82.337  -12.024 0.0000000000
161734  -42.611  -82.027  -12.310 0.0000000000
161735  -42.807  -81.678  -12.563 0.0000000000
161736  -42.922  -81.242  -12.759 0.0000000000
161762  -43.041  -73.063  -4.921 0.0000000000
161763  -43.228  -73.450  -5.197 0.0000000000
161789  -43.716  -72.968  -5.376 0.0000000000
161790  -43.342  -73.827  -5.622 0.0000000000
161791  -43.506  -74.204  -6.003 0.0000000000
161793  -43.680  -74.871  -6.946 0.0000000000
161796  -43.720  -75.139  -7.407 0.0000000000
161797  -43.841  -75.451  -8.008 0.0000000000
161798  -43.963  -75.841  -8.595 0.0000000000
161799  -43.985  -76.373  -9.166 0.0000000000
161806  -44.118  -75.296  -8.986 0.0000000000
161807  -44.062  -76.072  -9.305 0.0000000000
161808  -43.986  -76.858  -9.590 0.0000000000
161809  -43.948  -77.355  -10.026 0.0000000000
161810  -43.881  -78.000  -10.395 0.0000000000
161811  -43.873  -78.434  -10.919 0.0000000000
161812  -44.000  -77.281  -10.657 0.0000000000
161813  -43.914  -78.055  -11.045 0.0000000000
161814  -43.818  -79.008  -11.374 0.0000000000
161815  -43.650  -79.656  -11.931 0.0000000000
161816  -43.381  -80.230  -12.453 0.0000000000
161817  -42.851  -80.759  -12.976 0.0000000000
161818  -42.682  -80.324  -13.150 0.0000000000
161819  -42.429  -79.925  -13.279 0.0000000000
161820  -42.046  -79.638  -13.345 0.0000000000
161821  -42.545  -78.539  -12.414 0.0000000000
161822  -42.143  -78.941  -12.975 0.0000000000
161823  -41.683  -79.316  -13.349 0.0000000000
161824  -41.334  -78.977  -13.325 0.0000000000
161825  -41.017  -78.584  -13.325 0.0000000000
161826  -40.720  -78.161  -13.279 0.0000000000
161827  -41.870  -75.690  -10.679 0.0000000000
161828  -41.690  -76.188  -11.119 0.0000000000
161829  -41.453  -76.588  -11.577 0.0000000000
161830  -40.855  -75.471  -11.180 0.0000000000
161831  -41.024  -76.224  -11.618 0.0000000000
161832  -41.216  -76.970  -12.113 0.0000000000
161833  -41.009  -77.251  -12.534 0.0000000000
161834  -40.755  -77.489  -12.898 0.0000000000
161835  -40.440  -77.702  -13.215 0.0000000000
161836  -40.195  -77.185  -13.136 0.0000000000
161837  -39.934  -76.627  -13.096 0.0000000000
161838  -39.761  -76.085  -13.108 0.0000000000
161839  -39.912  -75.181  -12.349 0.0000000000
161840  -39.819  -75.378  -12.774 0.0000000000
161841  -39.684  -75.564  -13.178 0.0000000000
161842  -39.739  -75.055  -13.379 0.0000000000
161843  -39.864  -74.584  -13.607 0.0000000000
161844  -40.025  -74.157  -13.873 0.0000000000
161845  -39.708  -68.970  -7.997 0.0000000000
161846  -39.733  -69.511  -8.476 0.0000000000
161847  -39.688  -69.984  -8.913 0.0000000000
161848  -39.343  -68.429  -8.745 0.0000000000
161849  -39.484  -69.426  -9.005 0.0000000000
161850  -39.688  -70.448  -9.284 0.0000000000
161851  -39.688  -70.929  -9.700 0.0000000000
161852  -39.667  -71.249  -10.086 0.0000000000
161853  -39.704  -71.512  -10.457 0.0000000000
161854  -39.269  -66.047  -9.467 0.0000000000
161855  -39.354  -67.160  -9.769 0.0000000000
161856  -39.437  -68.231  -10.042 0.0000000000
161857  -39.749  -67.914  -10.711 0.0000000000
161858  -39.542  -68.548  -10.498 0.0000000000
161859  -39.474  -69.170  -10.271 0.0000000000
161860  -39.498  -70.070  -10.494 0.0000000000
161861  -39.649  -70.910  -10.676 0.0000000000
161862  -39.727  -71.750  -10.865 0.0000000000
161863  -39.851  -71.996  -11.264 0.0000000000
161864  -39.957  -72.227  -11.735 0.0000000000
161865  -40.098  -72.443  -12.190 0.0000000000
161866  -40.208  -70.915  -12.289 0.0000000000
161867  -40.265  -71.854  -12.452 0.0000000000
161868  -40.177  -72.740  -12.648 0.0000000000
161869  -40.250  -73.069  -13.114 0.0000000000
161870  -40.250  -73.448  -13.676 0.0000000000
161871  -40.185  -73.790  -14.233 0.0000000000
161872  -40.356  -73.403  -14.642 0.0000000000
161873  -40.565  -72.975  -15.058 0.0000000000
161874  -40.824  -72.497  -15.464 0.0000000000
161875  -41.070  -71.156  -14.651 0.0000000000
161876  -41.145  -71.571  -15.307 0.0000000000
161877  -41.019  -71.997  -15.800 0.0000000000
161878  -41.202  -71.444  -16.090 0.0000000000
161879  -41.382  -70.861  -16.356 0.0000000000
161880  -41.578  -70.312  -16.618 0.0000000000
161881  -41.220  -67.376  -13.574 0.0000000000
161882  -41.342  -67.775  -14.173 0.0000000000
161883  -41.475  -68.180  -14.744 0.0000000000
161884  -41.742  -66.749  -14.933 0.0000000000
161885  -41.739  -67.654  -15.105 0.0000000000
161886  -41.731  -68.609  -15.356 0.0000000000
161887  -41.917  -68.946  -15.971 0.0000000000
161888  -41.925  -69.354  -16.415 0.0000000000
161889  -41.862  -69.651  -16.898 0.0000000000
161890  -42.129  -68.966  -17.170 0.0000000000
161891  -42.319  -68.249  -17.440 0.0000000000
161892  -42.562  -67.448  -17.723 0.0000000000
161893  -43.192  -66.379  -17.246 0.0000000000
161894  -43.044  -66.582  -17.637 0.0000000000
161895  -42.765  -66.668  -18.007 0.0000000000
161896  -42.900  -65.974  -18.274 0.0000000000
162120  -41.087  -61.081  -13.479 0.0000000000
162121  -41.413  -61.331  -14.082 0.0000000000
162122  -41.810  -61.540  -14.691 0.0000000000
162123  -42.252  -61.804  -15.347 0.0000000000
162131  -42.411  -61.077  -15.799 0.0000000000
162132  -42.731  -62.002  -15.981 0.0000000000
162133  -43.218  -62.273  -16.576 0.0000000000
162134  -43.650  -62.417  -17.111 0.0000000000
162135  -43.880  -62.649  -17.680 0.0000000000
162136  -43.662  -61.023  -18.093 0.0000000000
162137  -43.920  -61.864  -18.137 0.0000000000
162138  -43.962  -62.966  -18.113 0.0000000000
