#!ascii label  , from subject fsaverage vox2ras=TkReg
351
270  -48.925  -22.774  6.566 0.0000000000
534  -51.685  -14.526  2.526 0.0000000000
749  -36.748  -32.157  11.835 0.0000000000
751  -34.033  -30.322  12.728 0.0000000000
1172  -44.123  -22.077  6.082 0.0000000000
1640  -42.373  -25.161  8.907 0.0000000000
1641  -38.373  -26.720  5.365 0.0000000000
2670  -35.643  -31.041  13.154 0.0000000000
3092  -42.148  -23.609  3.673 0.0000000000
3093  -44.956  -20.705  4.286 0.0000000000
3692  -38.174  -27.923  10.601 0.0000000000
3694  -39.076  -26.407  9.079 0.0000000000
3695  -39.987  -25.248  7.282 0.0000000000
4960  -51.146  -16.375  4.422 0.0000000000
5960  -37.048  -29.482  12.005 0.0000000000
5961  -35.233  -29.236  10.952 0.0000000000
6718  -46.553  -22.058  7.352 0.0000000000
6719  -50.123  -20.604  6.273 0.0000000000
6720  -47.210  -20.025  6.184 0.0000000000
6721  -47.865  -18.267  4.596 0.0000000000
6722  -48.672  -16.673  2.915 0.0000000000
7668  -45.710  -24.092  8.140 0.0000000000
7669  -43.173  -23.517  7.594 0.0000000000
7670  -40.898  -24.298  5.406 0.0000000000
11372  -37.188  -27.846  10.001 0.0000000000
11373  -38.701  -27.141  9.872 0.0000000000
11374  -37.663  -27.247  9.134 0.0000000000
11375  -38.098  -26.740  8.227 0.0000000000
11376  -36.731  -27.788  8.286 0.0000000000
12642  -52.851  -14.615  2.947 0.0000000000
13772  -34.837  -30.585  13.142 0.0000000000
13773  -36.428  -30.258  12.582 0.0000000000
13774  -35.543  -29.934  12.381 0.0000000000
13775  -36.159  -29.230  11.654 0.0000000000
13776  -34.596  -29.797  11.800 0.0000000000
13810  -36.069  -32.892  12.215 0.0000000000
13812  -37.228  -32.640  10.697 0.0000000000
15037  -45.289  -21.898  6.963 0.0000000000
15038  -46.943  -20.995  6.815 0.0000000000
15039  -45.619  -21.003  6.203 0.0000000000
15041  -46.307  -19.394  4.542 0.0000000000
15042  -46.782  -18.689  3.658 0.0000000000
15043  -48.291  -17.431  3.741 0.0000000000
16840  -41.915  -26.071  9.463 0.0000000000
16841  -43.031  -26.566  9.349 0.0000000000
16844  -44.021  -24.631  8.602 0.0000000000
16845  -44.491  -23.698  8.144 0.0000000000
16846  -42.748  -24.300  8.301 0.0000000000
16847  -39.008  -25.855  6.258 0.0000000000
16848  -40.459  -24.725  6.366 0.0000000000
16849  -39.540  -25.517  5.309 0.0000000000
16850  -40.168  -25.238  4.359 0.0000000000
20640  -50.511  -19.472  6.068 0.0000000000
23237  -35.522  -32.344  13.278 0.0000000000
23238  -36.314  -31.630  12.717 0.0000000000
23239  -34.902  -31.784  13.851 0.0000000000
23998  -42.944  -22.647  4.836 0.0000000000
23999  -44.497  -21.337  5.177 0.0000000000
24001  -44.245  -21.711  3.094 0.0000000000
25078  -39.199  -28.320  10.861 0.0000000000
25081  -40.290  -26.542  9.671 0.0000000000
25082  -40.699  -25.759  9.026 0.0000000000
25083  -41.146  -24.983  8.305 0.0000000000
25084  -39.559  -25.803  8.237 0.0000000000
25085  -38.574  -26.266  7.226 0.0000000000
27360  -50.924  -17.384  5.189 0.0000000000
29266  -37.149  -30.851  12.266 0.0000000000
29268  -38.625  -29.196  11.353 0.0000000000
29269  -37.649  -28.697  11.358 0.0000000000
29270  -36.708  -28.514  10.851 0.0000000000
31036  -47.829  -22.445  7.201 0.0000000000
31038  -48.302  -21.317  6.895 0.0000000000
31039  -48.726  -20.235  6.492 0.0000000000
31040  -48.999  -19.142  6.007 0.0000000000
31041  -45.943  -20.180  5.374 0.0000000000
31042  -47.529  -19.125  5.418 0.0000000000
31043  -49.201  -18.204  5.328 0.0000000000
31045  -49.781  -16.363  3.756 0.0000000000
31046  -50.200  -15.499  2.853 0.0000000000
31048  -49.210  -15.896  2.057 0.0000000000
33431  -46.707  -24.557  7.532 0.0000000000
33432  -47.318  -23.533  7.406 0.0000000000
33433  -46.176  -23.103  7.752 0.0000000000
33434  -44.848  -22.781  7.574 0.0000000000
33435  -43.612  -22.771  6.837 0.0000000000
33436  -41.577  -24.304  7.497 0.0000000000
33437  -41.953  -23.691  6.585 0.0000000000
33438  -42.430  -23.119  5.771 0.0000000000
33439  -41.504  -23.923  4.531 0.0000000000
38133  -33.967  -29.335  10.303 0.0000000000
42092  -36.721  -27.999  9.624 0.0000000000
42093  -37.419  -27.548  9.551 0.0000000000
42094  -36.928  -27.755  9.204 0.0000000000
42095  -37.181  -27.473  8.721 0.0000000000
43362  -52.239  -14.580  2.774 0.0000000000
43363  -53.073  -14.059  2.421 0.0000000000
43364  -52.490  -14.017  2.239 0.0000000000
43366  -51.930  -14.041  2.065 0.0000000000
44489  -37.357  -32.048  11.137 0.0000000000
44491  -37.199  -31.793  11.605 0.0000000000
44492  -34.463  -30.424  12.940 0.0000000000
44493  -35.215  -30.267  12.737 0.0000000000
44494  -34.799  -30.128  12.517 0.0000000000
44495  -35.062  -29.851  12.113 0.0000000000
44496  -34.313  -30.084  12.276 0.0000000000
44530  -36.392  -32.538  12.023 0.0000000000
44531  -36.625  -32.769  11.432 0.0000000000
44532  -36.992  -32.404  11.269 0.0000000000
45757  -44.720  -21.949  6.571 0.0000000000
45758  -45.462  -21.433  6.607 0.0000000000
45759  -44.855  -21.528  6.161 0.0000000000
45761  -46.176  -19.430  3.531 0.0000000000
45762  -46.447  -19.114  3.092 0.0000000000
45763  -47.064  -18.389  3.200 0.0000000000
45764  -46.755  -18.823  2.635 0.0000000000
45765  -47.109  -18.545  2.240 0.0000000000
47560  -42.175  -25.599  9.209 0.0000000000
47561  -42.736  -25.838  9.286 0.0000000000
47562  -42.995  -25.362  9.031 0.0000000000
47564  -43.205  -24.886  8.795 0.0000000000
47565  -43.384  -24.438  8.506 0.0000000000
47566  -42.546  -24.705  8.604 0.0000000000
47567  -38.673  -26.276  5.813 0.0000000000
47568  -39.270  -25.669  5.789 0.0000000000
47569  -38.924  -26.127  5.334 0.0000000000
55357  -42.494  -23.092  4.243 0.0000000000
55358  -43.229  -22.412  4.374 0.0000000000
55359  -42.840  -22.858  3.815 0.0000000000
57157  -38.697  -28.085  10.780 0.0000000000
57159  -38.969  -27.660  10.486 0.0000000000
57160  -38.919  -26.779  9.466 0.0000000000
57161  -39.483  -26.819  9.770 0.0000000000
57162  -39.690  -26.450  9.406 0.0000000000
57163  -40.502  -26.153  9.347 0.0000000000
57164  -39.881  -26.087  9.045 0.0000000000
57165  -40.107  -25.724  8.690 0.0000000000
57166  -39.311  -26.106  8.685 0.0000000000
57167  -37.688  -26.996  7.748 0.0000000000
57168  -38.351  -26.489  7.747 0.0000000000
57169  -37.913  -26.828  7.252 0.0000000000
57170  -38.180  -26.633  6.719 0.0000000000
64357  -36.039  -31.312  12.974 0.0000000000
64358  -36.733  -31.229  12.470 0.0000000000
64359  -36.416  -30.934  12.766 0.0000000000
64360  -36.769  -29.885  12.277 0.0000000000
64361  -37.200  -30.126  12.252 0.0000000000
64362  -37.555  -29.768  11.981 0.0000000000
64363  -38.320  -29.631  11.604 0.0000000000
64364  -37.846  -29.353  11.714 0.0000000000
64365  -38.129  -28.942  11.458 0.0000000000
64366  -37.379  -29.112  11.701 0.0000000000
64367  -35.666  -29.212  11.334 0.0000000000
64368  -36.394  -28.879  11.254 0.0000000000
64369  -35.957  -28.897  10.898 0.0000000000
64370  -36.227  -28.593  10.461 0.0000000000
64371  -35.522  -28.954  10.522 0.0000000000
68152  -47.198  -22.238  7.342 0.0000000000
68153  -48.063  -21.862  7.064 0.0000000000
68154  -47.417  -21.691  7.187 0.0000000000
68155  -47.096  -20.504  6.521 0.0000000000
68156  -47.802  -20.606  6.680 0.0000000000
68157  -47.950  -20.082  6.431 0.0000000000
68158  -48.877  -19.689  6.269 0.0000000000
68159  -48.087  -19.594  6.092 0.0000000000
68160  -44.741  -21.020  4.734 0.0000000000
68161  -45.236  -20.733  5.299 0.0000000000
68162  -45.418  -20.364  4.855 0.0000000000
68163  -47.055  -18.786  4.589 0.0000000000
68164  -46.868  -19.221  5.008 0.0000000000
68165  -47.661  -18.654  4.993 0.0000000000
68166  -48.342  -18.642  5.367 0.0000000000
68167  -48.514  -18.201  4.979 0.0000000000
68169  -48.691  -17.766  4.609 0.0000000000
68170  -48.480  -17.065  3.341 0.0000000000
68171  -49.020  -16.868  3.764 0.0000000000
68172  -49.200  -16.452  3.350 0.0000000000
68173  -49.952  -15.898  3.334 0.0000000000
68174  -49.398  -16.062  2.910 0.0000000000
68175  -49.619  -15.625  2.491 0.0000000000
68176  -48.937  -16.301  2.475 0.0000000000
73570  -45.422  -24.627  8.268 0.0000000000
73572  -46.254  -24.370  7.905 0.0000000000
73573  -47.030  -24.057  7.479 0.0000000000
73574  -46.523  -23.830  7.775 0.0000000000
73575  -46.794  -23.315  7.646 0.0000000000
73576  -45.953  -23.593  7.952 0.0000000000
73577  -43.857  -23.573  7.943 0.0000000000
73578  -44.666  -23.239  7.852 0.0000000000
73579  -44.031  -23.138  7.587 0.0000000000
73580  -44.263  -22.720  7.281 0.0000000000
73581  -43.412  -23.108  7.218 0.0000000000
73582  -40.555  -25.071  7.827 0.0000000000
73583  -41.354  -24.638  7.919 0.0000000000
73584  -40.771  -24.746  7.419 0.0000000000
73585  -40.675  -24.511  5.868 0.0000000000
73586  -41.201  -24.193  6.468 0.0000000000
73587  -41.421  -23.933  6.017 0.0000000000
73588  -42.185  -23.412  6.163 0.0000000000
73589  -41.653  -23.717  5.570 0.0000000000
73590  -41.934  -23.478  5.109 0.0000000000
73591  -41.183  -24.102  4.972 0.0000000000
84962  -50.675  -20.765  5.995 0.0000000000
93119  -42.525  -23.439  3.221 0.0000000000
94198  -37.664  -27.827  10.344 0.0000000000
94199  -38.446  -27.533  10.256 0.0000000000
94200  -37.933  -27.486  9.922 0.0000000000
94201  -38.161  -27.126  9.514 0.0000000000
94202  -38.373  -26.810  9.102 0.0000000000
94203  -38.555  -26.536  8.673 0.0000000000
94204  -37.864  -26.948  8.696 0.0000000000
94205  -37.420  -27.249  8.244 0.0000000000
96480  -51.204  -15.910  3.972 0.0000000000
98518  -35.248  -30.795  13.209 0.0000000000
98519  -36.077  -30.650  12.883 0.0000000000
98520  -35.635  -30.446  12.867 0.0000000000
98521  -36.005  -30.057  12.559 0.0000000000
98522  -36.313  -29.696  12.202 0.0000000000
98523  -36.630  -29.316  11.882 0.0000000000
98524  -35.873  -29.569  12.038 0.0000000000
98525  -35.387  -29.535  11.745 0.0000000000
98526  -34.931  -29.529  11.390 0.0000000000
100795  -45.902  -21.914  7.227 0.0000000000
100796  -46.752  -21.519  7.092 0.0000000000
100797  -46.101  -21.432  6.900 0.0000000000
100798  -46.246  -20.931  6.596 0.0000000000
100799  -46.419  -20.490  6.237 0.0000000000
100800  -45.216  -20.423  3.836 0.0000000000
100801  -45.623  -20.044  4.415 0.0000000000
100802  -45.849  -19.710  3.968 0.0000000000
100803  -46.559  -19.053  4.087 0.0000000000
100804  -47.282  -18.408  4.170 0.0000000000
100805  -48.073  -17.838  4.187 0.0000000000
100807  -47.708  -17.695  3.293 0.0000000000
104040  -41.656  -26.542  9.697 0.0000000000
104041  -42.219  -26.796  9.640 0.0000000000
104042  -42.478  -26.292  9.520 0.0000000000
104043  -43.296  -26.087  9.212 0.0000000000
104048  -44.852  -24.361  8.397 0.0000000000
104049  -45.101  -23.871  8.208 0.0000000000
104050  -44.237  -24.145  8.406 0.0000000000
104051  -43.608  -24.000  8.236 0.0000000000
104052  -42.989  -23.916  7.950 0.0000000000
104053  -39.460  -25.492  6.698 0.0000000000
104054  -40.218  -24.977  6.809 0.0000000000
104055  -39.717  -25.286  6.281 0.0000000000
104056  -39.950  -25.072  5.797 0.0000000000
104057  -40.181  -24.918  5.280 0.0000000000
104058  -40.497  -24.733  4.867 0.0000000000
104059  -39.798  -25.373  4.829 0.0000000000
104060  -39.567  -25.886  4.371 0.0000000000
110880  -50.398  -20.036  6.182 0.0000000000
115661  -36.163  -32.268  12.557 0.0000000000
115662  -36.562  -31.891  12.273 0.0000000000
115663  -35.926  -32.001  12.943 0.0000000000
115664  -35.621  -31.712  13.265 0.0000000000
115665  -35.284  -31.411  13.478 0.0000000000
115667  -34.539  -31.500  13.948 0.0000000000
115668  -34.871  -31.144  13.585 0.0000000000
115669  -34.478  -30.915  13.514 0.0000000000
115670  -34.089  -30.725  13.387 0.0000000000
115671  -33.686  -30.571  13.224 0.0000000000
115722  -35.530  -32.967  12.963 0.0000000000
115723  -35.819  -32.621  12.771 0.0000000000
117436  -43.503  -22.289  5.499 0.0000000000
117437  -44.280  -21.707  5.613 0.0000000000
117438  -43.732  -22.006  4.999 0.0000000000
117439  -44.009  -21.688  4.572 0.0000000000
117440  -44.282  -21.423  4.141 0.0000000000
117441  -43.186  -22.700  3.352 0.0000000000
117443  -44.564  -21.174  3.697 0.0000000000
117444  -44.927  -20.891  3.248 0.0000000000
119961  -39.242  -27.249  10.136 0.0000000000
119963  -40.855  -26.728  9.852 0.0000000000
119964  -41.105  -26.276  9.596 0.0000000000
119965  -41.314  -25.899  9.291 0.0000000000
119966  -41.525  -25.465  9.005 0.0000000000
119967  -41.730  -25.033  8.684 0.0000000000
119968  -40.930  -25.391  8.673 0.0000000000
119969  -40.355  -25.387  8.234 0.0000000000
119970  -39.753  -25.490  7.736 0.0000000000
119971  -38.799  -26.230  8.242 0.0000000000
119972  -39.044  -25.984  7.737 0.0000000000
119973  -39.259  -25.745  7.213 0.0000000000
119974  -38.822  -26.066  6.704 0.0000000000
119975  -38.435  -26.437  6.250 0.0000000000
129904  -36.987  -31.524  12.088 0.0000000000
129905  -37.447  -31.139  11.879 0.0000000000
129907  -36.810  -30.540  12.486 0.0000000000
129911  -39.037  -29.514  11.138 0.0000000000
129913  -38.909  -28.768  11.074 0.0000000000
129914  -38.400  -28.519  11.111 0.0000000000
129915  -37.914  -28.285  11.012 0.0000000000
129916  -36.916  -28.903  11.559 0.0000000000
129917  -37.176  -28.556  11.149 0.0000000000
129918  -37.438  -28.181  10.750 0.0000000000
129919  -36.953  -28.192  10.412 0.0000000000
129920  -36.496  -28.269  10.050 0.0000000000
134710  -48.438  -22.636  6.913 0.0000000000
134711  -49.237  -22.218  6.489 0.0000000000
134712  -48.680  -22.038  6.821 0.0000000000
134713  -48.957  -21.482  6.738 0.0000000000
134714  -49.220  -20.960  6.594 0.0000000000
134715  -47.623  -21.151  6.919 0.0000000000
134716  -48.503  -20.784  6.720 0.0000000000
134717  -49.450  -20.416  6.437 0.0000000000
134718  -49.749  -19.860  6.310 0.0000000000
134719  -49.786  -19.303  6.106 0.0000000000
134721  -45.037  -21.135  5.724 0.0000000000
134722  -45.789  -20.558  5.826 0.0000000000
134723  -46.544  -20.070  5.822 0.0000000000
134724  -46.117  -19.776  4.958 0.0000000000
134725  -46.674  -19.637  5.437 0.0000000000
134726  -47.359  -19.571  5.800 0.0000000000
134727  -48.263  -19.086  5.756 0.0000000000
134728  -49.098  -18.684  5.680 0.0000000000
134733  -48.879  -17.317  4.176 0.0000000000
134735  -50.439  -16.343  4.119 0.0000000000
134736  -50.488  -15.906  3.672 0.0000000000
134737  -50.741  -15.448  3.214 0.0000000000
134738  -50.963  -14.985  2.723 0.0000000000
134739  -51.162  -14.516  2.267 0.0000000000
134740  -50.398  -15.046  2.409 0.0000000000
134741  -49.899  -15.218  2.054 0.0000000000
141441  -47.072  -24.719  7.079 0.0000000000
141446  -47.000  -22.793  7.501 0.0000000000
141447  -46.370  -22.562  7.590 0.0000000000
141448  -45.333  -23.387  8.009 0.0000000000
141449  -45.511  -22.916  7.729 0.0000000000
141450  -45.718  -22.427  7.486 0.0000000000
141451  -45.083  -22.354  7.270 0.0000000000
141452  -44.470  -22.343  6.934 0.0000000000
141453  -43.852  -22.408  6.473 0.0000000000
141454  -41.942  -24.623  8.312 0.0000000000
141455  -42.177  -24.245  7.960 0.0000000000
141456  -42.353  -23.902  7.546 0.0000000000
141457  -41.006  -24.460  6.958 0.0000000000
141458  -41.724  -23.972  7.022 0.0000000000
141459  -42.533  -23.555  7.109 0.0000000000
141460  -42.760  -23.176  6.744 0.0000000000
141461  -43.000  -22.901  6.325 0.0000000000
141462  -43.253  -22.594  5.930 0.0000000000
141463  -42.706  -22.889  5.311 0.0000000000
141464  -42.201  -23.283  4.669 0.0000000000
141465  -41.774  -23.753  4.089 0.0000000000
141466  -40.815  -24.555  4.407 0.0000000000
155354  -33.718  -30.020  12.028 0.0000000000
155355  -33.993  -29.819  11.521 0.0000000000
155356  -34.322  -29.560  11.058 0.0000000000
155358  -33.681  -29.539  10.784 0.0000000000
155359  -34.616  -29.322  10.608 0.0000000000
155360  -34.942  -29.079  10.147 0.0000000000
