#!ascii label  , from subject fsaverage vox2ras=TkReg
1187
408  10.972  -52.409  27.535 0.0000000000
543  5.048  -45.049  30.251 0.0000000000
546  9.033  -44.714  23.317 0.0000000000
547  3.688  -43.135  17.573 0.0000000000
1199  6.062  -39.651  31.872 0.0000000000
1207  6.973  -39.636  24.206 0.0000000000
1208  7.403  -43.917  20.574 0.0000000000
2270  8.069  -49.096  29.162 0.0000000000
2271  5.516  -49.624  25.704 0.0000000000
2277  4.302  -34.250  30.516 0.0000000000
2278  4.877  -39.338  28.239 0.0000000000
2279  5.440  -44.362  25.734 0.0000000000
2280  4.609  -48.527  20.983 0.0000000000
2281  6.765  -47.981  18.465 0.0000000000
2282  8.836  -47.510  16.329 0.0000000000
2283  8.377  -46.233  13.809 0.0000000000
2286  7.369  -44.791  10.963 0.0000000000
2287  7.608  -43.374  8.457 0.0000000000
2288  9.436  -41.942  6.647 0.0000000000
3128  4.333  -39.396  23.013 0.0000000000
4206  10.207  -52.585  25.855 0.0000000000
5037  6.039  -47.646  30.308 0.0000000000
5038  6.719  -49.345  27.658 0.0000000000
5039  4.919  -47.819  28.566 0.0000000000
5055  5.788  -34.229  29.345 0.0000000000
5056  4.533  -36.855  29.259 0.0000000000
5057  6.809  -37.017  28.721 0.0000000000
5058  9.206  -42.484  25.379 0.0000000000
5059  7.885  -42.278  26.521 0.0000000000
5060  7.627  -44.660  24.651 0.0000000000
5061  4.955  -46.551  23.503 0.0000000000
5062  6.839  -46.503  22.250 0.0000000000
5063  5.363  -47.988  19.558 0.0000000000
5064  8.389  -46.642  21.182 0.0000000000
5065  5.549  -43.577  19.174 0.0000000000
5066  8.247  -45.741  18.442 0.0000000000
5067  7.087  -45.252  17.055 0.0000000000
5068  8.776  -46.937  15.030 0.0000000000
5069  5.719  -44.728  15.552 0.0000000000
5077  2.901  -42.946  9.945 0.0000000000
5078  7.263  -44.050  9.624 0.0000000000
5079  3.156  -41.847  8.271 0.0000000000
5081  6.094  -39.781  6.434 0.0000000000
5082  7.928  -39.003  5.941 0.0000000000
6267  11.929  -52.124  29.169 0.0000000000
6767  5.706  -42.166  30.966 0.0000000000
6781  8.678  -42.206  23.807 0.0000000000
6782  8.736  -44.308  21.910 0.0000000000
6783  6.925  -41.851  22.532 0.0000000000
6784  4.580  -41.536  21.248 0.0000000000
9369  11.385  -50.071  29.183 0.0000000000
9371  9.943  -48.543  30.065 0.0000000000
9372  10.043  -50.374  27.880 0.0000000000
9373  8.956  -50.618  26.406 0.0000000000
9374  7.949  -50.660  24.743 0.0000000000
9375  7.137  -50.738  23.036 0.0000000000
9393  5.106  -34.745  32.595 0.0000000000
9394  4.623  -37.285  31.480 0.0000000000
9395  4.387  -39.629  30.413 0.0000000000
9396  4.341  -42.124  29.245 0.0000000000
9397  7.537  -39.730  27.812 0.0000000000
9398  5.210  -41.888  27.163 0.0000000000
9399  4.580  -44.715  27.997 0.0000000000
9400  4.514  -47.320  25.890 0.0000000000
9401  4.680  -49.335  23.287 0.0000000000
9402  6.671  -50.505  20.735 0.0000000000
9403  6.458  -50.324  19.015 0.0000000000
9406  8.911  -46.354  19.805 0.0000000000
9407  8.114  -47.995  17.433 0.0000000000
9417  1.989  -43.037  15.665 0.0000000000
9418  4.509  -44.167  13.840 0.0000000000
9419  7.812  -45.541  12.380 0.0000000000
9424  4.212  -40.657  7.131 0.0000000000
9425  8.432  -42.652  7.434 0.0000000000
9426  10.681  -45.076  6.542 0.0000000000
9427  11.351  -44.364  5.830 0.0000000000
11882  10.989  -53.495  27.849 0.0000000000
11886  10.566  -52.548  26.708 0.0000000000
12715  5.888  -44.816  30.714 0.0000000000
12716  6.430  -46.070  30.735 0.0000000000
12717  5.466  -46.439  30.396 0.0000000000
12718  5.362  -47.831  29.575 0.0000000000
12719  4.794  -46.600  29.693 0.0000000000
12735  7.247  -34.406  29.526 0.0000000000
12736  6.247  -35.595  29.020 0.0000000000
12737  7.753  -35.810  29.208 0.0000000000
12738  9.189  -43.595  24.402 0.0000000000
12739  8.744  -43.712  25.138 0.0000000000
12740  8.508  -44.766  24.076 0.0000000000
12741  7.279  -45.670  23.519 0.0000000000
12742  8.227  -45.837  22.889 0.0000000000
12743  7.712  -46.638  21.747 0.0000000000
12744  8.826  -45.766  22.297 0.0000000000
12745  4.601  -43.349  18.408 0.0000000000
12746  6.199  -44.426  18.083 0.0000000000
12747  5.364  -44.197  17.321 0.0000000000
12748  6.370  -44.983  16.332 0.0000000000
12749  4.635  -43.954  16.487 0.0000000000
12758  2.930  -42.460  9.059 0.0000000000
14285  11.832  -53.106  29.569 0.0000000000
15115  7.059  -39.527  32.270 0.0000000000
15119  5.944  -40.904  31.389 0.0000000000
15140  8.128  -39.719  24.886 0.0000000000
15142  7.956  -40.936  24.020 0.0000000000
15143  7.922  -42.023  23.157 0.0000000000
15144  6.883  -40.760  23.398 0.0000000000
15145  3.084  -39.270  22.465 0.0000000000
15146  4.375  -40.485  22.147 0.0000000000
15147  3.197  -40.367  21.542 0.0000000000
15149  2.176  -40.410  20.853 0.0000000000
20864  11.626  -48.972  30.029 0.0000000000
20868  8.031  -48.201  30.320 0.0000000000
20869  9.270  -47.727  30.441 0.0000000000
20870  8.975  -48.818  29.712 0.0000000000
20871  9.854  -49.435  29.027 0.0000000000
20872  9.102  -49.620  28.436 0.0000000000
20873  9.473  -50.519  27.161 0.0000000000
20874  8.464  -49.828  27.767 0.0000000000
20875  6.118  -49.508  26.718 0.0000000000
20876  7.239  -49.979  26.124 0.0000000000
20877  6.719  -50.109  25.253 0.0000000000
20878  7.472  -50.707  23.844 0.0000000000
20879  6.145  -50.200  24.309 0.0000000000
20921  4.434  -32.804  30.295 0.0000000000
20925  4.565  -34.508  31.569 0.0000000000
20926  4.828  -35.982  31.973 0.0000000000
20927  4.336  -35.777  30.910 0.0000000000
20928  4.718  -38.081  28.757 0.0000000000
20929  4.326  -38.264  29.766 0.0000000000
20930  4.326  -39.493  29.163 0.0000000000
20931  4.295  -40.851  29.821 0.0000000000
20932  4.345  -40.673  28.591 0.0000000000
20936  6.584  -43.267  26.055 0.0000000000
20937  6.519  -42.021  26.777 0.0000000000
20938  5.380  -43.159  26.539 0.0000000000
20939  4.689  -43.183  27.499 0.0000000000
20940  4.802  -44.541  26.807 0.0000000000
20941  4.619  -46.091  27.066 0.0000000000
20942  4.749  -45.731  25.837 0.0000000000
20943  4.658  -47.577  22.231 0.0000000000
20944  4.426  -48.013  23.354 0.0000000000
20945  4.562  -48.973  22.115 0.0000000000
20946  5.488  -49.929  22.047 0.0000000000
20947  5.306  -49.693  20.968 0.0000000000
20948  6.598  -50.420  19.836 0.0000000000
20949  5.164  -49.436  20.016 0.0000000000
20950  6.005  -47.921  18.964 0.0000000000
20951  5.438  -48.942  18.411 0.0000000000
20952  5.700  -48.783  17.703 0.0000000000
20954  6.100  -48.680  17.118 0.0000000000
20955  8.146  -44.094  21.247 0.0000000000
20956  8.827  -45.341  20.876 0.0000000000
20957  8.419  -45.092  20.195 0.0000000000
20958  8.682  -46.625  17.451 0.0000000000
20959  8.881  -46.977  18.124 0.0000000000
20960  8.574  -47.824  16.849 0.0000000000
20962  7.797  -48.522  15.590 0.0000000000
20965  8.574  -46.516  14.487 0.0000000000
20984  0.498  -42.486  15.780 0.0000000000
20985  1.279  -43.126  14.660 0.0000000000
20986  3.149  -43.568  14.681 0.0000000000
20988  5.276  -44.006  11.433 0.0000000000
20989  5.747  -44.463  12.248 0.0000000000
20990  7.468  -45.132  11.697 0.0000000000
20995  7.364  -43.708  9.030 0.0000000000
20996  9.338  -45.224  9.344 0.0000000000
20997  9.330  -44.794  8.854 0.0000000000
20999  9.507  -44.482  8.307 0.0000000000
21004  7.023  -41.266  6.916 0.0000000000
21005  8.950  -42.362  7.043 0.0000000000
21006  10.103  -43.917  7.315 0.0000000000
21007  10.521  -43.643  6.896 0.0000000000
21008  10.995  -44.745  6.161 0.0000000000
24047  6.221  -38.473  32.320 0.0000000000
24064  3.127  -38.196  23.273 0.0000000000
24065  1.941  -38.218  22.742 0.0000000000
27497  7.651  -45.673  30.799 0.0000000000
27498  7.197  -47.271  30.625 0.0000000000
27499  6.967  -48.538  29.914 0.0000000000
27500  7.298  -49.305  28.376 0.0000000000
27501  6.207  -48.688  29.106 0.0000000000
27502  5.628  -48.755  28.245 0.0000000000
27503  5.071  -48.856  27.238 0.0000000000
27530  5.247  -32.784  29.716 0.0000000000
27531  4.681  -34.150  29.628 0.0000000000
27532  4.373  -35.540  29.811 0.0000000000
27533  5.037  -35.493  29.097 0.0000000000
27534  5.409  -36.889  28.668 0.0000000000
27535  5.783  -38.172  28.301 0.0000000000
27538  8.784  -42.482  26.060 0.0000000000
27539  7.829  -43.537  25.645 0.0000000000
27540  6.514  -44.448  25.148 0.0000000000
27541  5.258  -45.489  24.727 0.0000000000
27542  6.219  -45.523  24.062 0.0000000000
27543  5.719  -46.417  22.779 0.0000000000
27544  5.257  -47.276  21.453 0.0000000000
27545  4.881  -48.186  20.245 0.0000000000
27546  5.960  -47.219  20.862 0.0000000000
27547  6.856  -47.301  20.439 0.0000000000
27548  7.659  -47.379  19.899 0.0000000000
27549  6.479  -43.726  19.899 0.0000000000
27550  7.787  -44.878  19.483 0.0000000000
27551  7.029  -44.627  18.813 0.0000000000
27552  7.719  -45.499  17.785 0.0000000000
27553  8.394  -46.321  16.752 0.0000000000
27554  8.874  -47.219  15.670 0.0000000000
27555  8.002  -46.032  16.027 0.0000000000
27556  7.511  -45.723  15.356 0.0000000000
27557  6.978  -45.449  14.653 0.0000000000
27570  3.075  -43.318  10.927 0.0000000000
27571  5.146  -43.695  10.560 0.0000000000
27572  7.248  -44.368  10.301 0.0000000000
27573  5.015  -43.293  9.753 0.0000000000
27574  5.040  -42.887  9.033 0.0000000000
27575  5.304  -42.455  8.371 0.0000000000
27579  6.972  -39.360  6.167 0.0000000000
27580  8.475  -40.446  6.213 0.0000000000
27582  9.247  -40.009  5.949 0.0000000000
29984  11.447  -53.354  28.706 0.0000000000
29985  11.480  -52.297  28.357 0.0000000000
31151  5.338  -43.580  30.668 0.0000000000
31182  9.170  -42.356  24.630 0.0000000000
31183  9.089  -43.464  23.543 0.0000000000
31184  9.076  -44.577  22.560 0.0000000000
31185  8.677  -43.274  22.874 0.0000000000
31186  7.990  -43.061  22.263 0.0000000000
31187  7.157  -42.899  21.635 0.0000000000
31188  5.673  -40.586  22.809 0.0000000000
31189  5.791  -41.676  21.901 0.0000000000
31190  6.075  -42.705  20.979 0.0000000000
31191  4.991  -42.575  20.266 0.0000000000
31192  3.955  -42.421  19.484 0.0000000000
31193  2.981  -42.286  18.649 0.0000000000
38348  11.813  -51.072  29.033 0.0000000000
38349  11.271  -51.176  28.317 0.0000000000
38356  10.733  -49.244  29.556 0.0000000000
38357  10.710  -50.192  28.534 0.0000000000
38358  10.715  -51.324  27.596 0.0000000000
38359  10.161  -51.444  26.815 0.0000000000
38360  9.730  -51.491  26.053 0.0000000000
38361  9.301  -51.448  25.231 0.0000000000
38362  7.842  -49.937  26.947 0.0000000000
38363  8.400  -50.617  25.611 0.0000000000
38364  9.006  -51.489  24.394 0.0000000000
38367  8.127  -51.526  21.695 0.0000000000
38423  5.386  -37.299  32.219 0.0000000000
38424  5.206  -38.566  31.855 0.0000000000
38425  4.314  -37.011  30.314 0.0000000000
38426  4.502  -38.410  30.919 0.0000000000
38427  4.972  -39.706  31.352 0.0000000000
38428  4.873  -40.948  30.818 0.0000000000
38429  4.694  -42.237  30.337 0.0000000000
38430  4.591  -43.594  29.829 0.0000000000
38431  8.180  -37.198  28.824 0.0000000000
38432  7.259  -38.381  28.322 0.0000000000
38433  6.053  -39.495  27.861 0.0000000000
38434  7.711  -41.023  27.221 0.0000000000
38435  6.351  -40.782  27.386 0.0000000000
38436  5.034  -40.592  27.724 0.0000000000
38437  4.490  -41.870  28.085 0.0000000000
38438  4.456  -43.356  28.616 0.0000000000
38439  4.473  -45.009  29.221 0.0000000000
38440  4.558  -46.444  28.394 0.0000000000
38441  4.634  -47.643  27.218 0.0000000000
38442  4.661  -48.780  25.910 0.0000000000
38443  4.566  -46.900  24.591 0.0000000000
38444  4.427  -48.439  24.639 0.0000000000
38445  4.937  -49.587  24.560 0.0000000000
38446  5.746  -50.178  23.161 0.0000000000
38447  6.849  -50.642  21.908 0.0000000000
38452  5.260  -49.207  19.207 0.0000000000
38453  6.355  -50.253  18.130 0.0000000000
38458  9.009  -45.597  21.583 0.0000000000
38459  8.781  -46.528  20.501 0.0000000000
38460  8.280  -47.398  19.269 0.0000000000
38461  8.658  -46.006  19.134 0.0000000000
38462  8.717  -47.235  18.726 0.0000000000
38463  7.475  -48.023  17.962 0.0000000000
38464  6.708  -48.675  16.655 0.0000000000
38484  2.065  -42.242  17.770 0.0000000000
38492  1.255  -42.357  16.890 0.0000000000
38493  2.848  -42.990  16.619 0.0000000000
38494  3.889  -43.779  15.601 0.0000000000
38495  5.106  -44.442  14.723 0.0000000000
38496  6.572  -45.149  13.868 0.0000000000
38497  3.879  -43.850  12.932 0.0000000000
38498  6.150  -44.823  13.066 0.0000000000
38506  9.092  -45.417  9.900 0.0000000000
38513  3.652  -41.263  7.658 0.0000000000
38514  5.726  -42.001  7.782 0.0000000000
38515  5.103  -40.188  6.755 0.0000000000
38516  6.341  -41.598  7.301 0.0000000000
38517  7.881  -42.957  7.906 0.0000000000
38518  9.774  -44.214  7.818 0.0000000000
38519  10.318  -45.396  6.914 0.0000000000
42602  11.028  -52.952  27.685 0.0000000000
42606  10.772  -52.497  27.140 0.0000000000
43435  5.427  -44.915  30.521 0.0000000000
43436  5.605  -45.567  30.588 0.0000000000
43437  5.244  -45.751  30.347 0.0000000000
43438  5.102  -46.552  30.099 0.0000000000
43439  4.904  -45.857  30.022 0.0000000000
43453  8.261  -33.767  29.744 0.0000000000
43454  7.659  -33.721  29.736 0.0000000000
43455  7.925  -34.453  29.585 0.0000000000
43456  7.528  -35.123  29.381 0.0000000000
43457  8.134  -35.174  29.393 0.0000000000
43458  9.076  -44.144  23.866 0.0000000000
43459  8.922  -44.216  24.259 0.0000000000
43460  8.814  -44.779  23.701 0.0000000000
43461  8.406  -45.352  23.494 0.0000000000
43462  8.736  -45.325  23.125 0.0000000000
43463  8.619  -45.830  22.615 0.0000000000
43464  8.947  -45.271  22.803 0.0000000000
43465  4.129  -43.224  18.015 0.0000000000
43466  4.925  -43.781  17.856 0.0000000000
43467  4.516  -43.656  17.453 0.0000000000
43468  4.975  -44.073  16.921 0.0000000000
43469  4.102  -43.536  17.027 0.0000000000
45839  6.003  -40.269  31.636 0.0000000000
45860  7.601  -39.677  24.522 0.0000000000
45861  8.021  -40.322  24.462 0.0000000000
45862  7.475  -40.304  24.090 0.0000000000
45863  7.425  -40.852  23.692 0.0000000000
45864  6.911  -40.207  23.799 0.0000000000
45865  2.526  -39.279  22.168 0.0000000000
45866  3.142  -39.855  21.995 0.0000000000
45867  2.593  -39.829  21.705 0.0000000000
45868  2.684  -40.361  21.215 0.0000000000
45869  2.085  -39.877  21.362 0.0000000000
51583  12.120  -48.865  30.243 0.0000000000
51588  7.995  -48.704  29.812 0.0000000000
51589  8.505  -48.525  30.056 0.0000000000
51590  8.494  -48.961  29.478 0.0000000000
51591  8.970  -49.215  29.105 0.0000000000
51592  8.591  -49.337  28.803 0.0000000000
51593  8.762  -49.733  28.106 0.0000000000
51594  8.238  -49.442  28.473 0.0000000000
51595  5.810  -49.580  26.209 0.0000000000
51596  6.402  -49.802  25.958 0.0000000000
51597  6.087  -49.879  25.490 0.0000000000
51598  6.412  -50.177  24.808 0.0000000000
51599  5.745  -49.960  25.029 0.0000000000
51641  4.337  -33.509  30.382 0.0000000000
51643  4.352  -33.630  30.887 0.0000000000
51644  4.502  -33.772  31.428 0.0000000000
51645  4.373  -34.366  31.041 0.0000000000
51646  4.429  -35.122  31.223 0.0000000000
51647  4.313  -34.979  30.695 0.0000000000
51648  4.769  -38.705  28.468 0.0000000000
51649  4.479  -38.777  28.924 0.0000000000
51650  4.510  -39.361  28.637 0.0000000000
51651  4.333  -40.055  28.873 0.0000000000
51652  4.542  -39.971  28.377 0.0000000000
51656  5.963  -43.785  25.862 0.0000000000
51657  5.933  -43.172  26.243 0.0000000000
51658  5.414  -43.766  26.157 0.0000000000
51659  5.016  -43.818  26.646 0.0000000000
51660  5.051  -44.434  26.226 0.0000000000
51661  4.809  -45.158  26.353 0.0000000000
51662  5.014  -44.997  25.742 0.0000000000
51663  4.580  -48.055  21.589 0.0000000000
51664  4.499  -48.272  22.122 0.0000000000
51665  4.584  -48.761  21.535 0.0000000000
51666  4.858  -49.367  21.526 0.0000000000
51667  4.749  -49.196  20.961 0.0000000000
51668  5.251  -49.552  20.467 0.0000000000
51669  4.814  -49.002  20.500 0.0000000000
51670  6.399  -47.965  18.705 0.0000000000
51671  5.815  -48.346  18.321 0.0000000000
51672  6.043  -48.262  18.066 0.0000000000
51673  5.965  -48.740  17.423 0.0000000000
51674  6.389  -48.293  17.804 0.0000000000
51675  7.795  -44.012  20.894 0.0000000000
51676  8.273  -44.592  20.729 0.0000000000
51677  7.947  -44.504  20.381 0.0000000000
51678  8.805  -47.101  16.897 0.0000000000
51679  8.836  -47.261  17.232 0.0000000000
51680  8.684  -47.678  16.592 0.0000000000
51681  8.220  -48.168  16.224 0.0000000000
51682  8.494  -48.095  15.994 0.0000000000
51684  8.621  -47.939  15.715 0.0000000000
51685  8.445  -46.388  14.140 0.0000000000
51704  0.505  -42.842  14.627 0.0000000000
51708  6.333  -44.380  11.179 0.0000000000
51709  6.438  -44.561  11.573 0.0000000000
51710  7.448  -44.990  11.324 0.0000000000
51711  8.394  -45.561  11.427 0.0000000000
51712  8.338  -45.409  11.058 0.0000000000
51714  8.294  -45.200  10.741 0.0000000000
51715  7.447  -43.532  8.741 0.0000000000
51716  8.479  -44.256  9.002 0.0000000000
51717  8.542  -44.094  8.724 0.0000000000
51718  9.387  -44.636  8.562 0.0000000000
51719  8.658  -43.910  8.461 0.0000000000
51723  8.626  -41.368  6.606 0.0000000000
51724  8.290  -41.572  6.794 0.0000000000
51725  9.211  -42.163  6.845 0.0000000000
51726  9.845  -42.998  7.033 0.0000000000
51727  10.050  -42.816  6.836 0.0000000000
51728  10.699  -43.465  6.689 0.0000000000
51729  10.249  -42.614  6.623 0.0000000000
55438  6.660  -38.375  32.524 0.0000000000
55439  6.266  -37.824  32.528 0.0000000000
55466  3.162  -37.589  23.678 0.0000000000
55467  2.536  -37.588  23.407 0.0000000000
55468  2.535  -38.224  22.975 0.0000000000
55469  1.901  -37.587  23.187 0.0000000000
61188  6.231  -46.886  30.577 0.0000000000
61189  6.793  -46.714  30.694 0.0000000000
61190  6.592  -47.481  30.501 0.0000000000
61191  7.031  -47.955  30.398 0.0000000000
61192  6.475  -48.134  30.170 0.0000000000
61193  6.525  -48.641  29.512 0.0000000000
61194  6.079  -48.254  29.786 0.0000000000
61195  5.123  -47.837  29.116 0.0000000000
61196  5.477  -48.337  28.959 0.0000000000
61197  5.205  -48.381  28.471 0.0000000000
61198  5.363  -48.804  27.737 0.0000000000
61199  5.003  -48.349  27.902 0.0000000000
61241  6.216  -33.612  29.541 0.0000000000
61243  5.500  -33.537  29.488 0.0000000000
61245  5.114  -34.182  29.396 0.0000000000
61246  4.839  -34.793  29.337 0.0000000000
61247  5.376  -34.841  29.195 0.0000000000
61248  6.577  -36.306  28.887 0.0000000000
61249  5.820  -36.243  28.809 0.0000000000
61250  6.078  -36.900  28.666 0.0000000000
61251  5.599  -37.505  28.500 0.0000000000
61252  6.293  -37.593  28.487 0.0000000000
61253  9.235  -41.857  25.833 0.0000000000
61254  9.066  -41.864  26.189 0.0000000000
61255  9.057  -42.503  25.743 0.0000000000
61256  8.231  -44.184  24.926 0.0000000000
61257  8.327  -43.624  25.424 0.0000000000
61258  7.763  -44.104  25.170 0.0000000000
61259  7.188  -43.999  25.396 0.0000000000
61260  7.115  -44.568  24.896 0.0000000000
61261  6.394  -44.994  24.630 0.0000000000
61262  6.954  -45.107  24.357 0.0000000000
61263  7.035  -46.120  22.858 0.0000000000
61264  6.512  -46.047  23.112 0.0000000000
61265  6.231  -46.459  22.469 0.0000000000
61266  5.467  -46.854  22.119 0.0000000000
61267  5.958  -46.801  21.823 0.0000000000
61268  5.585  -47.213  21.139 0.0000000000
61269  6.387  -46.864  21.574 0.0000000000
61270  8.126  -46.674  21.495 0.0000000000
61271  7.291  -46.972  21.123 0.0000000000
61272  7.734  -47.012  20.868 0.0000000000
61273  7.292  -47.344  20.172 0.0000000000
61274  8.115  -47.020  20.599 0.0000000000
61275  6.023  -43.652  19.537 0.0000000000
61276  6.746  -44.202  19.342 0.0000000000
61277  6.318  -44.125  18.973 0.0000000000
61278  6.600  -44.860  17.563 0.0000000000
61279  6.995  -44.958  17.934 0.0000000000
61280  7.423  -45.395  17.424 0.0000000000
61281  8.074  -45.904  17.271 0.0000000000
61282  7.814  -45.768  16.899 0.0000000000
61283  8.219  -46.169  16.378 0.0000000000
61284  7.511  -45.626  16.546 0.0000000000
61285  6.049  -44.856  15.935 0.0000000000
61286  6.918  -45.355  15.831 0.0000000000
61287  6.624  -45.228  15.429 0.0000000000
61288  7.234  -45.594  15.000 0.0000000000
61289  6.329  -45.080  15.092 0.0000000000
61310  2.954  -43.140  10.427 0.0000000000
61311  4.070  -43.476  10.730 0.0000000000
61312  3.988  -43.290  10.275 0.0000000000
61313  5.085  -43.513  10.141 0.0000000000
61314  3.967  -43.094  9.856 0.0000000000
61315  3.036  -42.170  8.651 0.0000000000
61316  3.958  -42.644  9.074 0.0000000000
61317  4.046  -42.374  8.677 0.0000000000
61318  5.135  -42.669  8.698 0.0000000000
61319  4.152  -42.102  8.325 0.0000000000
61324  6.726  -38.638  6.108 0.0000000000
61325  7.447  -39.191  6.026 0.0000000000
61326  7.723  -39.899  6.167 0.0000000000
61327  8.149  -39.729  6.036 0.0000000000
61328  8.846  -40.252  6.072 0.0000000000
61329  8.564  -39.518  5.912 0.0000000000
61331  9.383  -39.020  5.730 0.0000000000
65897  11.942  -52.603  29.370 0.0000000000
65898  11.627  -53.244  29.146 0.0000000000
65899  11.725  -52.743  28.939 0.0000000000
65901  11.718  -52.230  28.761 0.0000000000
68397  6.045  -42.734  30.950 0.0000000000
68398  5.838  -43.466  30.831 0.0000000000
68399  5.534  -42.842  30.798 0.0000000000
68463  8.736  -41.636  24.311 0.0000000000
68464  9.024  -41.714  24.711 0.0000000000
68465  8.999  -42.267  24.231 0.0000000000
68466  9.156  -42.917  24.102 0.0000000000
68467  8.931  -42.844  23.678 0.0000000000
68468  8.923  -43.392  23.180 0.0000000000
68469  8.689  -42.740  23.356 0.0000000000
68470  7.444  -41.958  22.832 0.0000000000
68471  7.948  -42.561  22.707 0.0000000000
68472  7.519  -42.485  22.391 0.0000000000
68473  7.595  -42.986  21.955 0.0000000000
68474  7.003  -42.364  22.095 0.0000000000
68476  5.688  -40.012  23.246 0.0000000000
68477  5.012  -39.971  22.926 0.0000000000
68478  4.441  -41.009  21.695 0.0000000000
68479  5.080  -41.077  22.024 0.0000000000
68480  5.197  -41.608  21.569 0.0000000000
68481  5.919  -42.183  21.469 0.0000000000
68482  5.334  -42.121  21.113 0.0000000000
68483  5.541  -42.634  20.628 0.0000000000
68484  4.768  -42.059  20.764 0.0000000000
68486  3.698  -41.946  19.968 0.0000000000
68487  3.208  -41.888  19.585 0.0000000000
68488  3.456  -42.333  19.070 0.0000000000
68489  2.727  -41.843  19.207 0.0000000000
85630  11.757  -50.004  29.515 0.0000000000
85631  11.985  -50.487  29.419 0.0000000000
85632  11.635  -50.577  29.065 0.0000000000
85633  11.522  -51.150  28.675 0.0000000000
85634  11.309  -50.623  28.730 0.0000000000
85646  9.604  -48.147  30.273 0.0000000000
85647  9.841  -47.515  30.527 0.0000000000
85648  10.145  -47.966  30.382 0.0000000000
85651  10.856  -48.702  30.017 0.0000000000
85652  10.355  -48.863  29.839 0.0000000000
85653  9.944  -49.882  28.451 0.0000000000
85654  10.312  -49.796  28.755 0.0000000000
85655  10.369  -50.276  28.213 0.0000000000
85656  10.731  -50.734  28.048 0.0000000000
85657  10.399  -50.836  27.717 0.0000000000
85658  10.414  -51.401  27.200 0.0000000000
85659  10.096  -50.905  27.324 0.0000000000
85660  9.200  -50.595  26.792 0.0000000000
85661  9.614  -51.003  26.595 0.0000000000
85662  9.364  -51.020  26.215 0.0000000000
85663  9.495  -51.481  25.653 0.0000000000
85664  9.116  -51.023  25.835 0.0000000000
85665  6.982  -49.339  28.007 0.0000000000
85666  7.561  -49.617  27.667 0.0000000000
85667  7.245  -49.685  27.260 0.0000000000
85668  7.584  -50.312  25.403 0.0000000000
85669  7.836  -50.276  25.849 0.0000000000
85670  8.184  -50.617  25.201 0.0000000000
85671  8.689  -51.007  24.977 0.0000000000
85672  8.497  -51.030  24.565 0.0000000000
85673  8.816  -51.501  23.924 0.0000000000
85674  8.320  -51.025  24.108 0.0000000000
85675  7.285  -50.705  23.458 0.0000000000
85676  7.909  -51.017  23.251 0.0000000000
85677  7.772  -50.997  22.835 0.0000000000
85678  8.210  -51.504  22.161 0.0000000000
85679  7.629  -51.062  22.357 0.0000000000
85818  4.700  -36.606  31.723 0.0000000000
85819  5.051  -36.675  32.123 0.0000000000
85820  4.961  -37.291  31.918 0.0000000000
85821  5.329  -37.941  32.033 0.0000000000
85822  4.882  -37.962  31.706 0.0000000000
85823  4.447  -36.158  29.512 0.0000000000
85824  4.303  -36.269  30.019 0.0000000000
85825  4.346  -36.885  29.716 0.0000000000
85826  4.320  -38.950  30.103 0.0000000000
85827  4.343  -38.321  30.343 0.0000000000
85828  4.451  -39.011  30.669 0.0000000000
85829  4.684  -39.064  31.177 0.0000000000
85830  4.628  -39.685  30.915 0.0000000000
85831  4.938  -40.329  31.082 0.0000000000
85832  4.556  -40.288  30.623 0.0000000000
85833  4.286  -41.491  29.496 0.0000000000
85834  4.453  -41.536  30.117 0.0000000000
85835  4.445  -42.231  29.851 0.0000000000
85836  4.631  -42.918  30.107 0.0000000000
85837  4.446  -42.853  29.565 0.0000000000
85841  8.048  -39.192  28.051 0.0000000000
85842  7.907  -38.508  28.345 0.0000000000
85843  7.405  -39.080  28.080 0.0000000000
85844  6.652  -38.943  28.062 0.0000000000
85845  6.805  -39.609  27.817 0.0000000000
85846  8.377  -41.742  26.738 0.0000000000
85848  7.793  -41.645  26.895 0.0000000000
85849  5.834  -41.929  26.916 0.0000000000
85850  6.432  -41.407  27.103 0.0000000000
85851  5.714  -41.296  27.214 0.0000000000
85852  5.642  -40.672  27.510 0.0000000000
85853  5.133  -41.243  27.479 0.0000000000
85854  4.673  -41.187  27.848 0.0000000000
85855  4.771  -41.853  27.567 0.0000000000
85856  4.605  -43.934  27.738 0.0000000000
85857  4.524  -43.290  28.052 0.0000000000
85858  4.518  -44.052  28.342 0.0000000000
85859  4.473  -44.169  28.977 0.0000000000
85860  4.507  -44.884  28.622 0.0000000000
85861  4.523  -45.745  28.864 0.0000000000
85862  4.540  -45.618  28.233 0.0000000000
85863  4.597  -46.696  26.493 0.0000000000
85864  4.596  -46.884  27.154 0.0000000000
85865  4.531  -47.508  26.558 0.0000000000
85866  4.625  -48.244  26.580 0.0000000000
85867  4.503  -48.096  25.927 0.0000000000
85868  5.145  -46.047  24.153 0.0000000000
85869  4.849  -46.172  24.631 0.0000000000
85870  4.707  -46.722  24.007 0.0000000000
85871  4.459  -48.732  23.335 0.0000000000
85872  4.400  -48.231  23.989 0.0000000000
85873  4.519  -48.928  23.955 0.0000000000
85874  4.570  -49.144  24.596 0.0000000000
85875  4.810  -49.488  23.919 0.0000000000
85876  5.275  -49.908  23.866 0.0000000000
85877  5.157  -49.816  23.247 0.0000000000
85878  6.071  -50.192  21.390 0.0000000000
85879  6.168  -50.287  21.981 0.0000000000
85880  6.777  -50.572  21.323 0.0000000000
85881  7.420  -51.008  21.250 0.0000000000
85882  7.366  -50.973  20.627 0.0000000000
85884  7.360  -51.008  20.124 0.0000000000
85885  6.508  -50.371  19.435 0.0000000000
85886  7.241  -51.040  19.230 0.0000000000
85887  7.142  -51.074  18.793 0.0000000000
85890  5.052  -48.056  19.859 0.0000000000
85891  4.923  -48.734  19.693 0.0000000000
85892  5.119  -48.580  19.323 0.0000000000
85893  5.743  -49.452  17.871 0.0000000000
85894  5.761  -49.572  18.265 0.0000000000
85895  6.345  -50.179  17.714 0.0000000000
85905  8.929  -44.450  22.213 0.0000000000
85906  9.028  -45.096  22.070 0.0000000000
85907  8.962  -44.994  21.712 0.0000000000
85908  8.856  -45.829  20.344 0.0000000000
85909  8.959  -45.976  20.686 0.0000000000
85910  8.864  -46.440  20.149 0.0000000000
85911  8.608  -46.973  19.936 0.0000000000
85912  8.754  -46.936  19.563 0.0000000000
85913  8.016  -45.301  18.938 0.0000000000
85914  8.285  -45.439  19.302 0.0000000000
85915  8.503  -45.883  18.790 0.0000000000
85916  8.665  -47.564  17.805 0.0000000000
85917  8.794  -47.098  18.410 0.0000000000
85918  8.471  -47.649  18.099 0.0000000000
85919  8.206  -47.711  18.350 0.0000000000
85920  7.846  -48.056  17.694 0.0000000000
85921  7.027  -48.301  17.324 0.0000000000
85922  7.395  -48.328  17.050 0.0000000000
85935  8.928  -47.080  15.340 0.0000000000
85936  8.896  -47.715  15.114 0.0000000000
85937  8.937  -47.575  14.800 0.0000000000
85971  1.853  -41.876  18.362 0.0000000000
85991  1.196  -42.778  15.720 0.0000000000
85992  0.853  -42.417  16.347 0.0000000000
85993  1.623  -42.709  16.251 0.0000000000
85994  2.035  -42.639  16.721 0.0000000000
85995  2.454  -43.005  16.155 0.0000000000
85996  3.336  -43.375  16.081 0.0000000000
85997  2.945  -43.353  15.617 0.0000000000
85998  3.782  -43.889  14.255 0.0000000000
85999  4.145  -43.978  14.714 0.0000000000
86000  4.787  -44.304  14.277 0.0000000000
86001  5.812  -44.801  14.299 0.0000000000
86002  5.560  -44.641  13.871 0.0000000000
86003  2.559  -43.498  12.245 0.0000000000
86004  2.781  -43.565  12.772 0.0000000000
86005  3.624  -43.747  12.433 0.0000000000
86006  6.844  -45.008  12.343 0.0000000000
86007  5.967  -44.656  12.660 0.0000000000
86008  6.988  -45.182  12.728 0.0000000000
86009  7.157  -45.340  13.091 0.0000000000
86025  7.252  -44.209  9.942 0.0000000000
86026  8.260  -44.885  10.132 0.0000000000
86027  8.284  -44.684  9.865 0.0000000000
86044  2.933  -40.640  7.275 0.0000000000
86045  3.930  -40.970  7.379 0.0000000000
86046  4.666  -41.611  7.723 0.0000000000
86047  4.931  -41.345  7.444 0.0000000000
86049  4.729  -39.489  6.601 0.0000000000
86050  5.620  -39.996  6.598 0.0000000000
86051  7.674  -41.932  7.177 0.0000000000
86052  6.664  -41.416  7.105 0.0000000000
86053  7.382  -42.094  7.376 0.0000000000
86054  7.069  -42.261  7.598 0.0000000000
86055  8.150  -42.792  7.663 0.0000000000
86056  8.954  -43.562  7.959 0.0000000000
86057  9.153  -43.411  7.689 0.0000000000
86058  10.585  -44.537  7.028 0.0000000000
86059  10.346  -44.676  7.206 0.0000000000
86060  10.629  -45.295  6.762 0.0000000000
86065  11.177  -44.579  5.973 0.0000000000
86066  10.869  -45.159  5.617 0.0000000000
96617  6.128  -45.442  30.726 0.0000000000
96618  5.905  -46.236  30.608 0.0000000000
96619  5.715  -47.053  30.394 0.0000000000
96620  5.695  -47.740  29.949 0.0000000000
96621  5.366  -47.158  30.055 0.0000000000
96622  5.037  -47.225  29.687 0.0000000000
96623  4.832  -47.250  29.171 0.0000000000
96650  6.947  -33.697  29.647 0.0000000000
96651  6.519  -34.327  29.413 0.0000000000
96652  6.005  -34.890  29.179 0.0000000000
96653  6.746  -35.007  29.277 0.0000000000
96654  7.072  -35.708  29.139 0.0000000000
96655  7.318  -36.415  28.985 0.0000000000
96656  9.208  -43.057  24.922 0.0000000000
96657  9.079  -43.076  25.306 0.0000000000
96658  9.014  -43.658  24.789 0.0000000000
96659  8.645  -44.200  24.628 0.0000000000
96660  8.132  -44.683  24.430 0.0000000000
96661  7.479  -45.190  24.116 0.0000000000
96662  7.952  -45.249  23.837 0.0000000000
96663  7.778  -45.762  23.247 0.0000000000
96664  7.554  -46.230  22.598 0.0000000000
96665  7.234  -46.573  21.993 0.0000000000
96666  8.021  -46.263  22.335 0.0000000000
96667  8.386  -46.253  22.060 0.0000000000
96668  8.673  -46.252  21.766 0.0000000000
96669  5.067  -43.473  18.788 0.0000000000
96670  5.870  -44.015  18.618 0.0000000000
96671  5.393  -43.904  18.237 0.0000000000
96672  5.731  -44.316  17.698 0.0000000000
96673  6.245  -44.740  17.196 0.0000000000
96674  6.725  -45.119  16.695 0.0000000000
96675  5.883  -44.615  16.818 0.0000000000
96676  5.515  -44.484  16.418 0.0000000000
96677  5.183  -44.364  16.023 0.0000000000
96692  2.777  -42.693  9.490 0.0000000000
96700  7.737  -38.271  5.954 0.0000000000
96701  8.413  -38.791  5.848 0.0000000000
96702  8.212  -38.066  5.908 0.0000000000
99440  11.810  -53.506  30.276 0.0000000000
99441  11.626  -53.584  29.820 0.0000000000
99442  12.028  -53.000  29.997 0.0000000000
99443  12.132  -52.510  29.767 0.0000000000
100935  7.534  -39.415  32.489 0.0000000000
100943  5.824  -41.535  31.168 0.0000000000
100984  8.350  -41.575  23.906 0.0000000000
100985  8.334  -42.111  23.474 0.0000000000
100986  7.905  -41.487  23.585 0.0000000000
100987  7.416  -41.414  23.267 0.0000000000
100988  6.888  -41.331  22.968 0.0000000000
100989  3.670  -39.328  22.737 0.0000000000
100990  4.304  -39.940  22.587 0.0000000000
100991  3.717  -39.924  22.261 0.0000000000
100992  3.787  -40.456  21.823 0.0000000000
100993  3.852  -40.947  21.393 0.0000000000
100994  4.012  -41.487  20.881 0.0000000000
100995  3.318  -40.894  21.053 0.0000000000
100996  2.789  -40.859  20.712 0.0000000000
111283  11.899  -49.450  29.901 0.0000000000
111284  11.472  -49.554  29.643 0.0000000000
111290  8.247  -47.547  30.518 0.0000000000
111291  8.876  -47.309  30.547 0.0000000000
111292  8.668  -47.960  30.364 0.0000000000
111293  9.077  -48.323  30.172 0.0000000000
111294  9.471  -48.669  29.878 0.0000000000
111295  9.862  -48.994  29.597 0.0000000000
111296  9.427  -49.103  29.353 0.0000000000
111297  9.465  -49.532  28.752 0.0000000000
111298  9.637  -49.944  28.114 0.0000000000
111299  9.754  -50.443  27.523 0.0000000000
111300  9.288  -50.055  27.790 0.0000000000
111301  8.980  -50.170  27.426 0.0000000000
111302  8.723  -50.224  27.042 0.0000000000
111303  6.414  -49.401  27.211 0.0000000000
111304  6.958  -49.684  26.870 0.0000000000
111305  6.670  -49.743  26.410 0.0000000000
111306  6.993  -50.043  25.669 0.0000000000
111307  7.358  -50.360  24.945 0.0000000000
111308  7.728  -50.696  24.284 0.0000000000
111309  7.084  -50.416  24.528 0.0000000000
111310  6.813  -50.431  24.085 0.0000000000
111311  6.623  -50.460  23.650 0.0000000000
111393  4.824  -34.654  32.094 0.0000000000
111394  4.966  -35.359  32.246 0.0000000000
111395  4.663  -35.269  31.735 0.0000000000
111396  4.530  -35.880  31.448 0.0000000000
111397  4.431  -36.544  31.197 0.0000000000
111398  4.630  -37.495  29.010 0.0000000000
111399  4.400  -37.559  29.471 0.0000000000
111400  4.438  -38.189  29.199 0.0000000000
111401  4.325  -38.880  29.488 0.0000000000
111402  4.298  -39.563  29.815 0.0000000000
111403  4.357  -40.236  30.106 0.0000000000
111404  4.269  -40.156  29.504 0.0000000000
111405  4.253  -40.765  29.165 0.0000000000
111406  4.295  -41.399  28.896 0.0000000000
111411  8.184  -39.837  27.747 0.0000000000
111412  7.276  -42.807  26.243 0.0000000000
111413  7.224  -42.155  26.654 0.0000000000
111414  6.594  -42.660  26.417 0.0000000000
111415  5.892  -42.566  26.566 0.0000000000
111416  5.311  -42.516  26.847 0.0000000000
111417  4.877  -42.497  27.293 0.0000000000
111418  4.930  -43.125  26.963 0.0000000000
111419  4.766  -43.805  27.151 0.0000000000
111420  4.681  -44.588  27.382 0.0000000000
111421  4.619  -45.450  27.585 0.0000000000
111422  4.686  -45.318  26.956 0.0000000000
111423  4.669  -45.921  26.448 0.0000000000
111424  4.619  -46.523  25.848 0.0000000000
111425  4.758  -47.045  22.854 0.0000000000
111426  4.589  -47.262  23.387 0.0000000000
111427  4.487  -47.781  22.726 0.0000000000
111428  4.466  -48.487  22.718 0.0000000000
111429  4.635  -49.133  22.693 0.0000000000
111430  5.007  -49.664  22.664 0.0000000000
111431  4.898  -49.538  22.095 0.0000000000
111432  5.375  -49.834  21.494 0.0000000000
111433  5.969  -50.108  20.860 0.0000000000
111434  6.667  -50.467  20.269 0.0000000000
111435  5.912  -50.021  20.414 0.0000000000
111436  5.827  -49.904  19.974 0.0000000000
111437  5.803  -49.830  19.556 0.0000000000
111438  5.666  -47.930  19.279 0.0000000000
111439  5.262  -48.418  18.949 0.0000000000
111440  5.506  -48.368  18.635 0.0000000000
111441  5.528  -48.852  18.046 0.0000000000
111442  5.887  -49.417  17.501 0.0000000000
111444  5.944  -49.360  17.123 0.0000000000
111445  6.067  -49.277  16.793 0.0000000000
111446  6.202  -49.258  16.514 0.0000000000
111447  8.496  -44.206  21.586 0.0000000000
111448  8.791  -44.872  21.399 0.0000000000
111449  8.544  -44.712  21.062 0.0000000000
111450  8.634  -45.192  20.540 0.0000000000
111451  8.763  -45.698  19.998 0.0000000000
111452  8.514  -46.172  17.968 0.0000000000
111453  8.680  -46.343  18.294 0.0000000000
111454  8.786  -46.803  17.801 0.0000000000
111455  8.731  -47.409  17.499 0.0000000000
111456  8.346  -47.912  17.123 0.0000000000
111457  7.696  -48.294  16.757 0.0000000000
111458  7.950  -48.236  16.480 0.0000000000
111465  8.659  -46.719  14.762 0.0000000000
111500  0.845  -42.827  15.184 0.0000000000
111501  1.629  -43.067  15.175 0.0000000000
111502  2.542  -43.314  15.153 0.0000000000
111503  2.114  -43.306  14.678 0.0000000000
111504  2.757  -43.571  14.215 0.0000000000
111505  3.450  -43.760  13.786 0.0000000000
111506  4.337  -43.790  11.656 0.0000000000
111507  4.575  -43.935  12.122 0.0000000000
111508  5.501  -44.224  11.845 0.0000000000
111509  6.641  -44.790  11.963 0.0000000000
111510  7.669  -45.347  12.068 0.0000000000
111519  7.290  -43.886  9.319 0.0000000000
111520  8.320  -44.569  9.538 0.0000000000
111521  8.471  -44.455  9.277 0.0000000000
111522  9.321  -45.041  9.064 0.0000000000
111523  9.933  -45.615  8.731 0.0000000000
111525  9.834  -45.457  8.392 0.0000000000
111526  9.935  -45.273  8.172 0.0000000000
111527  10.040  -45.150  7.971 0.0000000000
111532  3.765  -40.029  6.897 0.0000000000
111533  6.915  -40.286  6.470 0.0000000000
111534  6.502  -40.517  6.643 0.0000000000
111535  7.416  -41.039  6.715 0.0000000000
111536  8.012  -41.778  6.987 0.0000000000
111537  8.710  -42.524  7.243 0.0000000000
111538  9.426  -43.299  7.451 0.0000000000
111539  9.633  -43.159  7.237 0.0000000000
111540  10.345  -43.786  7.128 0.0000000000
111541  10.751  -44.362  6.842 0.0000000000
111542  10.916  -44.880  6.446 0.0000000000
111543  10.936  -44.241  6.618 0.0000000000
111544  11.092  -44.089  6.381 0.0000000000
111545  11.241  -43.879  6.191 0.0000000000
117549  7.076  -38.909  32.508 0.0000000000
117550  6.631  -39.029  32.306 0.0000000000
117551  6.176  -39.099  32.109 0.0000000000
117584  6.344  -39.551  23.918 0.0000000000
117588  3.844  -37.636  23.932 0.0000000000
117589  3.769  -38.219  23.551 0.0000000000
117590  3.717  -38.785  23.152 0.0000000000
117591  3.096  -38.747  22.881 0.0000000000
117592  2.511  -38.757  22.584 0.0000000000
125599  8.039  -46.259  30.728 0.0000000000
125600  7.018  -45.881  30.782 0.0000000000
125601  7.408  -46.504  30.724 0.0000000000
125602  7.809  -47.076  30.641 0.0000000000
125603  7.627  -47.753  30.511 0.0000000000
125604  7.503  -48.372  30.129 0.0000000000
125605  7.523  -48.872  29.514 0.0000000000
125606  7.647  -49.225  28.794 0.0000000000
125607  7.074  -48.965  29.152 0.0000000000
125608  6.722  -49.011  28.764 0.0000000000
125609  6.421  -49.038  28.383 0.0000000000
125610  5.755  -48.307  29.390 0.0000000000
125611  5.895  -48.726  28.700 0.0000000000
125612  6.148  -49.059  27.979 0.0000000000
125613  5.846  -49.142  27.524 0.0000000000
125614  5.588  -49.223  27.015 0.0000000000
125615  5.303  -49.266  26.460 0.0000000000
125677  4.753  -32.772  29.933 0.0000000000
125678  4.523  -33.451  29.932 0.0000000000
125679  4.403  -34.185  30.021 0.0000000000
125680  4.335  -34.897  30.158 0.0000000000
125681  4.501  -34.832  29.686 0.0000000000
125682  4.614  -35.454  29.381 0.0000000000
125683  4.724  -36.171  29.116 0.0000000000
125684  5.602  -35.542  28.990 0.0000000000
125685  5.220  -36.201  28.891 0.0000000000
125686  4.885  -36.856  28.898 0.0000000000
125687  5.036  -37.465  28.658 0.0000000000
125688  5.162  -38.098  28.418 0.0000000000
125689  5.302  -38.747  28.212 0.0000000000
125693  8.821  -41.805  26.505 0.0000000000
125694  8.412  -42.378  26.327 0.0000000000
125695  8.761  -43.093  25.615 0.0000000000
125696  8.403  -43.019  25.911 0.0000000000
125697  7.853  -42.936  26.093 0.0000000000
125698  7.194  -43.443  25.838 0.0000000000
125699  6.526  -43.870  25.626 0.0000000000
125700  5.928  -44.364  25.383 0.0000000000
125701  5.379  -44.928  25.264 0.0000000000
125702  5.859  -44.924  24.916 0.0000000000
125703  5.717  -45.474  24.371 0.0000000000
125704  5.519  -45.949  23.768 0.0000000000
125705  6.767  -45.585  23.778 0.0000000000
125706  6.013  -45.986  23.440 0.0000000000
125707  5.307  -46.460  23.117 0.0000000000
125708  5.067  -46.947  22.457 0.0000000000
125709  4.843  -47.416  21.782 0.0000000000
125710  4.790  -47.873  21.161 0.0000000000
125711  4.695  -48.367  20.588 0.0000000000
125712  4.953  -47.673  20.816 0.0000000000
125713  5.279  -47.609  20.504 0.0000000000
125714  5.627  -47.591  20.202 0.0000000000
125715  6.818  -46.910  21.373 0.0000000000
125716  6.414  -47.252  20.662 0.0000000000
125717  5.966  -47.561  19.943 0.0000000000
125718  6.404  -47.605  19.709 0.0000000000
125719  6.792  -47.653  19.436 0.0000000000
125720  7.166  -47.685  19.165 0.0000000000
125721  6.975  -43.822  20.245 0.0000000000
125722  7.587  -44.405  20.033 0.0000000000
125723  7.181  -44.312  19.684 0.0000000000
125724  7.428  -44.746  19.147 0.0000000000
125725  7.677  -45.169  18.618 0.0000000000
125726  6.618  -44.528  18.457 0.0000000000
125727  7.326  -45.057  18.288 0.0000000000
125728  8.022  -45.622  18.128 0.0000000000
125729  8.296  -46.046  17.623 0.0000000000
125730  8.572  -46.467  17.116 0.0000000000
125731  8.759  -46.903  16.573 0.0000000000
125732  8.880  -47.340  16.028 0.0000000000
125733  8.733  -46.750  16.235 0.0000000000
125734  8.586  -46.614  15.854 0.0000000000
125735  8.440  -46.469  15.527 0.0000000000
125736  7.220  -45.488  16.205 0.0000000000
125737  7.741  -45.890  15.700 0.0000000000
125738  8.242  -46.322  15.212 0.0000000000
125739  8.039  -46.128  14.908 0.0000000000
125740  7.871  -45.977  14.566 0.0000000000
125741  7.687  -45.834  14.225 0.0000000000
125770  3.233  -43.489  11.430 0.0000000000
125772  5.193  -43.874  10.985 0.0000000000
125773  6.245  -44.168  10.794 0.0000000000
125774  7.271  -44.551  10.623 0.0000000000
125775  6.181  -43.987  10.402 0.0000000000
125776  6.189  -43.817  10.036 0.0000000000
125777  6.146  -43.611  9.664 0.0000000000
125778  3.897  -42.860  9.441 0.0000000000
125779  4.927  -43.037  9.361 0.0000000000
125780  6.120  -43.424  9.340 0.0000000000
125781  6.184  -43.238  9.028 0.0000000000
125782  6.297  -43.047  8.716 0.0000000000
125783  6.459  -42.863  8.423 0.0000000000
125792  7.316  -40.093  6.315 0.0000000000
125798  9.931  -40.574  5.949 0.0000000000
125799  8.990  -39.262  5.836 0.0000000000
125800  9.589  -39.747  5.826 0.0000000000
125801  10.218  -40.297  5.801 0.0000000000
125802  10.570  -40.091  5.658 0.0000000000
131859  11.245  -52.311  27.969 0.0000000000
135021  6.133  -44.078  30.842 0.0000000000
135022  5.651  -44.204  30.697 0.0000000000
135023  5.190  -44.310  30.445 0.0000000000
135103  9.248  -41.848  25.452 0.0000000000
135105  9.207  -41.805  25.105 0.0000000000
135106  9.233  -42.435  25.022 0.0000000000
135107  9.227  -42.983  24.523 0.0000000000
135108  9.186  -43.522  23.992 0.0000000000
135109  9.140  -44.049  23.487 0.0000000000
135110  9.082  -44.644  22.950 0.0000000000
135111  9.061  -44.015  23.065 0.0000000000
135112  8.919  -43.921  22.703 0.0000000000
135113  8.698  -43.770  22.408 0.0000000000
135114  8.346  -42.641  23.032 0.0000000000
135115  8.367  -43.142  22.586 0.0000000000
135116  8.398  -43.662  22.099 0.0000000000
135117  8.047  -43.548  21.804 0.0000000000
135118  7.674  -43.491  21.438 0.0000000000
135119  7.267  -43.408  21.121 0.0000000000
135120  6.301  -40.113  23.519 0.0000000000
135121  6.294  -40.669  23.113 0.0000000000
135122  6.305  -41.227  22.665 0.0000000000
135123  5.014  -40.520  22.508 0.0000000000
135124  5.708  -41.162  22.347 0.0000000000
135125  6.349  -41.740  22.224 0.0000000000
135126  6.470  -42.256  21.793 0.0000000000
135127  6.633  -42.793  21.320 0.0000000000
135128  6.822  -43.321  20.799 0.0000000000
135129  6.289  -43.228  20.450 0.0000000000
135130  5.780  -43.148  20.107 0.0000000000
135131  5.263  -43.078  19.735 0.0000000000
135132  4.216  -42.016  20.370 0.0000000000
135133  4.447  -42.489  19.895 0.0000000000
135134  4.747  -42.991  19.355 0.0000000000
135135  4.276  -42.888  18.972 0.0000000000
135136  3.791  -42.798  18.544 0.0000000000
135137  3.286  -42.732  18.103 0.0000000000
156005  12.122  -50.995  29.402 0.0000000000
156006  11.916  -51.584  29.064 0.0000000000
156007  11.678  -51.676  28.666 0.0000000000
156008  11.410  -51.742  28.317 0.0000000000
156009  11.138  -51.782  27.900 0.0000000000
156029  11.178  -49.111  29.775 0.0000000000
156030  11.081  -49.640  29.343 0.0000000000
156031  10.266  -49.336  29.313 0.0000000000
156032  10.727  -49.710  29.030 0.0000000000
156033  11.042  -50.127  28.839 0.0000000000
156034  11.046  -50.643  28.357 0.0000000000
156035  10.975  -51.241  27.946 0.0000000000
156036  10.882  -51.858  27.503 0.0000000000
156037  10.641  -51.934  27.138 0.0000000000
156038  10.398  -51.976  26.697 0.0000000000
156039  10.184  -52.003  26.306 0.0000000000
156040  9.841  -50.959  26.970 0.0000000000
156041  10.010  -51.445  26.447 0.0000000000
156042  10.009  -52.020  25.922 0.0000000000
156046  7.905  -49.537  28.089 0.0000000000
156047  8.174  -49.871  27.376 0.0000000000
156048  8.421  -50.249  26.657 0.0000000000
156049  7.522  -49.958  26.551 0.0000000000
156050  8.101  -50.246  26.244 0.0000000000
156051  8.663  -50.621  26.023 0.0000000000
156052  8.902  -51.005  25.388 0.0000000000
156053  9.126  -51.476  24.800 0.0000000000
156058  8.107  -51.058  23.649 0.0000000000
156229  5.156  -36.034  32.381 0.0000000000
156230  5.410  -36.710  32.455 0.0000000000
156231  5.836  -37.230  32.495 0.0000000000
156232  5.796  -37.886  32.281 0.0000000000
156233  5.720  -38.536  32.089 0.0000000000
156234  5.617  -39.130  31.931 0.0000000000
156235  4.299  -35.640  30.356 0.0000000000
156236  4.312  -36.402  30.609 0.0000000000
156237  4.401  -37.164  30.915 0.0000000000
156238  4.295  -37.577  29.999 0.0000000000
156239  4.383  -37.727  30.625 0.0000000000
156240  4.564  -37.869  31.215 0.0000000000
156241  4.777  -38.506  31.444 0.0000000000
156242  5.098  -39.117  31.600 0.0000000000
156243  5.507  -39.700  31.655 0.0000000000
156244  5.439  -40.322  31.408 0.0000000000
156245  5.378  -40.951  31.167 0.0000000000
156246  5.269  -41.573  30.926 0.0000000000
156247  4.510  -40.904  30.353 0.0000000000
156248  4.776  -41.577  30.591 0.0000000000
156249  5.145  -42.230  30.709 0.0000000000
156250  4.993  -42.930  30.506 0.0000000000
156251  4.876  -43.647  30.299 0.0000000000
156252  4.785  -44.360  30.048 0.0000000000
156254  7.974  -36.508  29.032 0.0000000000
156255  7.535  -37.123  28.799 0.0000000000
156257  7.779  -37.801  28.603 0.0000000000
156258  7.040  -37.719  28.539 0.0000000000
156259  6.501  -38.279  28.291 0.0000000000
156260  5.935  -38.839  28.074 0.0000000000
156261  5.418  -39.391  27.971 0.0000000000
156263  8.225  -40.479  27.434 0.0000000000
156264  7.670  -40.359  27.544 0.0000000000
156265  7.123  -41.531  27.029 0.0000000000
156266  7.061  -40.912  27.332 0.0000000000
156267  6.966  -40.249  27.587 0.0000000000
156268  6.229  -40.132  27.630 0.0000000000
156269  5.514  -40.046  27.744 0.0000000000
156270  4.947  -39.971  27.998 0.0000000000
156271  4.612  -40.611  28.128 0.0000000000
156272  4.425  -41.295  28.341 0.0000000000
156273  4.357  -42.008  28.637 0.0000000000
156274  4.576  -42.517  27.804 0.0000000000
156275  4.439  -42.587  28.325 0.0000000000
156276  4.379  -42.726  28.960 0.0000000000
156277  4.453  -43.499  29.264 0.0000000000
156278  4.557  -44.291  29.539 0.0000000000
156279  4.701  -45.090  29.789 0.0000000000
156280  4.604  -45.888  29.497 0.0000000000
156281  4.613  -46.562  29.058 0.0000000000
156282  4.683  -47.179  28.502 0.0000000000
156283  4.579  -46.324  27.730 0.0000000000
156284  4.596  -47.089  27.826 0.0000000000
156285  4.732  -47.751  27.909 0.0000000000
156286  4.771  -48.320  27.252 0.0000000000
156287  4.876  -48.831  26.549 0.0000000000
156288  5.001  -49.295  25.831 0.0000000000
156289  4.966  -45.568  25.212 0.0000000000
156290  4.683  -46.308  25.196 0.0000000000
156291  4.489  -47.141  25.217 0.0000000000
156292  4.434  -47.443  23.968 0.0000000000
156293  4.425  -47.672  24.612 0.0000000000
156294  4.409  -47.905  25.303 0.0000000000
156295  4.497  -48.627  25.297 0.0000000000
156296  4.771  -49.205  25.213 0.0000000000
156297  5.199  -49.637  25.112 0.0000000000
156298  5.485  -49.938  24.435 0.0000000000
156299  5.901  -50.229  23.720 0.0000000000
156300  6.425  -50.476  23.087 0.0000000000
156301  5.580  -50.051  22.638 0.0000000000
156302  6.266  -50.382  22.536 0.0000000000
156303  6.954  -50.705  22.450 0.0000000000
156304  7.493  -51.015  21.829 0.0000000000
156305  7.994  -51.558  21.141 0.0000000000
156310  7.309  -51.034  19.660 0.0000000000
156316  4.835  -48.858  20.081 0.0000000000
156317  5.239  -49.318  19.623 0.0000000000
156318  5.742  -49.756  19.146 0.0000000000
156319  5.275  -49.096  18.786 0.0000000000
156320  5.731  -49.647  18.722 0.0000000000
156321  6.414  -50.295  18.571 0.0000000000
156334  9.057  -45.203  22.457 0.0000000000
156335  8.953  -45.693  21.946 0.0000000000
156336  8.813  -46.165  21.410 0.0000000000
156337  8.943  -45.500  21.222 0.0000000000
156338  8.900  -46.080  21.038 0.0000000000
156339  8.628  -46.595  20.835 0.0000000000
156340  8.357  -47.006  20.255 0.0000000000
156341  8.052  -47.430  19.628 0.0000000000
156342  7.567  -47.733  18.889 0.0000000000
156343  8.145  -44.982  19.839 0.0000000000
156344  8.564  -45.561  19.654 0.0000000000
156345  8.808  -46.175  19.467 0.0000000000
156346  8.794  -46.492  18.629 0.0000000000
156347  8.885  -46.593  18.951 0.0000000000
156348  8.817  -46.794  19.250 0.0000000000
156349  8.542  -47.350  18.978 0.0000000000
156350  7.932  -47.768  18.623 0.0000000000
156351  7.115  -47.995  18.217 0.0000000000
156352  6.698  -48.287  17.564 0.0000000000
156353  6.413  -48.686  16.891 0.0000000000
156370  8.785  -47.820  15.423 0.0000000000
156394  1.383  -37.575  22.971 0.0000000000
156406  1.565  -39.924  20.998 0.0000000000
156412  2.260  -41.830  18.789 0.0000000000
156413  2.536  -42.279  18.216 0.0000000000
156414  2.867  -42.658  17.662 0.0000000000
156437  0.548  -41.971  16.971 0.0000000000
156439  1.646  -42.268  17.338 0.0000000000
156440  2.430  -42.630  17.200 0.0000000000
156441  3.275  -43.049  17.107 0.0000000000
156442  3.720  -43.429  16.541 0.0000000000
156443  4.264  -43.838  16.037 0.0000000000
156444  4.811  -44.244  15.600 0.0000000000
156445  3.535  -43.652  15.142 0.0000000000
156446  4.488  -44.103  15.163 0.0000000000
156447  5.415  -44.581  15.152 0.0000000000
156448  6.058  -44.938  14.700 0.0000000000
156449  6.789  -45.318  14.262 0.0000000000
156450  7.529  -45.683  13.841 0.0000000000
156452  3.121  -43.660  13.279 0.0000000000
156453  4.204  -43.995  13.380 0.0000000000
156454  4.784  -44.134  12.585 0.0000000000
156455  5.071  -44.319  13.014 0.0000000000
156456  5.331  -44.479  13.447 0.0000000000
156457  6.365  -44.962  13.466 0.0000000000
156458  7.350  -45.494  13.452 0.0000000000
156478  8.281  -45.056  10.444 0.0000000000
156481  9.108  -45.261  9.602 0.0000000000
156500  2.709  -40.970  7.535 0.0000000000
156501  3.379  -41.555  7.943 0.0000000000
156502  4.397  -41.867  8.010 0.0000000000
156503  5.487  -42.245  8.068 0.0000000000
156504  6.635  -42.665  8.130 0.0000000000
156506  4.248  -39.760  6.740 0.0000000000
156507  4.668  -40.420  6.948 0.0000000000
156508  6.072  -40.721  6.838 0.0000000000
156509  5.602  -40.868  7.019 0.0000000000
156510  5.276  -41.107  7.222 0.0000000000
156511  6.013  -41.798  7.527 0.0000000000
156512  6.804  -42.458  7.851 0.0000000000
156513  7.709  -43.148  8.177 0.0000000000
156514  8.751  -43.703  8.176 0.0000000000
156515  9.726  -44.388  8.119 0.0000000000
156516  10.141  -45.021  7.725 0.0000000000
156517  9.929  -44.025  7.589 0.0000000000
156518  10.208  -44.843  7.447 0.0000000000
156519  10.179  -45.565  7.156 0.0000000000
156526  10.687  -45.358  5.773 0.0000000000
156534  11.420  -43.689  6.012 0.0000000000
156537  11.483  -44.154  5.607 0.0000000000
