#!ascii label  , from subject fsaverage vox2ras=TkReg
1263
125  2.094  -13.485  1.486 0.0000000000
270  3.823  -21.345  7.897 0.0000000000
533  8.578  -31.400  4.632 0.0000000000
534  7.059  -25.483  -1.108 0.0000000000
750  2.535  -14.289  13.156 0.0000000000
1171  7.580  -29.459  9.859 0.0000000000
1172  2.252  -17.494  4.868 0.0000000000
1173  4.336  -23.948  3.027 0.0000000000
1174  3.778  -20.640  0.019 0.0000000000
1176  3.500  -17.674  -3.043 0.0000000000
1638  6.056  -24.637  10.832 0.0000000000
1639  3.907  -19.800  11.881 0.0000000000
1640  2.686  -15.040  9.309 0.0000000000
1641  2.250  -10.313  6.607 0.0000000000
2238  13.572  -34.639  3.898 0.0000000000
2240  6.364  -26.330  6.232 0.0000000000
2241  8.259  -28.770  1.417 0.0000000000
3092  2.099  -15.414  3.169 0.0000000000
3093  2.884  -19.029  2.371 0.0000000000
3094  2.931  -17.171  0.758 0.0000000000
3095  3.659  -19.118  -1.551 0.0000000000
3096  2.982  -15.382  -0.756 0.0000000000
3689  3.258  -22.112  14.735 0.0000000000
3690  4.353  -22.165  13.124 0.0000000000
3691  3.303  -19.606  13.713 0.0000000000
3692  2.489  -11.817  11.973 0.0000000000
3693  3.027  -14.533  11.256 0.0000000000
3694  2.667  -12.089  9.946 0.0000000000
3695  2.278  -12.638  7.992 0.0000000000
3696  2.582  -9.772  8.653 0.0000000000
4952  9.330  -31.993  6.349 0.0000000000
4953  11.332  -33.694  5.770 0.0000000000
4954  10.736  -33.422  3.934 0.0000000000
4955  13.165  -34.592  1.983 0.0000000000
4956  10.342  -33.032  2.141 0.0000000000
4957  5.036  -22.969  9.355 0.0000000000
4958  6.156  -25.319  8.712 0.0000000000
4959  5.042  -23.933  7.107 0.0000000000
4960  5.235  -25.105  0.658 0.0000000000
4961  6.149  -26.236  2.088 0.0000000000
4962  7.829  -27.013  0.189 0.0000000000
4963  10.017  -29.867  -0.641 0.0000000000
4964  9.952  -27.722  -1.368 0.0000000000
4965  11.616  -28.139  -3.140 0.0000000000
4966  9.321  -25.616  -2.417 0.0000000000
5958  2.410  -16.895  14.233 0.0000000000
5959  1.620  -14.176  15.056 0.0000000000
6717  8.105  -29.870  7.310 0.0000000000
6718  2.819  -19.466  6.466 0.0000000000
6719  3.911  -22.605  5.543 0.0000000000
6720  3.085  -20.863  4.019 0.0000000000
6721  3.872  -22.326  1.568 0.0000000000
6722  4.642  -23.706  -0.738 0.0000000000
6723  5.983  -24.547  -2.735 0.0000000000
6724  3.976  -22.498  -2.376 0.0000000000
7662  6.170  -26.985  12.254 0.0000000000
7663  5.441  -24.465  12.596 0.0000000000
7664  4.979  -22.308  11.323 0.0000000000
7665  3.952  -20.383  9.996 0.0000000000
7666  3.168  -17.009  12.474 0.0000000000
7667  3.293  -17.516  10.619 0.0000000000
7668  2.986  -18.333  8.623 0.0000000000
7669  2.255  -16.066  7.286 0.0000000000
7670  1.934  -13.858  5.726 0.0000000000
7671  1.877  -11.693  4.153 0.0000000000
9273  13.625  -35.203  5.418 0.0000000000
9274  16.400  -35.479  4.290 0.0000000000
9278  6.910  -27.047  10.347 0.0000000000
9279  7.202  -27.663  8.004 0.0000000000
9280  7.443  -28.827  5.416 0.0000000000
9281  5.413  -25.122  4.553 0.0000000000
9282  7.030  -27.532  3.672 0.0000000000
9283  8.350  -30.348  2.918 0.0000000000
9284  10.059  -31.707  0.610 0.0000000000
9285  12.257  -32.307  -1.244 0.0000000000
9314  3.150  -13.371  -2.274 0.0000000000
10772  2.104  -14.400  2.282 0.0000000000
10773  2.449  -16.288  1.894 0.0000000000
10774  2.464  -15.351  1.066 0.0000000000
10775  2.964  -16.270  -0.041 0.0000000000
10776  2.455  -14.409  0.287 0.0000000000
11369  2.763  -20.878  15.120 0.0000000000
11370  3.305  -20.882  14.283 0.0000000000
11371  2.840  -19.624  14.541 0.0000000000
11372  2.361  -10.605  11.321 0.0000000000
11373  2.702  -11.940  10.958 0.0000000000
11374  2.589  -10.732  10.311 0.0000000000
11375  2.585  -10.891  9.337 0.0000000000
11376  2.576  -9.633  9.609 0.0000000000
11413  2.766  -22.405  15.425 0.0000000000
12632  8.908  -31.688  5.490 0.0000000000
12633  9.897  -32.691  5.075 0.0000000000
12634  9.470  -32.453  4.269 0.0000000000
12635  10.421  -33.274  3.058 0.0000000000
12636  9.296  -32.211  3.359 0.0000000000
12637  4.415  -22.164  8.671 0.0000000000
12638  5.051  -23.446  8.302 0.0000000000
12639  4.415  -22.702  7.513 0.0000000000
12640  6.080  -25.386  -0.288 0.0000000000
12641  6.465  -26.017  0.397 0.0000000000
12642  7.522  -26.218  -0.444 0.0000000000
12643  8.892  -27.322  -0.566 0.0000000000
12644  8.625  -26.368  -1.114 0.0000000000
12645  9.720  -26.583  -1.747 0.0000000000
12646  8.181  -25.538  -1.734 0.0000000000
13770  1.579  -15.577  15.679 0.0000000000
15035  8.381  -30.398  8.134 0.0000000000
15036  7.957  -29.421  8.484 0.0000000000
15037  2.479  -18.522  5.684 0.0000000000
15038  2.901  -20.193  5.240 0.0000000000
15039  2.596  -19.240  4.457 0.0000000000
15040  3.364  -19.742  1.196 0.0000000000
15041  3.373  -20.663  1.996 0.0000000000
15042  3.804  -21.460  0.796 0.0000000000
15043  4.260  -23.116  0.392 0.0000000000
15044  4.123  -22.294  -0.417 0.0000000000
15045  4.361  -23.089  -1.566 0.0000000000
15046  3.956  -21.512  -1.188 0.0000000000
15047  3.565  -18.362  -2.316 0.0000000000
15048  3.572  -20.283  -2.743 0.0000000000
16831  4.863  -24.505  13.424 0.0000000000
16832  4.165  -20.923  12.527 0.0000000000
16833  4.734  -22.145  12.264 0.0000000000
16834  4.414  -21.057  11.594 0.0000000000
16835  4.486  -21.288  10.661 0.0000000000
16836  4.025  -20.049  10.954 0.0000000000
16837  2.493  -15.604  13.700 0.0000000000
16838  2.837  -16.914  13.402 0.0000000000
16839  2.887  -15.669  12.826 0.0000000000
16840  2.919  -14.701  10.297 0.0000000000
16841  3.145  -15.957  10.911 0.0000000000
16842  2.976  -16.270  9.965 0.0000000000
16843  3.159  -17.856  9.675 0.0000000000
16844  2.770  -16.698  8.964 0.0000000000
16845  2.567  -17.221  7.957 0.0000000000
16846  2.431  -15.520  8.294 0.0000000000
16847  2.192  -11.485  7.310 0.0000000000
16848  2.055  -13.196  6.900 0.0000000000
16849  2.002  -12.066  6.196 0.0000000000
16850  1.884  -12.701  4.887 0.0000000000
16851  1.999  -10.967  5.428 0.0000000000
20620  12.343  -34.166  4.771 0.0000000000
20621  12.421  -34.460  5.531 0.0000000000
20622  13.686  -34.746  4.718 0.0000000000
20623  14.956  -35.337  4.775 0.0000000000
20624  15.104  -35.069  4.042 0.0000000000
20625  16.440  -35.258  3.491 0.0000000000
20626  15.006  -34.972  3.196 0.0000000000
20627  12.879  -34.384  1.054 0.0000000000
20628  14.519  -34.877  1.216 0.0000000000
20629  14.216  -34.598  0.284 0.0000000000
20632  6.246  -25.754  11.588 0.0000000000
20633  6.644  -27.021  11.408 0.0000000000
20634  6.514  -25.847  10.609 0.0000000000
20635  6.236  -25.833  7.498 0.0000000000
20636  6.694  -26.495  8.330 0.0000000000
20637  6.755  -26.976  7.091 0.0000000000
20638  7.295  -28.212  6.761 0.0000000000
20639  6.946  -27.562  5.844 0.0000000000
20640  4.078  -23.238  4.314 0.0000000000
20641  4.640  -23.922  5.042 0.0000000000
20642  4.804  -24.547  3.793 0.0000000000
20643  7.321  -27.384  1.767 0.0000000000
20644  6.665  -26.830  2.906 0.0000000000
20645  7.571  -28.190  2.507 0.0000000000
20646  7.704  -28.908  3.319 0.0000000000
20647  8.355  -29.675  2.110 0.0000000000
20648  9.164  -31.118  1.688 0.0000000000
20649  9.148  -30.316  0.998 0.0000000000
20650  10.898  -30.180  -1.595 0.0000000000
20651  10.985  -31.160  -1.020 0.0000000000
20653  13.477  -32.466  -1.953 0.0000000000
20654  13.154  -31.483  -2.674 0.0000000000
20655  14.374  -31.570  -3.257 0.0000000000
20723  2.617  -12.281  -1.255 0.0000000000
23998  2.158  -16.461  4.031 0.0000000000
23999  2.476  -18.287  3.560 0.0000000000
24000  2.455  -17.246  2.741 0.0000000000
24001  2.899  -18.035  1.578 0.0000000000
24002  3.391  -18.949  0.394 0.0000000000
24003  3.716  -19.824  -0.787 0.0000000000
24004  3.407  -18.100  -0.407 0.0000000000
24005  3.411  -17.263  -1.058 0.0000000000
24006  3.426  -16.407  -1.836 0.0000000000
25073  3.716  -23.351  14.445 0.0000000000
25074  4.340  -23.280  13.634 0.0000000000
25075  3.809  -22.114  13.980 0.0000000000
25076  3.771  -20.905  13.465 0.0000000000
25077  3.669  -19.617  12.745 0.0000000000
25078  2.578  -13.033  12.574 0.0000000000
25079  2.919  -14.355  12.203 0.0000000000
25080  2.837  -13.133  11.602 0.0000000000
25081  2.859  -13.288  10.609 0.0000000000
25082  2.695  -13.551  9.603 0.0000000000
25083  2.434  -13.798  8.652 0.0000000000
25084  2.506  -12.334  8.972 0.0000000000
25085  2.418  -11.133  8.349 0.0000000000
25086  2.475  -10.004  7.692 0.0000000000
27346  9.527  -32.449  7.217 0.0000000000
27347  10.388  -33.418  6.849 0.0000000000
27348  10.239  -32.896  6.015 0.0000000000
27349  11.055  -33.487  4.864 0.0000000000
27350  12.120  -34.138  3.857 0.0000000000
27351  13.432  -34.610  2.965 0.0000000000
27352  11.830  -34.101  2.857 0.0000000000
27353  11.650  -33.952  1.975 0.0000000000
27354  11.391  -33.564  1.092 0.0000000000
27355  5.591  -23.771  10.124 0.0000000000
27356  6.144  -24.941  9.796 0.0000000000
27357  5.635  -24.213  9.042 0.0000000000
27358  5.652  -24.650  7.867 0.0000000000
27359  5.743  -25.179  6.686 0.0000000000
27360  4.690  -24.603  1.810 0.0000000000
27361  5.149  -25.202  2.544 0.0000000000
27362  5.647  -25.693  1.426 0.0000000000
27363  6.864  -26.676  1.102 0.0000000000
27364  8.101  -27.895  0.818 0.0000000000
27365  9.147  -29.386  0.334 0.0000000000
27366  9.080  -28.423  -0.133 0.0000000000
27367  9.983  -28.790  -1.042 0.0000000000
27368  10.853  -29.196  -1.971 0.0000000000
27369  11.639  -29.336  -2.902 0.0000000000
27370  10.875  -28.041  -2.225 0.0000000000
27371  10.704  -26.777  -2.511 0.0000000000
27372  10.327  -25.808  -3.158 0.0000000000
27410  3.175  -10.070  -2.509 0.0000000000
27411  3.435  -8.984  -3.017 0.0000000000
29261  1.850  -18.186  15.879 0.0000000000
29262  2.349  -18.188  14.855 0.0000000000
29263  1.910  -16.883  15.256 0.0000000000
29264  1.998  -15.587  14.598 0.0000000000
29265  2.091  -14.282  14.058 0.0000000000
29266  1.235  -12.848  15.590 0.0000000000
29267  1.664  -12.936  14.469 0.0000000000
29268  2.122  -13.002  13.506 0.0000000000
29269  2.107  -11.792  12.918 0.0000000000
29270  1.995  -10.573  12.275 0.0000000000
31032  8.818  -32.443  8.528 0.0000000000
31033  8.900  -31.396  7.659 0.0000000000
31034  8.638  -30.913  6.868 0.0000000000
31035  8.282  -30.582  5.932 0.0000000000
31036  3.284  -20.471  7.187 0.0000000000
31037  3.821  -21.929  6.757 0.0000000000
31038  3.299  -21.061  6.020 0.0000000000
31039  3.435  -21.768  4.803 0.0000000000
31040  3.646  -22.441  3.551 0.0000000000
31041  2.918  -19.933  3.162 0.0000000000
31042  3.459  -21.594  2.808 0.0000000000
31043  4.022  -23.212  2.310 0.0000000000
31044  4.441  -23.893  1.099 0.0000000000
31045  4.959  -24.406  -0.027 0.0000000000
31046  5.687  -24.787  -1.030 0.0000000000
31047  6.603  -24.923  -1.844 0.0000000000
31048  5.231  -24.280  -1.824 0.0000000000
31051  3.776  -20.880  -1.968 0.0000000000
31052  3.597  -22.056  -3.163 0.0000000000
33416  5.821  -25.620  12.395 0.0000000000
33417  5.812  -24.518  11.787 0.0000000000
33418  4.935  -23.279  12.856 0.0000000000
33419  5.286  -23.337  11.983 0.0000000000
33420  5.564  -23.498  11.046 0.0000000000
33421  5.050  -22.592  10.364 0.0000000000
33422  4.461  -21.699  9.700 0.0000000000
33423  3.850  -20.787  8.975 0.0000000000
33424  2.824  -18.244  13.967 0.0000000000
33425  3.204  -18.296  13.126 0.0000000000
33426  3.489  -18.391  12.176 0.0000000000
33427  3.142  -15.782  11.876 0.0000000000
33428  3.324  -17.160  11.570 0.0000000000
33429  3.565  -18.637  11.256 0.0000000000
33430  3.545  -18.964  10.313 0.0000000000
33431  3.427  -19.352  9.324 0.0000000000
33432  3.310  -19.839  8.269 0.0000000000
33433  2.867  -18.907  7.591 0.0000000000
33434  2.473  -17.808  6.857 0.0000000000
33435  2.199  -16.727  6.084 0.0000000000
33436  2.199  -14.272  7.647 0.0000000000
33437  2.056  -14.954  6.516 0.0000000000
33438  2.023  -15.647  5.286 0.0000000000
33439  1.929  -14.566  4.412 0.0000000000
33440  1.893  -13.522  3.568 0.0000000000
33441  1.921  -12.546  2.792 0.0000000000
38057  11.272  -34.240  6.529 0.0000000000
38058  12.350  -35.180  6.222 0.0000000000
38066  14.732  -34.957  2.167 0.0000000000
38070  17.262  -34.638  -0.684 0.0000000000
38073  6.930  -28.365  11.197 0.0000000000
38074  7.311  -28.396  10.146 0.0000000000
38075  6.643  -26.093  9.489 0.0000000000
38076  7.104  -27.313  9.194 0.0000000000
38077  7.537  -28.396  8.886 0.0000000000
38078  7.653  -28.769  7.651 0.0000000000
38079  7.749  -29.418  6.390 0.0000000000
38080  7.964  -30.133  5.019 0.0000000000
38081  4.454  -23.296  6.320 0.0000000000
38082  5.177  -24.513  5.832 0.0000000000
38083  5.936  -25.720  5.392 0.0000000000
38084  5.663  -25.652  3.295 0.0000000000
38085  6.216  -26.250  4.091 0.0000000000
38086  6.635  -26.892  4.958 0.0000000000
38087  7.193  -28.084  4.546 0.0000000000
38088  7.781  -29.544  4.174 0.0000000000
38089  8.458  -30.949  3.730 0.0000000000
38090  9.212  -31.774  2.445 0.0000000000
38091  10.166  -32.453  1.310 0.0000000000
38092  11.175  -32.898  0.337 0.0000000000
38093  10.006  -30.830  -0.050 0.0000000000
38094  11.115  -32.092  -0.393 0.0000000000
38095  12.437  -33.204  -0.522 0.0000000000
38108  7.546  -24.984  -2.604 0.0000000000
38151  2.025  -10.367  3.468 0.0000000000
38152  1.955  -11.247  2.105 0.0000000000
38178  2.024  -10.117  1.308 0.0000000000
38179  1.998  -12.272  0.591 0.0000000000
38180  2.477  -13.387  -0.558 0.0000000000
38181  3.045  -14.363  -1.541 0.0000000000
38182  3.450  -15.504  -2.610 0.0000000000
38183  3.282  -12.304  -2.969 0.0000000000
41492  2.107  -13.935  1.891 0.0000000000
41493  2.262  -14.879  1.673 0.0000000000
41494  2.278  -14.436  1.256 0.0000000000
41495  2.465  -14.873  0.667 0.0000000000
41496  2.251  -13.936  0.867 0.0000000000
42090  2.814  -20.270  14.831 0.0000000000
42092  2.327  -10.010  10.986 0.0000000000
42093  2.509  -10.653  10.837 0.0000000000
42094  2.475  -10.044  10.468 0.0000000000
42095  2.579  -10.165  9.963 0.0000000000
42096  2.471  -9.556  10.112 0.0000000000
43352  8.724  -31.556  5.068 0.0000000000
43353  9.145  -32.054  4.880 0.0000000000
43354  8.980  -31.932  4.458 0.0000000000
43355  9.340  -32.343  3.833 0.0000000000
43356  8.872  -31.799  4.016 0.0000000000
43357  4.120  -21.776  8.289 0.0000000000
43358  4.415  -22.420  8.102 0.0000000000
43359  4.108  -22.050  7.695 0.0000000000
43360  6.568  -25.468  -0.711 0.0000000000
43361  6.771  -25.795  -0.365 0.0000000000
43362  7.300  -25.848  -0.758 0.0000000000
43363  8.075  -26.285  -0.796 0.0000000000
43364  7.861  -25.852  -1.098 0.0000000000
43365  8.415  -25.932  -1.397 0.0000000000
43366  7.614  -25.482  -1.419 0.0000000000
45756  7.794  -29.356  9.133 0.0000000000
45757  2.350  -18.017  5.275 0.0000000000
45758  2.514  -18.868  5.066 0.0000000000
45759  2.383  -18.402  4.674 0.0000000000
45760  3.586  -20.177  0.617 0.0000000000
45761  3.586  -20.568  1.023 0.0000000000
45762  3.791  -21.041  0.418 0.0000000000
45763  3.982  -21.887  0.194 0.0000000000
45764  3.938  -21.466  -0.223 0.0000000000
45765  4.042  -21.877  -0.799 0.0000000000
45766  3.882  -21.027  -0.602 0.0000000000
45767  3.527  -18.009  -2.680 0.0000000000
45768  3.525  -18.994  -2.929 0.0000000000
45769  3.449  -18.632  -3.287 0.0000000000
47550  4.751  -25.152  13.681 0.0000000000
47552  4.051  -20.347  12.206 0.0000000000
47553  4.299  -21.000  12.092 0.0000000000
47554  4.144  -20.407  11.734 0.0000000000
47555  4.229  -20.558  11.257 0.0000000000
47556  3.965  -19.898  11.374 0.0000000000
47557  2.519  -14.943  13.433 0.0000000000
47558  2.712  -15.602  13.264 0.0000000000
47559  2.726  -15.010  12.991 0.0000000000
47560  2.807  -14.865  9.823 0.0000000000
47561  2.939  -15.466  10.118 0.0000000000
47562  2.830  -15.658  9.642 0.0000000000
47563  2.882  -16.473  9.469 0.0000000000
47564  2.718  -15.882  9.131 0.0000000000
47565  2.590  -16.112  8.629 0.0000000000
47566  2.555  -15.265  8.812 0.0000000000
47567  2.201  -10.893  6.959 0.0000000000
47568  2.090  -11.768  6.753 0.0000000000
47569  2.092  -11.187  6.431 0.0000000000
47570  1.995  -11.498  5.823 0.0000000000
47571  2.114  -10.626  6.042 0.0000000000
51340  12.916  -34.405  4.325 0.0000000000
51341  12.983  -34.468  4.728 0.0000000000
51342  13.629  -34.648  4.318 0.0000000000
51343  14.375  -34.932  4.358 0.0000000000
51344  14.357  -34.848  3.960 0.0000000000
51345  15.078  -34.997  3.647 0.0000000000
51346  14.359  -34.825  3.545 0.0000000000
51348  13.520  -34.497  0.654 0.0000000000
51349  13.404  -34.288  0.222 0.0000000000
51350  14.144  -34.396  -0.135 0.0000000000
51351  13.329  -34.046  -0.177 0.0000000000
51352  6.187  -25.150  11.212 0.0000000000
51353  6.403  -25.805  11.141 0.0000000000
51354  6.298  -25.185  10.707 0.0000000000
51355  6.286  -26.076  6.864 0.0000000000
51356  6.504  -26.414  7.291 0.0000000000
51357  6.554  -26.652  6.648 0.0000000000
51358  6.853  -27.272  6.496 0.0000000000
51359  6.668  -26.952  6.025 0.0000000000
51360  4.180  -23.583  3.657 0.0000000000
51361  4.436  -23.921  4.060 0.0000000000
51362  4.550  -24.260  3.403 0.0000000000
51363  7.782  -28.041  1.610 0.0000000000
51364  7.456  -27.803  2.141 0.0000000000
51365  7.901  -28.489  1.940 0.0000000000
51366  7.988  -28.932  2.296 0.0000000000
51367  8.335  -29.253  1.734 0.0000000000
51368  8.752  -30.029  1.539 0.0000000000
51369  8.712  -29.591  1.236 0.0000000000
51370  11.346  -30.304  -2.069 0.0000000000
51375  12.959  -30.998  -3.014 0.0000000000
55357  2.120  -15.923  3.606 0.0000000000
55358  2.280  -16.840  3.344 0.0000000000
55359  2.250  -16.330  2.985 0.0000000000
55360  2.683  -16.728  1.329 0.0000000000
55361  2.675  -17.174  1.735 0.0000000000
55362  2.915  -17.603  1.172 0.0000000000
55363  3.148  -18.464  1.007 0.0000000000
55364  3.164  -18.047  0.607 0.0000000000
55365  3.392  -18.504  0.031 0.0000000000
55366  3.183  -17.626  0.193 0.0000000000
55367  2.966  -15.822  -0.399 0.0000000000
55368  3.204  -16.748  -0.565 0.0000000000
55369  3.211  -16.315  -0.914 0.0000000000
55370  3.422  -16.862  -1.449 0.0000000000
55371  3.231  -15.902  -1.283 0.0000000000
57149  3.478  -22.715  14.590 0.0000000000
57150  3.755  -22.676  14.206 0.0000000000
57151  3.509  -22.083  14.367 0.0000000000
57152  3.314  -20.254  14.024 0.0000000000
57153  3.537  -20.864  13.938 0.0000000000
57154  3.534  -20.250  13.585 0.0000000000
57155  3.754  -20.287  13.088 0.0000000000
57156  3.485  -19.608  13.261 0.0000000000
57157  2.553  -12.409  12.292 0.0000000000
57158  2.738  -13.060  12.091 0.0000000000
57159  2.682  -12.467  11.795 0.0000000000
57160  2.707  -11.995  10.459 0.0000000000
57161  2.794  -12.584  10.785 0.0000000000
57162  2.762  -12.675  10.277 0.0000000000
57163  2.794  -13.406  10.110 0.0000000000
57164  2.689  -12.801  9.770 0.0000000000
57165  2.590  -12.926  9.282 0.0000000000
57166  2.604  -12.199  9.446 0.0000000000
57167  2.550  -10.313  9.042 0.0000000000
57168  2.516  -10.988  8.836 0.0000000000
57169  2.520  -10.430  8.503 0.0000000000
57170  2.443  -10.599  8.017 0.0000000000
57171  2.543  -9.908  8.173 0.0000000000
57280  3.027  -22.256  15.059 0.0000000000
57281  2.999  -23.058  15.242 0.0000000000
57282  3.272  -22.891  14.888 0.0000000000
60937  9.442  -32.157  6.829 0.0000000000
60938  9.843  -32.617  6.642 0.0000000000
60939  9.732  -32.455  6.172 0.0000000000
60940  10.244  -33.052  4.461 0.0000000000
60941  10.423  -33.078  4.936 0.0000000000
60942  10.896  -33.454  4.401 0.0000000000
60943  11.575  -33.847  4.377 0.0000000000
60944  11.440  -33.815  3.879 0.0000000000
60945  11.980  -34.108  3.367 0.0000000000
60946  11.248  -33.760  3.397 0.0000000000
60947  10.388  -33.185  2.579 0.0000000000
60948  11.040  -33.649  2.494 0.0000000000
60949  10.940  -33.539  2.036 0.0000000000
60951  10.855  -33.338  1.604 0.0000000000
60952  5.323  -23.364  9.724 0.0000000000
60953  5.631  -23.985  9.583 0.0000000000
60954  5.331  -23.581  9.187 0.0000000000
60955  5.046  -23.686  7.728 0.0000000000
60956  5.345  -24.038  8.086 0.0000000000
60957  5.354  -24.292  7.478 0.0000000000
60958  5.675  -24.910  7.270 0.0000000000
60959  5.380  -24.547  6.869 0.0000000000
60960  4.943  -24.872  1.225 0.0000000000
60961  5.120  -25.179  1.613 0.0000000000
60962  5.415  -25.433  1.036 0.0000000000
60963  7.135  -26.458  0.285 0.0000000000
60964  6.654  -26.346  0.753 0.0000000000
60965  7.305  -26.831  0.638 0.0000000000
60966  7.521  -27.248  0.968 0.0000000000
60967  7.972  -27.450  0.502 0.0000000000
60968  8.573  -28.131  0.340 0.0000000000
60969  8.476  -27.668  0.055 0.0000000000
60970  9.464  -27.563  -0.963 0.0000000000
60971  9.511  -28.088  -0.765 0.0000000000
60972  10.000  -28.286  -1.229 0.0000000000
60973  10.443  -28.989  -1.526 0.0000000000
60974  10.446  -28.456  -1.670 0.0000000000
60975  10.905  -28.690  -2.138 0.0000000000
60976  10.417  -27.895  -1.792 0.0000000000
60977  9.562  -26.075  -2.033 0.0000000000
60978  10.239  -26.689  -2.109 0.0000000000
60979  10.064  -26.161  -2.393 0.0000000000
60980  10.552  -26.214  -2.739 0.0000000000
60981  9.839  -25.739  -2.765 0.0000000000
64349  1.656  -17.479  16.096 0.0000000000
64350  1.864  -17.517  15.573 0.0000000000
64351  1.691  -16.873  15.780 0.0000000000
64352  1.610  -14.908  15.347 0.0000000000
64353  1.805  -15.591  15.095 0.0000000000
64354  1.809  -14.870  14.822 0.0000000000
64355  2.022  -14.960  14.351 0.0000000000
64356  1.839  -14.214  14.549 0.0000000000
64363  1.897  -13.003  13.971 0.0000000000
64364  1.903  -12.356  13.714 0.0000000000
64365  2.134  -12.382  13.260 0.0000000000
64366  1.895  -11.736  13.412 0.0000000000
64483  1.694  -18.297  16.382 0.0000000000
68145  8.896  -31.887  8.126 0.0000000000
68146  8.670  -31.330  8.356 0.0000000000
68147  8.259  -30.100  7.761 0.0000000000
68148  8.503  -30.607  7.533 0.0000000000
68149  8.340  -30.364  7.126 0.0000000000
68150  8.464  -30.743  6.404 0.0000000000
68151  8.150  -30.171  6.630 0.0000000000
68152  3.041  -19.969  6.834 0.0000000000
68153  3.269  -20.736  6.609 0.0000000000
68154  3.028  -20.256  6.252 0.0000000000
68155  2.990  -20.536  4.639 0.0000000000
68156  3.159  -20.990  5.026 0.0000000000
68157  3.253  -21.355  4.393 0.0000000000
68158  3.537  -22.136  4.158 0.0000000000
68159  3.365  -21.678  3.777 0.0000000000
68160  2.663  -18.643  2.948 0.0000000000
68161  2.685  -19.123  3.373 0.0000000000
68162  2.879  -19.477  2.788 0.0000000000
68163  3.622  -21.486  1.808 0.0000000000
68164  3.407  -21.125  2.401 0.0000000000
68165  3.661  -21.932  2.161 0.0000000000
68166  3.733  -22.406  2.563 0.0000000000
68167  3.931  -22.763  1.936 0.0000000000
68168  4.222  -23.582  1.682 0.0000000000
68169  4.128  -23.134  1.352 0.0000000000
68170  4.432  -23.379  -0.187 0.0000000000
68171  4.552  -23.775  0.168 0.0000000000
68172  4.813  -24.054  -0.379 0.0000000000
68173  5.299  -24.659  -0.536 0.0000000000
68174  5.099  -24.332  -0.906 0.0000000000
68175  5.445  -24.502  -1.417 0.0000000000
68176  4.919  -24.022  -1.299 0.0000000000
68177  4.166  -22.778  -1.982 0.0000000000
68178  4.491  -23.441  -2.130 0.0000000000
68179  4.257  -23.166  -2.515 0.0000000000
68180  4.370  -23.538  -3.041 0.0000000000
68181  4.020  -22.951  -2.924 0.0000000000
68182  3.696  -19.497  -1.168 0.0000000000
68183  3.784  -20.346  -1.368 0.0000000000
68184  3.730  -19.981  -1.747 0.0000000000
68186  3.571  -21.201  -2.935 0.0000000000
73532  5.409  -25.075  12.897 0.0000000000
73534  5.645  -25.053  12.481 0.0000000000
73535  5.865  -25.073  12.076 0.0000000000
73536  5.638  -24.471  12.146 0.0000000000
73537  4.381  -22.733  13.417 0.0000000000
73538  4.645  -23.293  13.271 0.0000000000
73539  4.653  -22.718  12.986 0.0000000000
73540  4.876  -22.186  11.818 0.0000000000
73541  5.011  -22.766  12.165 0.0000000000
73542  5.154  -22.800  11.684 0.0000000000
73543  5.441  -23.380  11.533 0.0000000000
73544  5.258  -22.906  11.190 0.0000000000
73545  5.322  -23.034  10.721 0.0000000000
73546  5.033  -22.436  10.850 0.0000000000
73547  4.212  -20.816  10.332 0.0000000000
73548  4.473  -21.479  10.180 0.0000000000
73549  4.185  -21.024  9.836 0.0000000000
73550  4.156  -21.260  9.333 0.0000000000
73551  3.893  -20.564  9.484 0.0000000000
73552  2.388  -17.543  14.493 0.0000000000
73553  2.602  -18.226  14.386 0.0000000000
73554  2.615  -17.564  14.084 0.0000000000
73555  3.021  -16.974  12.989 0.0000000000
73556  3.007  -17.608  13.259 0.0000000000
73557  3.194  -17.675  12.810 0.0000000000
73558  3.375  -18.343  12.642 0.0000000000
73559  3.317  -17.704  12.342 0.0000000000
73560  3.006  -14.435  11.745 0.0000000000
73561  3.033  -15.069  12.041 0.0000000000
73562  3.098  -15.144  11.560 0.0000000000
73563  3.209  -16.725  10.773 0.0000000000
73564  3.241  -16.545  11.237 0.0000000000
73565  3.318  -17.277  11.096 0.0000000000
73566  3.436  -17.934  11.431 0.0000000000
73567  3.431  -18.068  10.938 0.0000000000
73568  3.570  -18.776  10.788 0.0000000000
73569  3.399  -18.261  10.457 0.0000000000
73570  3.076  -18.075  9.164 0.0000000000
73571  3.282  -18.602  9.516 0.0000000000
73572  3.200  -18.831  8.994 0.0000000000
73573  3.360  -19.579  8.811 0.0000000000
73574  3.135  -19.095  8.456 0.0000000000
73575  3.089  -19.414  7.936 0.0000000000
73576  2.916  -18.609  8.106 0.0000000000
73577  2.391  -16.631  7.623 0.0000000000
73578  2.512  -17.511  7.417 0.0000000000
73579  2.349  -16.950  7.053 0.0000000000
73580  2.324  -17.285  6.469 0.0000000000
73581  2.207  -16.382  6.691 0.0000000000
73582  2.346  -13.220  8.313 0.0000000000
73583  2.312  -13.981  8.147 0.0000000000
73584  2.232  -13.448  7.790 0.0000000000
73585  1.972  -13.526  6.322 0.0000000000
73586  2.030  -14.080  6.685 0.0000000000
73587  1.979  -14.422  6.095 0.0000000000
73588  2.025  -15.297  5.916 0.0000000000
73589  1.963  -14.748  5.496 0.0000000000
73590  1.960  -15.082  4.836 0.0000000000
73591  1.917  -14.179  5.074 0.0000000000
73592  1.869  -12.152  4.498 0.0000000000
73593  1.872  -13.083  4.227 0.0000000000
73594  1.877  -12.589  3.850 0.0000000000
73595  1.928  -13.038  3.181 0.0000000000
73596  1.899  -12.123  3.480 0.0000000000
84900  10.860  -33.501  6.310 0.0000000000
84901  10.849  -33.839  6.679 0.0000000000
84902  11.324  -33.897  6.184 0.0000000000
84903  13.071  -34.795  5.490 0.0000000000
84904  12.382  -34.774  5.866 0.0000000000
84905  12.981  -35.132  5.773 0.0000000000
84906  12.908  -35.607  6.005 0.0000000000
84907  13.540  -35.569  5.645 0.0000000000
84909  14.184  -35.704  5.368 0.0000000000
84910  15.730  -35.486  4.505 0.0000000000
84917  16.438  -35.195  3.076 0.0000000000
84922  13.304  -34.612  2.428 0.0000000000
84923  14.078  -34.815  2.515 0.0000000000
84924  13.943  -34.792  2.027 0.0000000000
84935  17.062  -34.401  -1.136 0.0000000000
84940  6.800  -27.059  10.877 0.0000000000
84941  6.807  -27.699  11.258 0.0000000000
84942  6.966  -27.718  10.779 0.0000000000
84943  7.101  -28.377  10.720 0.0000000000
84944  7.093  -27.732  10.255 0.0000000000
84945  6.155  -25.127  9.278 0.0000000000
84946  6.391  -25.503  9.653 0.0000000000
84947  6.409  -25.677  9.129 0.0000000000
84948  6.952  -27.099  8.179 0.0000000000
84949  6.919  -26.891  8.736 0.0000000000
84950  7.167  -27.464  8.601 0.0000000000
84951  7.340  -27.849  9.053 0.0000000000
84952  7.393  -28.015  8.442 0.0000000000
84953  7.625  -28.563  8.268 0.0000000000
84954  7.434  -28.221  7.838 0.0000000000
84955  7.354  -28.496  6.113 0.0000000000
84956  7.534  -28.823  6.594 0.0000000000
84957  7.593  -29.155  5.905 0.0000000000
84958  7.825  -29.752  5.695 0.0000000000
84959  7.701  -29.508  5.223 0.0000000000
84960  3.857  -22.254  6.152 0.0000000000
84961  4.128  -22.630  6.532 0.0000000000
84962  4.176  -22.961  5.916 0.0000000000
84963  4.999  -24.511  4.791 0.0000000000
84964  4.907  -24.221  5.433 0.0000000000
84965  5.275  -24.810  5.207 0.0000000000
84966  5.568  -25.139  5.628 0.0000000000
84967  5.681  -25.415  4.966 0.0000000000
84968  5.595  -25.718  2.297 0.0000000000
84969  5.413  -25.450  2.901 0.0000000000
84970  5.857  -25.957  2.659 0.0000000000
84971  6.869  -27.183  3.278 0.0000000000
84972  6.408  -26.526  3.476 0.0000000000
84973  6.658  -26.889  3.887 0.0000000000
84974  6.452  -26.567  4.533 0.0000000000
84975  6.811  -27.198  4.320 0.0000000000
84976  6.933  -27.508  4.765 0.0000000000
84977  7.128  -27.820  4.110 0.0000000000
84978  7.996  -29.606  3.156 0.0000000000
84979  7.713  -29.198  3.775 0.0000000000
84980  8.018  -29.932  3.572 0.0000000000
84981  8.093  -30.259  3.965 0.0000000000
84982  8.418  -30.686  3.308 0.0000000000
84983  8.823  -31.388  3.077 0.0000000000
84984  8.774  -31.074  2.671 0.0000000000
84985  9.607  -31.465  1.114 0.0000000000
84986  9.620  -31.809  1.495 0.0000000000
84987  10.088  -32.080  0.957 0.0000000000
84988  10.662  -32.691  0.793 0.0000000000
84989  10.565  -32.308  0.473 0.0000000000
84990  9.571  -29.639  -0.155 0.0000000000
84991  9.576  -30.116  0.125 0.0000000000
84992  9.983  -30.348  -0.349 0.0000000000
84993  11.573  -31.755  -1.136 0.0000000000
84994  11.050  -31.624  -0.700 0.0000000000
84995  11.657  -32.236  -0.802 0.0000000000
84996  11.733  -32.683  -0.470 0.0000000000
84997  12.340  -32.785  -0.878 0.0000000000
84998  13.072  -33.302  -0.916 0.0000000000
84999  12.966  -32.852  -1.282 0.0000000000
85000  14.116  -32.484  -2.284 0.0000000000
85012  11.627  -28.756  -3.023 0.0000000000
85027  6.295  -24.708  -2.290 0.0000000000
85028  7.073  -24.979  -2.222 0.0000000000
85029  6.740  -24.794  -2.713 0.0000000000
85137  2.140  -9.700  3.176 0.0000000000
85138  1.990  -10.790  2.803 0.0000000000
85139  2.076  -10.131  2.483 0.0000000000
85206  1.935  -11.202  0.945 0.0000000000
85207  2.011  -11.704  0.262 0.0000000000
85208  2.211  -12.815  0.003 0.0000000000
85209  2.271  -12.281  -0.370 0.0000000000
85210  2.903  -12.861  -1.786 0.0000000000
85211  2.826  -13.340  -1.423 0.0000000000
85212  3.096  -13.851  -1.912 0.0000000000
85213  3.273  -14.906  -2.069 0.0000000000
85214  3.311  -14.415  -2.423 0.0000000000
85215  3.310  -10.630  -3.048 0.0000000000
85216  3.198  -11.182  -2.758 0.0000000000
93118  2.098  -14.926  2.714 0.0000000000
93119  2.257  -15.870  2.512 0.0000000000
93120  2.258  -15.368  2.081 0.0000000000
93121  2.442  -15.817  1.510 0.0000000000
93122  2.699  -16.272  0.911 0.0000000000
93123  2.956  -16.726  0.346 0.0000000000
93124  2.714  -15.787  0.506 0.0000000000
93125  2.702  -15.333  0.135 0.0000000000
93126  2.710  -14.909  -0.232 0.0000000000
94193  3.016  -21.482  14.904 0.0000000000
94194  3.272  -21.478  14.522 0.0000000000
94195  3.040  -20.873  14.690 0.0000000000
94196  3.087  -20.284  14.412 0.0000000000
94197  3.082  -19.612  14.144 0.0000000000
94198  2.409  -11.250  11.620 0.0000000000
94199  2.627  -11.897  11.448 0.0000000000
94200  2.568  -11.281  11.146 0.0000000000
94201  2.618  -11.332  10.653 0.0000000000
94202  2.644  -11.408  10.127 0.0000000000
94203  2.627  -11.487  9.629 0.0000000000
94204  2.620  -10.806  9.815 0.0000000000
94205  2.592  -10.244  9.488 0.0000000000
94206  2.581  -9.687  9.168 0.0000000000
94273  2.804  -21.622  15.235 0.0000000000
96466  9.123  -31.828  5.920 0.0000000000
96467  9.583  -32.342  5.698 0.0000000000
96468  9.370  -32.200  5.272 0.0000000000
96469  9.678  -32.572  4.667 0.0000000000
96470  10.052  -32.970  4.068 0.0000000000
96471  10.526  -33.341  3.501 0.0000000000
96472  9.902  -32.864  3.648 0.0000000000
96473  9.811  -32.756  3.202 0.0000000000
96474  9.813  -32.656  2.709 0.0000000000
96475  4.736  -22.576  9.014 0.0000000000
96476  5.046  -23.212  8.838 0.0000000000
96477  4.734  -22.815  8.482 0.0000000000
96478  4.732  -23.066  7.917 0.0000000000
96479  4.733  -23.337  7.328 0.0000000000
96480  5.624  -25.281  0.158 0.0000000000
96481  5.820  -25.596  0.517 0.0000000000
96482  6.267  -25.709  0.057 0.0000000000
96483  6.962  -26.120  -0.039 0.0000000000
96484  7.700  -26.598  -0.118 0.0000000000
96485  8.362  -27.182  -0.200 0.0000000000
96486  8.235  -26.723  -0.490 0.0000000000
96487  8.802  -26.843  -0.849 0.0000000000
96488  9.351  -27.011  -1.170 0.0000000000
96489  9.843  -27.138  -1.531 0.0000000000
96490  9.188  -26.486  -1.395 0.0000000000
96491  8.989  -25.992  -1.697 0.0000000000
96492  8.735  -25.575  -2.086 0.0000000000
98517  1.424  -14.255  15.606 0.0000000000
100791  8.424  -30.845  8.561 0.0000000000
100793  8.161  -29.944  8.301 0.0000000000
100794  8.048  -29.605  7.906 0.0000000000
100795  2.631  -18.992  6.076 0.0000000000
100796  2.844  -19.818  5.856 0.0000000000
100797  2.672  -19.355  5.458 0.0000000000
100798  2.723  -19.689  4.841 0.0000000000
100799  2.845  -20.069  4.256 0.0000000000
100800  3.124  -19.355  1.781 0.0000000000
100801  3.127  -19.834  2.181 0.0000000000
100802  3.355  -20.163  1.606 0.0000000000
100803  3.596  -21.006  1.431 0.0000000000
100804  3.841  -21.915  1.191 0.0000000000
100805  4.083  -22.744  0.971 0.0000000000
100806  4.029  -22.314  0.588 0.0000000000
100807  4.188  -22.681  0.009 0.0000000000
100808  4.329  -23.039  -0.563 0.0000000000
100809  4.528  -23.410  -1.147 0.0000000000
100810  4.231  -22.724  -0.936 0.0000000000
100811  4.121  -22.355  -1.361 0.0000000000
100812  3.973  -22.015  -1.802 0.0000000000
100813  3.612  -18.735  -1.928 0.0000000000
100814  3.662  -19.666  -2.164 0.0000000000
100815  3.600  -19.345  -2.557 0.0000000000
100816  3.453  -19.950  -3.155 0.0000000000
104024  5.110  -25.102  13.290 0.0000000000
104025  5.172  -24.479  13.033 0.0000000000
104026  4.279  -21.562  12.811 0.0000000000
104027  4.574  -22.129  12.670 0.0000000000
104028  4.444  -21.566  12.397 0.0000000000
104029  4.592  -21.604  11.953 0.0000000000
104030  4.699  -21.660  11.455 0.0000000000
104031  4.747  -21.795  10.989 0.0000000000
104032  4.482  -21.179  11.118 0.0000000000
104033  4.250  -20.683  10.804 0.0000000000
104034  3.991  -20.181  10.495 0.0000000000
104035  2.443  -16.249  13.979 0.0000000000
104036  2.634  -16.894  13.816 0.0000000000
104037  2.680  -16.229  13.535 0.0000000000
104038  2.872  -16.279  13.150 0.0000000000
104039  3.031  -16.348  12.678 0.0000000000
104040  2.995  -14.619  10.758 0.0000000000
104041  3.091  -15.240  11.057 0.0000000000
104042  3.029  -15.321  10.572 0.0000000000
104043  3.077  -16.106  10.434 0.0000000000
104044  3.140  -16.934  10.297 0.0000000000
104045  3.232  -17.680  10.150 0.0000000000
104046  3.057  -17.082  9.816 0.0000000000
104047  2.966  -17.292  9.312 0.0000000000
104048  2.865  -17.529  8.800 0.0000000000
104049  2.768  -17.787  8.286 0.0000000000
104050  2.648  -16.945  8.462 0.0000000000
104051  2.481  -16.374  8.120 0.0000000000
104052  2.336  -15.766  7.809 0.0000000000
104053  2.223  -12.049  7.693 0.0000000000
104054  2.165  -12.880  7.475 0.0000000000
104055  2.116  -12.331  7.118 0.0000000000
104056  2.017  -12.653  6.546 0.0000000000
104057  1.939  -12.950  5.978 0.0000000000
104058  1.906  -13.270  5.312 0.0000000000
104059  1.921  -12.345  5.570 0.0000000000
104060  1.908  -11.843  5.177 0.0000000000
104061  1.931  -11.281  4.791 0.0000000000
110844  11.830  -33.948  5.231 0.0000000000
110845  11.883  -34.061  5.665 0.0000000000
110846  12.428  -34.264  5.167 0.0000000000
110847  13.034  -34.602  5.086 0.0000000000
110848  13.661  -34.919  5.104 0.0000000000
110849  14.241  -35.246  5.105 0.0000000000
110850  14.343  -35.054  4.742 0.0000000000
110851  15.117  -35.225  4.419 0.0000000000
110852  15.821  -35.295  4.177 0.0000000000
110853  16.425  -35.348  3.894 0.0000000000
110854  15.804  -35.160  3.756 0.0000000000
110855  15.751  -35.103  3.362 0.0000000000
110856  15.697  -35.086  2.882 0.0000000000
110857  13.016  -34.513  1.514 0.0000000000
110858  13.835  -34.769  1.582 0.0000000000
110859  13.675  -34.660  1.108 0.0000000000
110860  14.370  -34.756  0.743 0.0000000000
110863  14.995  -34.662  -0.029 0.0000000000
110866  6.246  -26.303  11.930 0.0000000000
110867  6.429  -26.994  11.861 0.0000000000
110868  6.445  -26.387  11.516 0.0000000000
110869  6.613  -26.439  11.051 0.0000000000
110870  6.719  -26.449  10.493 0.0000000000
110871  6.183  -25.543  8.108 0.0000000000
110872  6.425  -25.892  8.500 0.0000000000
110873  6.465  -26.157  7.919 0.0000000000
110874  6.730  -26.753  7.748 0.0000000000
110875  6.986  -27.319  7.568 0.0000000000
110876  7.238  -27.906  7.395 0.0000000000
110877  7.043  -27.601  6.942 0.0000000000
110878  7.119  -27.889  6.310 0.0000000000
110879  7.198  -28.178  5.611 0.0000000000
110880  3.986  -22.917  4.941 0.0000000000
110881  4.274  -23.287  5.302 0.0000000000
110882  4.348  -23.600  4.689 0.0000000000
110883  4.718  -24.223  4.419 0.0000000000
110884  5.128  -24.852  4.146 0.0000000000
110885  6.730  -26.784  1.932 0.0000000000
110886  6.409  -26.506  2.481 0.0000000000
110887  6.962  -27.136  2.330 0.0000000000
110888  7.156  -27.492  2.730 0.0000000000
110889  7.290  -27.846  3.067 0.0000000000
110890  7.383  -28.212  3.479 0.0000000000
110891  7.656  -28.562  2.893 0.0000000000
110892  8.003  -29.285  2.721 0.0000000000
110893  8.344  -30.017  2.521 0.0000000000
110894  8.744  -30.741  2.282 0.0000000000
110895  8.742  -30.398  1.907 0.0000000000
110896  9.159  -30.738  1.337 0.0000000000
110897  9.582  -31.029  0.791 0.0000000000
110898  10.444  -30.059  -1.119 0.0000000000
110899  10.466  -30.546  -0.854 0.0000000000
110900  10.939  -30.685  -1.323 0.0000000000
110905  13.337  -31.988  -2.304 0.0000000000
110908  13.757  -31.522  -3.007 0.0000000000
110911  11.586  -27.511  -3.265 0.0000000000
110920  5.616  -24.416  -3.207 0.0000000000
110921  6.381  -24.664  -3.197 0.0000000000
111029  2.356  -11.711  -0.709 0.0000000000
111031  2.742  -11.792  -1.597 0.0000000000
111032  2.989  -12.340  -2.138 0.0000000000
117435  7.389  -29.568  10.469 0.0000000000
117436  2.192  -16.979  4.452 0.0000000000
117437  2.330  -17.921  4.216 0.0000000000
117438  2.303  -17.398  3.764 0.0000000000
117439  2.465  -17.770  3.129 0.0000000000
117440  2.660  -18.147  2.547 0.0000000000
117441  2.453  -16.760  2.330 0.0000000000
117442  2.667  -17.624  2.160 0.0000000000
117443  2.887  -18.499  1.977 0.0000000000
117444  3.139  -18.909  1.365 0.0000000000
117445  3.377  -19.344  0.796 0.0000000000
117446  3.594  -19.813  0.188 0.0000000000
117447  3.750  -20.223  -0.383 0.0000000000
117448  3.580  -19.383  -0.188 0.0000000000
117449  3.571  -18.978  -0.581 0.0000000000
117450  3.569  -18.621  -0.986 0.0000000000
117451  3.206  -17.201  -0.232 0.0000000000
117452  3.412  -17.686  -0.753 0.0000000000
117453  3.547  -18.189  -1.304 0.0000000000
117454  3.529  -17.791  -1.688 0.0000000000
117455  3.513  -17.397  -2.067 0.0000000000
117456  3.508  -17.039  -2.435 0.0000000000
119947  4.034  -23.299  14.010 0.0000000000
119948  4.083  -22.723  13.801 0.0000000000
119949  4.099  -22.156  13.591 0.0000000000
119950  3.537  -21.489  14.143 0.0000000000
119951  3.797  -21.513  13.759 0.0000000000
119952  4.039  -21.548  13.317 0.0000000000
119953  3.995  -20.923  12.968 0.0000000000
119954  3.914  -20.291  12.640 0.0000000000
119955  3.811  -19.684  12.325 0.0000000000
119956  2.552  -13.640  12.870 0.0000000000
119957  2.738  -14.315  12.697 0.0000000000
119958  2.753  -13.680  12.391 0.0000000000
119959  2.908  -13.719  11.915 0.0000000000
119960  2.955  -13.819  11.436 0.0000000000
119961  2.772  -12.545  11.279 0.0000000000
119962  2.888  -13.212  11.106 0.0000000000
119963  2.949  -13.909  10.935 0.0000000000
119964  2.901  -13.991  10.464 0.0000000000
119965  2.809  -14.119  9.975 0.0000000000
119966  2.680  -14.240  9.470 0.0000000000
119967  2.548  -14.417  8.981 0.0000000000
119968  2.567  -13.646  9.143 0.0000000000
119969  2.466  -13.075  8.827 0.0000000000
119970  2.373  -12.485  8.523 0.0000000000
119971  2.544  -11.604  9.131 0.0000000000
119972  2.446  -11.734  8.661 0.0000000000
119973  2.329  -11.888  8.185 0.0000000000
119974  2.325  -11.314  7.851 0.0000000000
119975  2.340  -10.744  7.507 0.0000000000
119976  2.361  -10.133  7.163 0.0000000000
120129  2.752  -23.198  15.606 0.0000000000
125248  9.539  -32.860  7.541 0.0000000000
125249  9.932  -33.388  7.358 0.0000000000
125250  9.962  -32.938  7.058 0.0000000000
125251  10.349  -33.098  6.461 0.0000000000
125252  10.782  -33.324  5.874 0.0000000000
125253  10.089  -32.804  5.508 0.0000000000
125254  10.631  -33.190  5.408 0.0000000000
125255  11.249  -33.595  5.310 0.0000000000
125256  11.715  -33.886  4.797 0.0000000000
125257  12.234  -34.156  4.329 0.0000000000
125258  12.844  -34.413  3.876 0.0000000000
125259  13.529  -34.624  3.450 0.0000000000
125260  12.762  -34.371  3.408 0.0000000000
125261  12.656  -34.378  2.907 0.0000000000
125262  12.531  -34.375  2.426 0.0000000000
125263  11.114  -33.711  2.937 0.0000000000
125264  11.757  -34.049  2.432 0.0000000000
125265  12.387  -34.324  1.963 0.0000000000
125269  5.855  -24.203  10.466 0.0000000000
125270  6.110  -24.797  10.312 0.0000000000
125271  5.889  -24.393  9.947 0.0000000000
125272  5.911  -24.584  9.429 0.0000000000
125273  5.899  -24.767  8.872 0.0000000000
125274  5.345  -23.826  8.664 0.0000000000
125275  5.631  -24.399  8.423 0.0000000000
125276  5.909  -24.979  8.270 0.0000000000
125277  5.961  -25.265  7.703 0.0000000000
125278  5.997  -25.507  7.090 0.0000000000
125279  6.064  -25.754  6.465 0.0000000000
125280  4.503  -24.294  2.393 0.0000000000
125281  4.722  -24.636  2.777 0.0000000000
125282  4.901  -24.917  2.185 0.0000000000
125283  5.344  -25.466  1.985 0.0000000000
125284  5.892  -25.958  1.764 0.0000000000
125285  6.020  -25.888  0.892 0.0000000000
125286  6.241  -26.170  1.260 0.0000000000
125287  6.475  -26.459  1.580 0.0000000000
125288  7.080  -27.005  1.441 0.0000000000
125289  7.649  -27.625  1.293 0.0000000000
125290  8.171  -28.317  1.124 0.0000000000
125291  8.679  -29.117  0.933 0.0000000000
125292  8.639  -28.616  0.625 0.0000000000
125293  9.118  -28.894  0.082 0.0000000000
125294  9.575  -29.148  -0.405 0.0000000000
125295  9.002  -27.894  -0.341 0.0000000000
125296  9.523  -28.601  -0.584 0.0000000000
125297  9.996  -29.324  -0.858 0.0000000000
125298  10.428  -29.502  -1.329 0.0000000000
125299  10.865  -29.679  -1.814 0.0000000000
125300  11.263  -29.802  -2.251 0.0000000000
125302  11.246  -29.286  -2.431 0.0000000000
125303  11.254  -28.715  -2.582 0.0000000000
125304  11.247  -28.115  -2.668 0.0000000000
125305  10.344  -27.272  -1.919 0.0000000000
125306  10.803  -27.392  -2.336 0.0000000000
125307  11.244  -27.477  -2.789 0.0000000000
125308  11.151  -26.851  -2.938 0.0000000000
125309  10.987  -26.311  -3.192 0.0000000000
125396  3.027  -9.524  -1.941 0.0000000000
125397  3.193  -9.016  -2.204 0.0000000000
125398  3.306  -9.578  -2.772 0.0000000000
129893  2.052  -18.955  15.662 0.0000000000
129894  2.284  -18.920  15.198 0.0000000000
129895  2.069  -18.225  15.378 0.0000000000
129896  2.109  -17.531  15.052 0.0000000000
129897  2.155  -16.879  14.715 0.0000000000
129898  1.748  -16.269  15.453 0.0000000000
129899  1.962  -16.235  14.905 0.0000000000
129900  2.198  -16.238  14.413 0.0000000000
129901  2.242  -15.613  14.152 0.0000000000
129902  2.288  -14.943  13.881 0.0000000000
129903  2.322  -14.246  13.603 0.0000000000
129906  1.424  -13.585  15.306 0.0000000000
129908  1.424  -12.918  15.015 0.0000000000
129909  1.641  -13.542  14.765 0.0000000000
129910  1.887  -13.597  14.256 0.0000000000
129911  2.114  -13.631  13.775 0.0000000000
129912  2.333  -13.603  13.312 0.0000000000
129913  2.348  -13.005  13.051 0.0000000000
129914  2.343  -12.414  12.771 0.0000000000
129915  2.313  -11.821  12.456 0.0000000000
129917  2.058  -11.195  12.597 0.0000000000
129918  2.235  -11.209  12.100 0.0000000000
129919  2.186  -10.592  11.782 0.0000000000
129920  2.152  -9.974  11.476 0.0000000000
130062  1.775  -19.170  16.637 0.0000000000
130063  1.900  -19.042  16.139 0.0000000000
134701  9.198  -32.385  7.865 0.0000000000
134702  9.185  -31.958  7.444 0.0000000000
134703  9.096  -31.673  7.018 0.0000000000
134704  8.619  -30.916  7.933 0.0000000000
134705  8.795  -31.122  7.281 0.0000000000
134706  8.965  -31.460  6.577 0.0000000000
134707  8.785  -31.288  6.171 0.0000000000
134708  8.592  -31.154  5.716 0.0000000000
134709  8.407  -30.983  5.267 0.0000000000
134710  3.534  -20.882  7.533 0.0000000000
134711  3.808  -21.606  7.346 0.0000000000
134712  3.529  -21.180  6.979 0.0000000000
134713  3.548  -21.498  6.387 0.0000000000
134714  3.594  -21.848  5.783 0.0000000000
134715  3.081  -20.631  5.636 0.0000000000
134716  3.341  -21.400  5.424 0.0000000000
134717  3.654  -22.181  5.183 0.0000000000
134718  3.735  -22.540  4.597 0.0000000000
134719  3.841  -22.849  3.927 0.0000000000
134720  3.974  -23.201  3.294 0.0000000000
134721  2.515  -18.779  4.026 0.0000000000
134722  2.737  -19.607  3.821 0.0000000000
134723  2.984  -20.396  3.582 0.0000000000
134724  3.141  -20.303  2.584 0.0000000000
134725  3.177  -20.750  2.976 0.0000000000
134726  3.243  -21.212  3.387 0.0000000000
134727  3.532  -22.050  3.182 0.0000000000
134728  3.830  -22.819  2.940 0.0000000000
134729  4.140  -23.578  2.668 0.0000000000
134730  4.341  -23.959  2.031 0.0000000000
134731  4.547  -24.278  1.426 0.0000000000
134732  4.802  -24.537  0.857 0.0000000000
134733  4.347  -23.512  0.759 0.0000000000
134734  4.682  -24.175  0.522 0.0000000000
134735  5.098  -24.764  0.313 0.0000000000
134736  5.445  -24.946  -0.177 0.0000000000
134737  5.897  -25.086  -0.645 0.0000000000
134738  6.346  -25.141  -1.081 0.0000000000
134739  6.823  -25.172  -1.465 0.0000000000
134740  6.120  -24.864  -1.463 0.0000000000
134741  5.878  -24.624  -1.862 0.0000000000
134742  5.592  -24.407  -2.282 0.0000000000
134743  4.744  -23.729  -1.719 0.0000000000
134744  4.954  -24.028  -2.233 0.0000000000
134745  5.301  -24.230  -2.709 0.0000000000
134749  3.832  -20.683  -0.981 0.0000000000
134750  3.856  -21.201  -1.598 0.0000000000
134751  3.842  -21.723  -2.198 0.0000000000
134752  3.679  -20.578  -2.353 0.0000000000
134753  3.717  -21.452  -2.566 0.0000000000
134754  3.791  -22.254  -2.772 0.0000000000
134755  3.772  -22.782  -3.336 0.0000000000
141393  5.897  -27.035  12.661 0.0000000000
141396  5.997  -26.211  12.285 0.0000000000
141397  6.044  -25.657  11.986 0.0000000000
141398  6.032  -25.119  11.681 0.0000000000
141399  5.969  -24.552  11.338 0.0000000000
141401  4.932  -23.879  13.196 0.0000000000
141402  5.179  -23.881  12.725 0.0000000000
141403  4.859  -22.699  12.544 0.0000000000
141404  5.130  -23.301  12.396 0.0000000000
141405  5.384  -23.890  12.266 0.0000000000
141406  5.556  -23.911  11.853 0.0000000000
141407  5.714  -23.988  11.440 0.0000000000
141408  5.816  -24.072  10.951 0.0000000000
141409  5.577  -23.622  10.609 0.0000000000
141410  5.305  -23.182  10.251 0.0000000000
141411  5.048  -22.770  9.850 0.0000000000
141412  4.771  -21.960  10.508 0.0000000000
141413  4.762  -22.146  10.021 0.0000000000
141414  4.752  -22.360  9.542 0.0000000000
141415  4.444  -21.937  9.190 0.0000000000
141416  4.128  -21.494  8.823 0.0000000000
141417  3.827  -21.062  8.447 0.0000000000
141418  2.575  -18.912  14.709 0.0000000000
141419  2.827  -18.925  14.275 0.0000000000
141420  3.055  -18.922  13.857 0.0000000000
141421  2.822  -17.575  13.682 0.0000000000
141422  3.021  -18.248  13.557 0.0000000000
141423  3.234  -18.927  13.427 0.0000000000
141424  3.409  -18.950  12.963 0.0000000000
141425  3.582  -18.982  12.448 0.0000000000
141426  3.688  -19.152  12.047 0.0000000000
141427  2.906  -15.023  12.507 0.0000000000
141428  3.037  -15.729  12.347 0.0000000000
141429  3.163  -16.421  12.187 0.0000000000
141430  3.177  -15.838  11.369 0.0000000000
141431  3.240  -16.447  11.705 0.0000000000
141432  3.271  -17.077  12.035 0.0000000000
141433  3.391  -17.797  11.903 0.0000000000
141434  3.559  -18.561  11.751 0.0000000000
141435  3.743  -19.248  11.560 0.0000000000
141436  3.766  -19.337  11.084 0.0000000000
141437  3.764  -19.475  10.670 0.0000000000
141438  3.736  -19.679  10.166 0.0000000000
141439  3.346  -18.422  9.988 0.0000000000
141440  3.494  -19.167  9.824 0.0000000000
141441  3.678  -19.873  9.654 0.0000000000
141442  3.597  -20.082  9.132 0.0000000000
141443  3.566  -20.308  8.618 0.0000000000
141444  3.549  -20.595  8.071 0.0000000000
141445  3.302  -20.167  7.730 0.0000000000
141446  3.069  -19.728  7.392 0.0000000000
141447  2.838  -19.206  7.039 0.0000000000
141448  2.697  -18.082  7.771 0.0000000000
141449  2.658  -18.359  7.229 0.0000000000
141450  2.630  -18.663  6.669 0.0000000000
141451  2.464  -18.144  6.276 0.0000000000
141452  2.327  -17.642  5.870 0.0000000000
141453  2.203  -17.100  5.465 0.0000000000
141454  2.420  -14.614  8.480 0.0000000000
141455  2.301  -14.851  8.001 0.0000000000
141456  2.213  -15.172  7.478 0.0000000000
141457  2.119  -13.739  7.274 0.0000000000
141458  2.116  -14.618  7.092 0.0000000000
141459  2.149  -15.501  6.911 0.0000000000
141460  2.097  -15.819  6.343 0.0000000000
141461  2.099  -16.189  5.684 0.0000000000
141462  2.129  -16.563  5.074 0.0000000000
141463  2.072  -16.039  4.662 0.0000000000
141464  2.028  -15.518  4.233 0.0000000000
141465  1.993  -14.999  3.787 0.0000000000
141466  1.895  -13.639  4.637 0.0000000000
141467  1.909  -14.052  3.986 0.0000000000
141468  1.974  -14.484  3.359 0.0000000000
141469  1.980  -13.976  2.923 0.0000000000
141470  1.988  -13.476  2.503 0.0000000000
141471  1.979  -12.969  2.138 0.0000000000
155130  10.733  -34.248  6.936 0.0000000000
155132  11.821  -34.306  6.030 0.0000000000
155133  11.776  -34.718  6.363 0.0000000000
155141  14.814  -35.688  5.067 0.0000000000
155156  14.217  -34.839  3.042 0.0000000000
155157  14.900  -34.967  2.676 0.0000000000
155158  15.589  -35.072  2.421 0.0000000000
155159  14.643  -34.945  1.689 0.0000000000
155160  15.460  -35.057  1.949 0.0000000000
155178  6.721  -28.384  11.677 0.0000000000
155179  6.861  -29.067  11.541 0.0000000000
155180  7.074  -29.018  11.137 0.0000000000
155181  7.248  -29.016  10.609 0.0000000000
155182  7.427  -28.937  10.010 0.0000000000
155183  6.359  -25.355  10.177 0.0000000000
155184  6.612  -25.941  10.028 0.0000000000
155185  6.808  -26.525  9.899 0.0000000000
155186  6.665  -26.284  8.904 0.0000000000
155187  6.880  -26.704  9.314 0.0000000000
155188  7.026  -27.133  9.778 0.0000000000
155189  7.237  -27.803  9.679 0.0000000000
155190  7.419  -28.348  9.526 0.0000000000
155191  7.604  -28.841  9.350 0.0000000000
155192  7.754  -28.874  8.695 0.0000000000
155193  7.822  -29.075  8.068 0.0000000000
155194  7.878  -29.341  7.468 0.0000000000
155195  7.480  -28.490  7.229 0.0000000000
155196  7.709  -29.098  7.041 0.0000000000
155197  7.927  -29.648  6.833 0.0000000000
155198  7.972  -29.961  6.162 0.0000000000
155199  8.088  -30.358  5.475 0.0000000000
155200  8.255  -30.772  4.818 0.0000000000
155201  4.108  -22.324  7.124 0.0000000000
155202  4.410  -22.988  6.913 0.0000000000
155203  4.741  -23.609  6.718 0.0000000000
155204  4.547  -23.612  5.682 0.0000000000
155205  4.811  -23.917  6.078 0.0000000000
155206  5.087  -24.201  6.475 0.0000000000
155207  5.451  -24.814  6.239 0.0000000000
155208  5.828  -25.443  6.055 0.0000000000
155209  6.168  -26.010  5.826 0.0000000000
155210  4.979  -24.900  3.147 0.0000000000
155211  5.246  -25.138  3.529 0.0000000000
155212  5.536  -25.409  3.909 0.0000000000
155213  6.133  -26.217  3.060 0.0000000000
155214  5.954  -25.958  3.660 0.0000000000
155215  5.818  -25.690  4.307 0.0000000000
155216  6.073  -25.988  4.737 0.0000000000
155217  6.273  -26.265  5.154 0.0000000000
155218  6.472  -26.597  5.579 0.0000000000
155219  6.780  -27.230  5.404 0.0000000000
155220  7.050  -27.831  5.208 0.0000000000
155221  7.307  -28.459  4.966 0.0000000000
155222  7.432  -28.504  3.933 0.0000000000
155223  7.490  -28.812  4.364 0.0000000000
155224  7.583  -29.174  4.773 0.0000000000
155225  7.866  -29.864  4.588 0.0000000000
155226  8.175  -30.548  4.373 0.0000000000
155227  8.507  -31.188  4.175 0.0000000000
155228  8.824  -31.599  3.526 0.0000000000
155229  9.262  -32.025  2.882 0.0000000000
155230  9.767  -32.440  2.292 0.0000000000
155231  9.172  -31.456  2.052 0.0000000000
155232  9.689  -32.146  1.890 0.0000000000
155233  10.266  -32.788  1.735 0.0000000000
155234  10.769  -33.051  1.172 0.0000000000
155235  11.271  -33.234  0.694 0.0000000000
155236  11.884  -33.411  0.258 0.0000000000
155237  9.141  -29.869  0.660 0.0000000000
155238  9.579  -30.579  0.441 0.0000000000
155239  10.051  -31.308  0.262 0.0000000000
155240  10.492  -31.004  -0.551 0.0000000000
155241  10.537  -31.469  -0.240 0.0000000000
155242  10.586  -31.939  0.083 0.0000000000
155243  11.143  -32.518  -0.036 0.0000000000
155244  11.789  -33.051  -0.120 0.0000000000
155245  12.538  -33.567  -0.160 0.0000000000
155282  7.370  -25.208  -1.784 0.0000000000
155283  7.904  -25.202  -2.140 0.0000000000
155284  8.427  -25.261  -2.508 0.0000000000
155285  7.217  -24.853  -3.105 0.0000000000
155286  8.079  -25.049  -2.971 0.0000000000
155287  8.993  -25.336  -2.848 0.0000000000
155288  9.531  -25.412  -3.231 0.0000000000
155407  2.360  -9.607  6.263 0.0000000000
155408  2.230  -9.895  5.729 0.0000000000
155409  2.114  -10.189  5.107 0.0000000000
155410  2.004  -10.546  4.463 0.0000000000
155412  2.114  -9.813  4.175 0.0000000000
155413  1.934  -11.034  3.806 0.0000000000
155414  1.905  -11.479  3.099 0.0000000000
155415  1.922  -11.901  2.440 0.0000000000
155416  1.935  -12.363  1.750 0.0000000000
155495  1.995  -10.639  1.713 0.0000000000
155496  1.929  -11.758  1.346 0.0000000000
155497  2.040  -12.854  1.041 0.0000000000
155498  2.208  -13.358  0.413 0.0000000000
155499  2.429  -13.872  -0.149 0.0000000000
155500  2.719  -14.405  -0.637 0.0000000000
155501  2.524  -12.800  -0.918 0.0000000000
155502  2.751  -13.901  -1.030 0.0000000000
155503  3.011  -14.918  -1.159 0.0000000000
155504  3.254  -15.406  -1.692 0.0000000000
155505  3.435  -15.975  -2.245 0.0000000000
155506  3.518  -16.604  -2.846 0.0000000000
155507  3.022  -10.630  -2.223 0.0000000000
155508  3.085  -11.749  -2.449 0.0000000000
155509  3.210  -12.865  -2.635 0.0000000000
155511  3.385  -13.422  -3.157 0.0000000000
155512  3.347  -13.951  -2.798 0.0000000000
155513  3.467  -15.001  -2.964 0.0000000000
155514  3.510  -16.046  -3.178 0.0000000000
