#!ascii label  , from subject fsaverage vox2ras=TkReg
2113
30  19.216  -81.150  36.372 0.0000000000
130  11.496  -89.522  21.053 0.0000000000
131  14.271  -91.410  6.439 0.0000000000
297  21.848  -84.605  37.416 0.0000000000
298  17.667  -86.915  25.850 0.0000000000
338  15.759  -85.053  5.163 0.0000000000
405  19.494  -70.069  32.140 0.0000000000
550  14.744  -95.670  11.882 0.0000000000
555  19.162  -73.986  20.539 0.0000000000
775  18.448  -78.153  41.870 0.0000000000
777  19.146  -83.896  39.793 0.0000000000
778  14.694  -87.126  36.396 0.0000000000
915  13.130  -67.853  38.078 0.0000000000
1214  13.919  -90.961  15.275 0.0000000000
1223  20.133  -72.236  26.501 0.0000000000
1224  20.966  -65.271  28.135 0.0000000000
1248  25.884  -74.265  34.900 0.0000000000
1249  21.916  -67.229  37.562 0.0000000000
1255  13.177  -86.616  24.200 0.0000000000
1256  17.335  -87.192  19.996 0.0000000000
1257  14.859  -90.756  19.046 0.0000000000
1373  13.343  -96.591  5.620 0.0000000000
1686  24.647  -78.087  39.106 0.0000000000
1687  23.656  -83.662  32.496 0.0000000000
1688  23.810  -85.772  26.850 0.0000000000
1689  19.007  -86.946  31.429 0.0000000000
1760  14.200  -88.390  6.073 0.0000000000
1904  18.515  -75.147  37.557 0.0000000000
1905  20.178  -76.390  32.797 0.0000000000
1906  17.998  -70.064  35.690 0.0000000000
2290  17.760  -99.343  11.083 0.0000000000
2292  12.490  -99.812  11.111 0.0000000000
2293  9.653  -97.931  10.529 0.0000000000
2301  17.458  -77.962  27.530 0.0000000000
2302  13.980  -77.878  22.996 0.0000000000
2339  20.757  -84.057  22.302 0.0000000000
2684  16.119  -83.199  36.053 0.0000000000
2695  19.456  -79.119  40.013 0.0000000000
2696  19.696  -80.622  41.419 0.0000000000
2697  18.656  -82.704  38.419 0.0000000000
2698  16.098  -84.859  38.119 0.0000000000
3134  12.744  -89.606  17.785 0.0000000000
3135  12.460  -89.565  14.386 0.0000000000
3136  11.522  -87.743  17.641 0.0000000000
3143  19.374  -64.432  30.557 0.0000000000
3175  12.287  -88.976  23.468 0.0000000000
3176  13.817  -88.361  20.885 0.0000000000
3177  13.080  -90.627  20.319 0.0000000000
3178  13.891  -91.750  17.497 0.0000000000
3293  13.863  -93.833  6.506 0.0000000000
3295  15.967  -93.006  3.198 0.0000000000
3768  22.508  -82.021  40.382 0.0000000000
3769  23.754  -79.145  41.119 0.0000000000
3772  22.974  -84.550  34.896 0.0000000000
3773  22.398  -86.171  32.039 0.0000000000
3774  20.473  -85.857  34.430 0.0000000000
3893  14.589  -86.803  5.735 0.0000000000
3894  14.050  -88.285  2.750 0.0000000000
3895  13.504  -86.896  2.257 0.0000000000
4184  17.525  -72.952  37.955 0.0000000000
4185  18.277  -72.730  36.269 0.0000000000
4186  17.253  -70.574  37.202 0.0000000000
4188  14.280  -66.793  36.757 0.0000000000
4228  17.424  -74.872  39.261 0.0000000000
5084  16.133  -97.990  12.510 0.0000000000
5085  14.965  -99.843  11.314 0.0000000000
5086  13.281  -97.956  11.747 0.0000000000
5090  9.511  -95.246  10.076 0.0000000000
5107  19.618  -73.349  31.996 0.0000000000
5108  19.387  -77.511  29.885 0.0000000000
5109  19.772  -74.538  29.190 0.0000000000
5110  19.879  -73.430  23.647 0.0000000000
5111  18.060  -76.438  23.800 0.0000000000
5112  16.460  -76.308  21.245 0.0000000000
5205  20.195  -86.013  26.685 0.0000000000
5207  19.285  -85.791  23.997 0.0000000000
6006  21.013  -81.676  41.571 0.0000000000
6007  20.475  -84.463  39.284 0.0000000000
6008  18.736  -86.217  36.970 0.0000000000
6009  17.024  -86.036  38.373 0.0000000000
6795  12.146  -95.636  12.786 0.0000000000
6808  19.007  -66.805  32.570 0.0000000000
6809  20.092  -71.146  29.412 0.0000000000
6810  20.229  -67.651  30.104 0.0000000000
6811  21.071  -68.796  27.302 0.0000000000
6812  21.196  -70.076  24.298 0.0000000000
6854  24.299  -72.469  37.935 0.0000000000
6867  15.436  -86.096  25.375 0.0000000000
6868  17.241  -86.429  22.895 0.0000000000
6869  15.048  -86.704  21.517 0.0000000000
6870  15.929  -88.733  18.735 0.0000000000
6873  15.788  -92.560  17.041 0.0000000000
7774  24.284  -74.068  39.938 0.0000000000
7777  24.007  -81.675  30.279 0.0000000000
7780  21.349  -86.729  29.346 0.0000000000
7781  17.776  -86.833  28.711 0.0000000000
7782  16.691  -86.982  33.902 0.0000000000
7783  15.679  -87.377  30.894 0.0000000000
7784  15.548  -87.085  28.189 0.0000000000
7785  13.165  -85.901  27.761 0.0000000000
7946  14.210  -89.769  6.176 0.0000000000
7947  15.696  -90.761  2.954 0.0000000000
7948  15.008  -89.272  2.966 0.0000000000
8324  19.880  -77.794  37.561 0.0000000000
8325  20.043  -78.959  34.404 0.0000000000
8326  19.775  -75.559  35.371 0.0000000000
8327  19.073  -72.851  34.219 0.0000000000
8328  18.791  -69.791  33.968 0.0000000000
8329  16.215  -68.260  37.209 0.0000000000
8379  17.261  -76.353  40.979 0.0000000000
8380  18.226  -76.845  39.576 0.0000000000
9434  12.275  -101.014  7.855 0.0000000000
9435  10.797  -97.799  12.978 0.0000000000
9436  10.549  -99.415  11.055 0.0000000000
9437  11.197  -99.994  7.586 0.0000000000
9438  10.940  -97.812  7.836 0.0000000000
9439  11.521  -94.985  8.782 0.0000000000
9440  11.187  -92.670  8.486 0.0000000000
9449  10.782  -90.265  8.096 0.0000000000
9455  15.296  -83.530  8.473 0.0000000000
9456  16.001  -81.805  8.361 0.0000000000
9459  18.151  -79.803  31.505 0.0000000000
9460  15.635  -79.786  29.552 0.0000000000
9461  13.677  -79.849  27.623 0.0000000000
9462  18.889  -75.511  26.478 0.0000000000
9463  16.032  -78.617  25.172 0.0000000000
9469  21.738  -66.238  25.361 0.0000000000
9470  21.161  -70.902  21.208 0.0000000000
9578  18.395  -85.582  21.226 0.0000000000
10364  17.720  -82.434  36.013 0.0000000000
10366  17.827  -81.754  34.889 0.0000000000
10375  19.745  -80.078  38.232 0.0000000000
10376  19.448  -80.921  39.132 0.0000000000
10377  18.832  -82.027  37.395 0.0000000000
10378  17.513  -83.181  37.173 0.0000000000
10814  12.127  -89.563  19.399 0.0000000000
10815  12.249  -88.589  17.806 0.0000000000
10816  11.577  -88.674  19.345 0.0000000000
10855  11.805  -89.786  22.587 0.0000000000
10856  12.674  -89.886  21.989 0.0000000000
10857  12.302  -90.308  20.718 0.0000000000
10858  12.746  -90.503  18.954 0.0000000000
10973  14.112  -92.509  6.601 0.0000000000
10974  14.926  -93.419  4.834 0.0000000000
10975  15.172  -92.175  4.956 0.0000000000
11452  22.427  -84.679  36.115 0.0000000000
11453  21.973  -85.411  34.643 0.0000000000
11454  21.161  -85.351  35.978 0.0000000000
11573  15.201  -85.886  5.533 0.0000000000
11574  14.408  -86.856  3.842 0.0000000000
11575  14.926  -85.825  3.497 0.0000000000
11864  17.197  -72.078  38.147 0.0000000000
11865  17.443  -71.809  37.461 0.0000000000
11866  17.033  -70.966  37.852 0.0000000000
12764  15.574  -96.838  12.087 0.0000000000
12765  14.723  -97.943  11.851 0.0000000000
12766  14.002  -96.832  11.769 0.0000000000
12787  19.466  -71.765  32.041 0.0000000000
12788  19.854  -73.967  30.607 0.0000000000
12789  19.725  -72.319  30.582 0.0000000000
12790  19.618  -73.946  22.025 0.0000000000
12791  18.531  -75.328  22.064 0.0000000000
12792  17.907  -75.229  20.751 0.0000000000
12885  18.705  -86.501  26.247 0.0000000000
12886  19.718  -85.890  25.281 0.0000000000
12887  18.689  -86.566  24.829 0.0000000000
12895  15.785  -94.978  12.473 0.0000000000
12898  16.949  -97.476  13.182 0.0000000000
13848  19.669  -82.254  40.545 0.0000000000
13849  20.374  -81.265  41.676 0.0000000000
13850  20.237  -82.776  40.722 0.0000000000
13851  20.904  -83.156  40.439 0.0000000000
13852  19.710  -84.246  39.715 0.0000000000
13853  18.843  -85.387  38.842 0.0000000000
13854  18.169  -85.029  39.081 0.0000000000
15164  14.296  -92.087  14.126 0.0000000000
15165  13.172  -93.162  13.332 0.0000000000
15166  13.349  -91.756  13.919 0.0000000000
15187  18.372  -65.421  32.576 0.0000000000
15188  19.631  -67.205  31.376 0.0000000000
15189  19.162  -65.571  31.627 0.0000000000
15190  20.215  -64.799  29.372 0.0000000000
15191  20.691  -66.514  29.103 0.0000000000
15192  21.201  -66.980  27.800 0.0000000000
15193  21.202  -69.452  25.735 0.0000000000
15194  21.479  -67.548  26.341 0.0000000000
15263  25.271  -73.389  36.390 0.0000000000
15265  25.238  -72.252  35.411 0.0000000000
15285  14.239  -85.960  24.885 0.0000000000
15286  15.137  -86.063  23.555 0.0000000000
15287  14.023  -86.599  22.884 0.0000000000
15288  14.388  -89.530  19.916 0.0000000000
15289  14.752  -88.491  19.645 0.0000000000
15290  15.388  -89.709  18.861 0.0000000000
15291  16.685  -89.905  18.217 0.0000000000
15292  15.986  -90.938  18.310 0.0000000000
15293  16.558  -91.934  17.774 0.0000000000
15294  15.289  -91.867  18.139 0.0000000000
15295  13.819  -91.285  16.480 0.0000000000
15296  14.505  -92.123  16.299 0.0000000000
15297  14.524  -91.865  15.262 0.0000000000
15298  14.989  -92.579  13.977 0.0000000000
15638  13.073  -97.873  5.200 0.0000000000
17066  24.273  -78.621  40.158 0.0000000000
17067  23.924  -77.419  41.652 0.0000000000
17068  24.411  -76.703  40.756 0.0000000000
17070  24.730  -76.006  39.614 0.0000000000
17071  24.922  -75.234  38.516 0.0000000000
17073  23.771  -82.287  34.280 0.0000000000
17075  23.843  -81.528  33.114 0.0000000000
17076  23.892  -80.475  32.007 0.0000000000
17077  23.729  -82.854  31.402 0.0000000000
17078  24.301  -83.787  30.138 0.0000000000
17079  23.910  -84.703  31.302 0.0000000000
17080  20.796  -86.641  31.744 0.0000000000
17081  21.866  -86.730  30.718 0.0000000000
17082  20.160  -86.922  30.389 0.0000000000
17083  19.554  -86.668  29.027 0.0000000000
17084  18.329  -86.992  30.116 0.0000000000
17085  16.706  -86.873  36.647 0.0000000000
17086  17.638  -86.737  35.460 0.0000000000
17090  14.409  -87.321  30.733 0.0000000000
17091  15.506  -87.327  29.486 0.0000000000
17092  14.490  -86.965  29.440 0.0000000000
17093  14.506  -86.449  28.094 0.0000000000
17438  14.164  -88.995  6.195 0.0000000000
17439  15.060  -89.523  4.606 0.0000000000
17440  14.783  -88.792  4.506 0.0000000000
18314  19.276  -76.394  37.640 0.0000000000
18315  19.899  -76.765  36.399 0.0000000000
18316  19.205  -75.299  36.593 0.0000000000
18317  18.157  -71.484  35.860 0.0000000000
18318  18.759  -72.769  35.280 0.0000000000
18319  18.608  -71.421  34.932 0.0000000000
18320  18.917  -71.370  33.991 0.0000000000
18321  18.435  -69.918  34.866 0.0000000000
18322  14.099  -68.472  38.449 0.0000000000
18323  15.749  -68.715  37.901 0.0000000000
18324  14.752  -67.993  37.779 0.0000000000
18445  17.912  -74.965  38.501 0.0000000000
18446  17.731  -75.796  39.285 0.0000000000
18447  18.388  -76.041  38.534 0.0000000000
18448  19.078  -77.174  38.880 0.0000000000
21017  13.758  -99.925  11.118 0.0000000000
21018  14.745  -100.637  10.087 0.0000000000
21019  13.384  -100.719  9.904 0.0000000000
21020  13.207  -101.173  8.186 0.0000000000
21021  12.259  -100.540  9.714 0.0000000000
21022  11.168  -95.415  13.474 0.0000000000
21023  11.438  -96.770  13.008 0.0000000000
21024  10.322  -96.566  13.524 0.0000000000
21027  9.859  -98.860  10.873 0.0000000000
21028  10.783  -99.879  9.430 0.0000000000
21029  10.338  -99.178  9.312 0.0000000000
21030  11.017  -99.006  7.651 0.0000000000
21031  10.166  -98.004  9.264 0.0000000000
21032  9.232  -94.039  9.583 0.0000000000
21033  10.539  -95.039  9.360 0.0000000000
21034  10.226  -93.777  9.137 0.0000000000
21035  11.481  -93.726  8.818 0.0000000000
21075  15.756  -82.713  8.425 0.0000000000
21082  20.236  -77.702  33.507 0.0000000000
21083  19.262  -79.651  32.732 0.0000000000
21084  19.768  -78.344  31.956 0.0000000000
21085  18.350  -77.741  28.633 0.0000000000
21086  17.621  -78.735  29.482 0.0000000000
21087  16.639  -78.884  28.450 0.0000000000
21089  15.801  -79.248  27.478 0.0000000000
21090  20.169  -71.580  27.984 0.0000000000
21091  19.712  -73.329  27.852 0.0000000000
21092  19.557  -73.965  26.398 0.0000000000
21093  16.167  -77.707  23.108 0.0000000000
21094  17.054  -77.631  24.374 0.0000000000
21095  15.003  -78.437  23.975 0.0000000000
21096  13.826  -78.980  25.190 0.0000000000
21108  22.118  -64.776  24.539 0.0000000000
21109  21.631  -64.431  25.796 0.0000000000
21110  22.035  -66.764  23.869 0.0000000000
21111  21.729  -68.614  23.331 0.0000000000
21316  21.861  -68.297  38.259 0.0000000000
21378  21.549  -84.318  23.530 0.0000000000
21382  21.625  -83.216  21.290 0.0000000000
21383  17.088  -86.502  21.393 0.0000000000
21384  18.030  -86.104  22.239 0.0000000000
21385  17.913  -86.351  20.717 0.0000000000
22456  15.409  -90.580  1.193 0.0000000000
22457  16.080  -91.399  1.205 0.0000000000
23283  18.890  -78.541  41.163 0.0000000000
23284  19.291  -79.291  42.014 0.0000000000
23285  19.450  -79.908  40.854 0.0000000000
23286  19.441  -81.596  39.994 0.0000000000
23287  18.699  -83.313  39.413 0.0000000000
23288  17.749  -84.518  38.956 0.0000000000
23289  17.528  -83.904  38.225 0.0000000000
23290  16.074  -84.005  37.348 0.0000000000
24074  13.377  -90.062  16.370 0.0000000000
24075  13.376  -90.180  14.734 0.0000000000
24076  12.968  -88.970  16.037 0.0000000000
24147  12.667  -87.758  23.747 0.0000000000
24148  13.397  -87.590  22.470 0.0000000000
24149  13.035  -88.688  22.302 0.0000000000
24150  13.488  -89.583  21.039 0.0000000000
24151  13.928  -90.680  19.845 0.0000000000
24152  14.298  -91.699  18.632 0.0000000000
24153  13.423  -91.254  18.832 0.0000000000
24154  13.223  -90.764  17.534 0.0000000000
24359  13.556  -95.268  6.087 0.0000000000
24363  17.089  -93.395  1.682 0.0000000000
25214  22.398  -80.688  41.608 0.0000000000
25215  22.989  -79.331  42.008 0.0000000000
25216  23.206  -80.641  40.742 0.0000000000
25221  23.588  -82.846  35.448 0.0000000000
25222  23.388  -84.163  33.693 0.0000000000
25223  23.415  -85.179  32.309 0.0000000000
25224  22.719  -85.372  33.430 0.0000000000
25225  21.416  -86.007  33.184 0.0000000000
25226  19.727  -86.431  32.869 0.0000000000
25439  14.211  -87.770  5.848 0.0000000000
25440  14.466  -88.345  4.369 0.0000000000
25441  14.223  -87.837  4.121 0.0000000000
25442  13.576  -87.852  2.551 0.0000000000
25964  17.956  -73.997  37.743 0.0000000000
25965  18.436  -73.978  36.848 0.0000000000
25966  17.879  -72.852  37.205 0.0000000000
25967  17.698  -71.615  36.658 0.0000000000
25968  17.500  -70.252  36.475 0.0000000000
25970  13.701  -67.316  37.443 0.0000000000
25971  12.699  -66.692  36.954 0.0000000000
26042  17.064  -74.828  39.912 0.0000000000
26043  17.185  -73.959  39.246 0.0000000000
26044  17.532  -73.957  38.573 0.0000000000
27584  16.797  -98.943  12.385 0.0000000000
27585  16.360  -99.628  11.307 0.0000000000
27586  15.473  -98.950  11.937 0.0000000000
27587  14.132  -98.977  11.602 0.0000000000
27588  12.805  -98.981  11.735 0.0000000000
27594  9.623  -96.672  10.356 0.0000000000
27625  19.985  -74.829  32.283 0.0000000000
27626  19.960  -77.034  31.271 0.0000000000
27627  20.018  -75.570  30.776 0.0000000000
27628  19.661  -76.145  29.374 0.0000000000
27629  18.957  -76.517  28.094 0.0000000000
27630  20.086  -72.910  25.067 0.0000000000
27631  19.353  -74.608  24.950 0.0000000000
27632  19.014  -75.064  23.545 0.0000000000
27633  17.348  -76.593  22.494 0.0000000000
27634  15.109  -77.216  22.007 0.0000000000
27635  13.150  -77.024  22.110 0.0000000000
27636  14.365  -76.386  21.143 0.0000000000
27637  13.692  -75.106  20.746 0.0000000000
27638  13.335  -73.675  20.616 0.0000000000
27642  22.044  -63.031  24.878 0.0000000000
27801  22.056  -85.973  26.800 0.0000000000
27803  21.421  -85.541  25.653 0.0000000000
27804  20.623  -85.147  24.466 0.0000000000
27805  19.980  -84.919  23.133 0.0000000000
27806  17.883  -87.992  18.941 0.0000000000
27807  18.359  -87.121  19.609 0.0000000000
27826  17.653  -98.474  13.034 0.0000000000
29374  21.546  -80.559  42.172 0.0000000000
29375  21.718  -82.000  41.052 0.0000000000
29376  21.608  -83.303  39.898 0.0000000000
29377  21.210  -84.570  38.519 0.0000000000
29378  20.431  -85.417  37.226 0.0000000000
29379  19.626  -85.523  38.167 0.0000000000
29380  17.880  -86.257  37.832 0.0000000000
29381  15.796  -86.743  37.529 0.0000000000
29382  16.456  -85.565  38.523 0.0000000000
29383  15.061  -86.303  38.029 0.0000000000
29384  13.785  -86.766  37.314 0.0000000000
29546  16.099  -84.174  4.883 0.0000000000
29547  15.324  -84.889  3.226 0.0000000000
31214  14.207  -94.408  12.265 0.0000000000
31215  13.264  -95.698  12.075 0.0000000000
31216  13.066  -94.442  12.691 0.0000000000
31217  12.040  -94.307  13.355 0.0000000000
31219  12.334  -91.296  13.741 0.0000000000
31246  19.352  -68.317  32.312 0.0000000000
31247  19.845  -70.576  30.823 0.0000000000
31248  19.795  -68.859  31.087 0.0000000000
31249  20.270  -69.411  29.749 0.0000000000
31250  20.520  -69.929  28.343 0.0000000000
31251  19.967  -65.943  30.436 0.0000000000
31252  20.724  -68.196  28.762 0.0000000000
31253  20.629  -70.527  26.860 0.0000000000
31254  20.680  -71.229  25.297 0.0000000000
31255  20.615  -71.833  23.825 0.0000000000
31256  20.477  -72.381  22.307 0.0000000000
31357  25.139  -71.010  34.538 0.0000000000
31383  16.523  -86.646  25.592 0.0000000000
31384  17.537  -86.658  24.344 0.0000000000
31385  16.303  -86.209  23.948 0.0000000000
31386  16.121  -86.317  22.233 0.0000000000
31387  16.190  -86.967  20.505 0.0000000000
31388  14.250  -87.494  21.055 0.0000000000
31389  15.339  -87.671  19.858 0.0000000000
31390  16.626  -87.857  19.148 0.0000000000
31391  17.245  -88.784  18.407 0.0000000000
31394  19.414  -92.245  18.526 0.0000000000
31398  14.744  -92.346  17.279 0.0000000000
33584  10.741  -89.279  22.824 0.0000000000
33585  10.734  -88.655  21.029 0.0000000000
33713  23.241  -77.849  42.458 0.0000000000
33719  24.329  -73.287  38.923 0.0000000000
33720  25.183  -74.331  37.448 0.0000000000
33721  25.645  -75.317  35.943 0.0000000000
33727  24.147  -80.284  29.319 0.0000000000
33728  24.583  -80.853  28.090 0.0000000000
33729  24.475  -82.394  28.999 0.0000000000
33730  24.784  -84.358  28.733 0.0000000000
33732  23.266  -86.073  31.008 0.0000000000
33733  22.964  -86.493  29.595 0.0000000000
33734  22.569  -86.407  28.174 0.0000000000
33735  20.824  -86.364  27.945 0.0000000000
33736  18.890  -86.376  27.573 0.0000000000
33737  17.596  -86.906  27.272 0.0000000000
33738  19.522  -86.008  35.739 0.0000000000
33739  18.587  -86.491  34.149 0.0000000000
33740  17.831  -86.808  32.599 0.0000000000
33742  16.030  -87.193  32.415 0.0000000000
33743  17.256  -87.164  31.226 0.0000000000
33744  16.691  -87.290  29.792 0.0000000000
33745  16.526  -87.292  28.407 0.0000000000
33746  16.519  -87.130  26.987 0.0000000000
33747  15.609  -86.622  26.799 0.0000000000
33748  14.454  -86.010  26.576 0.0000000000
33749  13.150  -85.989  26.020 0.0000000000
33752  12.211  -86.876  25.282 0.0000000000
33754  11.366  -89.223  24.205 0.0000000000
34184  14.271  -90.507  6.285 0.0000000000
34185  15.314  -91.028  4.822 0.0000000000
34186  15.237  -90.224  4.759 0.0000000000
34187  15.394  -89.969  3.029 0.0000000000
34188  14.903  -89.907  1.235 0.0000000000
34189  14.564  -88.703  2.911 0.0000000000
35264  19.992  -79.537  37.067 0.0000000000
35265  19.611  -80.226  35.321 0.0000000000
35266  20.224  -78.393  35.980 0.0000000000
35267  20.256  -77.255  34.962 0.0000000000
35268  20.039  -75.974  34.104 0.0000000000
35269  19.020  -74.051  35.794 0.0000000000
35270  19.471  -74.263  34.677 0.0000000000
35271  19.738  -74.556  33.505 0.0000000000
35272  19.388  -73.084  33.137 0.0000000000
35273  19.161  -71.512  33.025 0.0000000000
35274  19.118  -69.883  33.119 0.0000000000
35275  16.528  -69.761  37.861 0.0000000000
35276  16.851  -69.346  37.145 0.0000000000
35278  15.280  -67.528  37.063 0.0000000000
35281  18.090  -68.386  34.943 0.0000000000
35282  18.533  -68.229  34.126 0.0000000000
35283  18.929  -68.206  33.267 0.0000000000
35284  18.426  -66.827  33.398 0.0000000000
35422  17.330  -76.818  42.005 0.0000000000
35423  17.845  -77.302  41.392 0.0000000000
35424  17.371  -75.719  40.095 0.0000000000
35425  17.735  -76.622  40.296 0.0000000000
35426  18.213  -77.589  40.739 0.0000000000
35427  18.877  -77.873  40.040 0.0000000000
35428  19.662  -78.421  38.866 0.0000000000
38535  16.070  -100.295  10.155 0.0000000000
38541  12.625  -96.881  12.281 0.0000000000
38542  11.994  -97.889  12.371 0.0000000000
38543  11.602  -98.910  12.199 0.0000000000
38545  10.483  -98.704  12.495 0.0000000000
38546  11.388  -99.707  11.332 0.0000000000
38547  11.393  -100.297  9.568 0.0000000000
38548  11.511  -100.653  7.726 0.0000000000
38549  12.064  -100.479  5.864 0.0000000000
38550  11.919  -99.677  5.960 0.0000000000
38551  11.904  -98.555  6.162 0.0000000000
38552  12.040  -97.350  6.538 0.0000000000
38553  10.357  -96.581  9.345 0.0000000000
38554  11.309  -96.421  8.351 0.0000000000
38555  12.366  -95.960  7.194 0.0000000000
38556  12.694  -94.688  7.788 0.0000000000
38557  12.837  -93.362  7.935 0.0000000000
38558  12.854  -92.073  7.706 0.0000000000
38559  10.872  -87.840  19.361 0.0000000000
38560  10.489  -87.220  17.622 0.0000000000
38584  10.936  -91.536  8.199 0.0000000000
38585  12.738  -90.984  7.467 0.0000000000
38586  12.705  -89.948  7.496 0.0000000000
38587  12.802  -89.128  7.451 0.0000000000
38588  12.922  -88.377  7.431 0.0000000000
38591  13.188  -87.730  7.404 0.0000000000
38592  13.776  -86.852  7.429 0.0000000000
38593  14.539  -85.954  7.328 0.0000000000
38594  15.194  -85.143  7.129 0.0000000000
38602  14.576  -84.220  8.526 0.0000000000
38603  15.728  -84.382  6.893 0.0000000000
38613  18.511  -80.766  33.782 0.0000000000
38616  18.842  -78.691  30.604 0.0000000000
38617  16.855  -79.698  30.519 0.0000000000
38622  19.868  -72.785  29.211 0.0000000000
38623  19.388  -75.115  27.799 0.0000000000
38624  18.219  -76.798  26.840 0.0000000000
38625  18.536  -76.014  25.138 0.0000000000
38626  17.672  -77.249  25.624 0.0000000000
38627  16.789  -78.312  26.441 0.0000000000
38628  14.891  -79.318  26.316 0.0000000000
38629  12.703  -79.271  26.511 0.0000000000
38644  21.147  -64.047  27.005 0.0000000000
38645  21.456  -65.726  26.760 0.0000000000
38646  21.575  -68.116  24.845 0.0000000000
38647  21.187  -70.660  22.724 0.0000000000
38648  20.280  -72.547  20.751 0.0000000000
38972  18.420  -86.389  23.533 0.0000000000
38973  18.808  -85.668  22.580 0.0000000000
38974  19.361  -84.819  21.723 0.0000000000
38975  18.571  -86.128  19.993 0.0000000000
38976  19.100  -85.066  20.378 0.0000000000
38977  20.167  -84.085  20.931 0.0000000000
40261  15.836  -91.763  3.070 0.0000000000
40262  16.789  -92.285  1.485 0.0000000000
40263  17.495  -92.555  -0.145 0.0000000000
41084  18.464  -81.846  36.140 0.0000000000
41085  17.750  -82.095  35.432 0.0000000000
41086  18.523  -81.537  35.577 0.0000000000
41095  19.574  -80.646  37.286 0.0000000000
41096  19.424  -81.109  37.775 0.0000000000
41097  19.009  -81.609  36.853 0.0000000000
41098  18.295  -82.278  36.691 0.0000000000
41534  11.822  -89.559  20.228 0.0000000000
41535  11.842  -89.103  19.371 0.0000000000
41536  11.514  -89.111  20.163 0.0000000000
41575  11.614  -89.753  21.818 0.0000000000
41576  12.055  -90.052  21.636 0.0000000000
41577  11.900  -89.955  20.872 0.0000000000
41578  12.192  -90.015  20.008 0.0000000000
41693  14.241  -91.963  6.494 0.0000000000
41694  14.701  -92.342  5.798 0.0000000000
41695  14.784  -91.789  5.726 0.0000000000
42168  22.140  -84.005  38.268 0.0000000000
42170  22.505  -83.964  37.724 0.0000000000
42171  22.670  -84.038  37.011 0.0000000000
42172  22.167  -84.633  36.795 0.0000000000
42173  21.835  -85.019  36.051 0.0000000000
42174  21.513  -85.002  36.729 0.0000000000
42293  15.519  -85.495  5.289 0.0000000000
42294  15.176  -85.882  4.531 0.0000000000
42295  15.431  -85.455  4.292 0.0000000000
42584  16.989  -71.731  38.336 0.0000000000
42585  17.105  -71.549  37.983 0.0000000000
42586  16.834  -71.169  38.205 0.0000000000
43484  15.172  -96.256  11.897 0.0000000000
43485  14.815  -96.827  11.819 0.0000000000
43486  14.381  -96.274  11.710 0.0000000000
43507  19.496  -70.945  32.052 0.0000000000
43508  19.615  -72.024  31.319 0.0000000000
43509  19.632  -71.186  31.383 0.0000000000
43510  19.419  -73.986  21.279 0.0000000000
43511  18.882  -74.677  21.277 0.0000000000
43512  18.571  -74.648  20.610 0.0000000000
43605  18.203  -86.829  26.105 0.0000000000
43606  18.769  -86.696  25.548 0.0000000000
43607  18.228  -86.792  25.318 0.0000000000
43608  19.710  -90.567  18.291 0.0000000000
43609  19.944  -90.038  18.319 0.0000000000
43615  15.236  -95.281  12.083 0.0000000000
43617  15.650  -95.926  12.180 0.0000000000
43618  16.000  -96.535  12.393 0.0000000000
44565  18.206  -77.920  42.216 0.0000000000
44567  18.697  -78.439  42.407 0.0000000000
44568  19.437  -83.100  40.186 0.0000000000
44569  19.931  -82.561  40.695 0.0000000000
44570  19.728  -83.339  40.250 0.0000000000
44571  20.049  -83.545  40.213 0.0000000000
44572  19.396  -84.124  39.806 0.0000000000
44573  18.948  -84.673  39.409 0.0000000000
44574  18.667  -84.480  39.428 0.0000000000
45884  14.093  -91.527  14.732 0.0000000000
45885  13.846  -91.985  14.024 0.0000000000
45886  13.783  -91.297  14.494 0.0000000000
45908  18.773  -65.480  32.130 0.0000000000
45909  18.415  -64.831  32.085 0.0000000000
45910  20.605  -65.020  28.786 0.0000000000
45911  20.832  -65.822  28.676 0.0000000000
45912  21.121  -66.110  27.978 0.0000000000
45913  21.369  -67.247  27.089 0.0000000000
45914  21.362  -66.372  27.284 0.0000000000
45983  25.651  -73.790  35.639 0.0000000000
45984  25.268  -72.822  35.900 0.0000000000
45985  25.680  -73.216  35.146 0.0000000000
46005  13.599  -86.212  24.521 0.0000000000
46006  14.039  -86.244  23.881 0.0000000000
46007  13.561  -86.611  23.556 0.0000000000
46008  14.622  -90.142  19.455 0.0000000000
46009  14.858  -89.600  19.369 0.0000000000
46010  15.135  -90.194  19.004 0.0000000000
46011  15.683  -90.313  18.568 0.0000000000
46012  15.393  -90.834  18.654 0.0000000000
46013  15.607  -91.446  18.332 0.0000000000
46014  15.060  -91.383  18.651 0.0000000000
46015  13.881  -91.057  15.898 0.0000000000
46358  13.187  -97.234  5.412 0.0000000000
46360  13.899  -97.006  4.980 0.0000000000
47786  24.461  -78.405  39.662 0.0000000000
47787  24.359  -77.682  40.457 0.0000000000
47788  24.551  -77.407  39.957 0.0000000000
47789  24.581  -76.371  40.196 0.0000000000
47790  24.719  -77.055  39.359 0.0000000000
47791  24.909  -76.653  38.813 0.0000000000
47792  24.822  -77.693  38.582 0.0000000000
47793  23.607  -82.987  33.394 0.0000000000
47794  23.804  -81.940  33.716 0.0000000000
47795  23.661  -82.643  32.815 0.0000000000
47796  23.712  -82.202  32.227 0.0000000000
47797  23.663  -83.311  31.940 0.0000000000
47798  23.881  -83.833  31.359 0.0000000000
47799  23.760  -84.203  31.905 0.0000000000
47800  19.892  -86.827  31.569 0.0000000000
47801  20.493  -86.826  31.111 0.0000000000
47802  19.564  -86.966  30.888 0.0000000000
47803  19.237  -86.955  30.220 0.0000000000
47804  18.657  -87.052  30.760 0.0000000000
47805  15.699  -87.058  36.506 0.0000000000
47806  16.161  -87.070  35.945 0.0000000000
47811  14.459  -87.228  30.011 0.0000000000
47812  13.828  -86.956  30.018 0.0000000000
47813  13.849  -86.696  29.410 0.0000000000
47814  13.176  -86.709  29.967 0.0000000000
48158  14.196  -88.692  6.092 0.0000000000
48159  14.565  -88.910  5.354 0.0000000000
48160  14.501  -88.611  5.280 0.0000000000
49034  18.920  -75.752  37.620 0.0000000000
49035  19.263  -75.858  37.093 0.0000000000
49036  18.896  -75.193  37.132 0.0000000000
49037  18.099  -70.764  35.744 0.0000000000
49038  18.411  -71.455  35.426 0.0000000000
49039  18.357  -70.756  35.325 0.0000000000
49040  18.560  -70.684  34.870 0.0000000000
49041  18.260  -70.004  35.256 0.0000000000
49042  13.625  -68.166  38.286 0.0000000000
49043  14.447  -68.196  38.130 0.0000000000
49044  13.941  -67.902  37.957 0.0000000000
49165  18.202  -75.046  38.048 0.0000000000
49166  18.137  -75.520  38.478 0.0000000000
49167  18.459  -75.611  38.023 0.0000000000
49168  18.853  -76.205  38.095 0.0000000000
51736  17.599  -99.655  10.562 0.0000000000
51737  13.108  -99.877  11.103 0.0000000000
51738  13.571  -100.326  10.658 0.0000000000
51739  12.933  -100.278  10.510 0.0000000000
51740  12.781  -100.710  9.762 0.0000000000
51741  12.356  -100.224  10.510 0.0000000000
51742  10.635  -95.225  13.761 0.0000000000
51743  10.722  -95.969  13.519 0.0000000000
51744  10.206  -95.819  13.780 0.0000000000
51745  9.322  -97.831  11.158 0.0000000000
51746  9.418  -98.233  11.438 0.0000000000
51747  9.715  -98.454  10.706 0.0000000000
51748  10.084  -99.111  10.124 0.0000000000
51749  9.937  -98.600  10.011 0.0000000000
51750  10.211  -98.619  9.285 0.0000000000
51751  9.883  -98.045  9.903 0.0000000000
51753  9.691  -93.883  9.293 0.0000000000
51802  20.240  -77.081  33.155 0.0000000000
51803  20.044  -78.076  32.708 0.0000000000
51804  20.123  -77.383  32.372 0.0000000000
51805  17.844  -77.811  28.045 0.0000000000
51806  17.495  -78.313  28.495 0.0000000000
51807  17.063  -78.441  27.959 0.0000000000
51808  16.203  -79.066  27.960 0.0000000000
51809  16.687  -78.627  27.453 0.0000000000
51810  20.156  -71.882  27.263 0.0000000000
51811  19.920  -72.756  27.156 0.0000000000
51812  19.866  -73.134  26.422 0.0000000000
51813  15.062  -77.931  22.962 0.0000000000
51814  15.587  -78.115  23.514 0.0000000000
51815  14.514  -78.190  23.455 0.0000000000
51816  13.951  -78.438  24.044 0.0000000000
51817  13.470  -78.097  23.575 0.0000000000
51828  22.267  -65.992  23.557 0.0000000000
51829  22.072  -65.750  24.225 0.0000000000
51830  22.151  -66.962  23.202 0.0000000000
51831  22.011  -67.915  22.880 0.0000000000
52036  21.890  -67.754  37.915 0.0000000000
52038  21.531  -67.137  38.405 0.0000000000
52098  21.144  -84.142  22.952 0.0000000000
52099  22.009  -83.863  23.004 0.0000000000
52100  21.569  -83.731  22.473 0.0000000000
52101  22.014  -83.291  21.941 0.0000000000
52102  21.177  -83.626  21.827 0.0000000000
52103  17.156  -86.788  20.650 0.0000000000
52104  17.554  -86.426  21.069 0.0000000000
52105  17.639  -86.790  20.378 0.0000000000
52125  17.848  -94.119  16.459 0.0000000000
52135  18.150  -99.131  11.459 0.0000000000
53176  15.070  -90.567  0.393 0.0000000000
53177  15.487  -90.920  0.315 0.0000000000
54165  19.158  -78.784  40.625 0.0000000000
54166  19.257  -79.183  41.102 0.0000000000
54167  19.450  -79.550  40.483 0.0000000000
54168  19.155  -81.857  38.715 0.0000000000
54169  19.403  -81.279  39.580 0.0000000000
54170  19.134  -82.186  39.212 0.0000000000
54171  19.157  -82.472  39.686 0.0000000000
54172  18.658  -83.019  39.026 0.0000000000
54173  18.149  -83.647  38.832 0.0000000000
54174  18.120  -83.325  38.324 0.0000000000
54175  16.833  -83.254  36.601 0.0000000000
54176  16.824  -83.628  37.217 0.0000000000
54177  16.096  -83.621  36.725 0.0000000000
55484  13.046  -89.772  17.043 0.0000000000
55485  13.209  -89.504  16.186 0.0000000000
55486  12.884  -89.219  16.919 0.0000000000
55487  11.939  -88.115  17.735 0.0000000000
55488  12.259  -88.300  16.830 0.0000000000
55489  11.815  -87.876  16.727 0.0000000000
55491  11.326  -87.551  16.755 0.0000000000
55605  12.493  -88.319  23.600 0.0000000000
55606  12.862  -88.210  23.027 0.0000000000
55607  12.670  -88.820  22.931 0.0000000000
55608  12.894  -90.278  21.158 0.0000000000
55609  13.105  -89.751  21.590 0.0000000000
55610  13.296  -90.165  20.814 0.0000000000
55611  13.723  -90.099  20.421 0.0000000000
55612  13.486  -90.611  20.126 0.0000000000
55613  13.665  -91.140  19.457 0.0000000000
55614  13.228  -90.944  19.551 0.0000000000
55615  12.714  -90.070  18.341 0.0000000000
55616  12.944  -90.586  18.166 0.0000000000
55617  12.988  -90.197  17.625 0.0000000000
55618  13.270  -90.396  16.972 0.0000000000
55958  13.687  -94.560  6.335 0.0000000000
55959  14.103  -95.032  5.348 0.0000000000
55960  14.229  -94.296  5.548 0.0000000000
55961  15.443  -93.265  4.007 0.0000000000
55963  16.047  -93.627  3.263 0.0000000000
57383  22.437  -81.363  41.014 0.0000000000
57384  22.808  -80.690  41.176 0.0000000000
57385  22.862  -81.349  40.571 0.0000000000
57393  23.072  -83.902  35.784 0.0000000000
57394  23.466  -83.063  36.088 0.0000000000
57395  23.281  -83.765  35.144 0.0000000000
57396  23.421  -83.593  34.505 0.0000000000
57397  23.202  -84.403  34.287 0.0000000000
57398  23.128  -84.865  33.554 0.0000000000
57399  22.827  -84.958  34.149 0.0000000000
57400  21.259  -85.610  34.585 0.0000000000
57401  21.707  -85.669  33.959 0.0000000000
57402  20.926  -85.901  33.831 0.0000000000
57403  20.608  -86.239  33.024 0.0000000000
57404  20.110  -86.166  33.645 0.0000000000
57758  14.351  -87.315  5.773 0.0000000000
57759  14.358  -87.829  5.024 0.0000000000
57760  14.471  -87.352  4.902 0.0000000000
57761  13.984  -86.865  3.002 0.0000000000
57762  13.918  -87.417  3.187 0.0000000000
57763  13.418  -87.433  2.429 0.0000000000
58634  17.721  -73.474  37.869 0.0000000000
58635  17.924  -73.423  37.486 0.0000000000
58636  17.699  -72.886  37.588 0.0000000000
58637  17.401  -71.233  37.276 0.0000000000
58638  17.586  -71.723  37.072 0.0000000000
58639  17.487  -71.085  36.909 0.0000000000
58640  17.626  -70.958  36.512 0.0000000000
58641  17.361  -70.418  36.826 0.0000000000
58643  12.400  -67.007  37.278 0.0000000000
58765  17.392  -72.980  38.298 0.0000000000
58767  17.523  -73.459  38.262 0.0000000000
58768  17.711  -73.960  38.204 0.0000000000
61334  16.419  -98.495  12.535 0.0000000000
61335  16.111  -98.934  12.162 0.0000000000
61336  15.758  -98.486  12.237 0.0000000000
61337  13.976  -97.940  11.674 0.0000000000
61338  14.349  -98.497  11.729 0.0000000000
61339  13.654  -98.476  11.648 0.0000000000
61340  13.401  -98.983  11.587 0.0000000000
61341  12.986  -98.469  11.734 0.0000000000
61402  19.797  -74.097  32.076 0.0000000000
61403  20.022  -75.246  31.528 0.0000000000
61404  19.904  -74.453  31.371 0.0000000000
61405  19.855  -74.266  29.864 0.0000000000
61406  19.901  -75.095  29.973 0.0000000000
61407  19.731  -75.367  29.247 0.0000000000
61408  19.337  -76.331  28.723 0.0000000000
61409  19.468  -75.618  28.576 0.0000000000
61410  20.020  -73.170  24.378 0.0000000000
61411  19.643  -74.059  24.305 0.0000000000
61412  19.468  -74.241  23.571 0.0000000000
61413  17.592  -75.935  21.566 0.0000000000
61414  17.972  -75.963  22.229 0.0000000000
61415  16.924  -76.501  21.839 0.0000000000
61416  16.224  -77.037  22.160 0.0000000000
61417  15.761  -76.820  21.600 0.0000000000
61418  14.712  -76.860  21.534 0.0000000000
61419  15.331  -76.476  21.103 0.0000000000
61421  14.598  -75.414  20.421 0.0000000000
61422  14.306  -74.826  20.229 0.0000000000
61423  13.471  -74.397  20.613 0.0000000000
61429  21.940  -62.255  24.955 0.0000000000
61695  21.116  -85.973  26.797 0.0000000000
61696  21.753  -85.765  26.216 0.0000000000
61697  20.813  -85.797  26.168 0.0000000000
61698  19.506  -85.813  24.629 0.0000000000
61699  20.184  -85.514  24.899 0.0000000000
61700  19.913  -85.383  24.225 0.0000000000
61701  20.310  -84.992  23.824 0.0000000000
61702  19.605  -85.351  23.526 0.0000000000
61729  17.946  -96.437  14.556 0.0000000000
61735  16.548  -97.705  12.841 0.0000000000
61736  17.268  -98.012  13.189 0.0000000000
61737  16.827  -98.239  12.948 0.0000000000
61738  17.228  -98.669  12.675 0.0000000000
64583  19.534  -79.950  41.823 0.0000000000
64584  19.574  -79.634  42.330 0.0000000000
64585  19.842  -80.282  41.994 0.0000000000
64586  20.678  -81.445  41.681 0.0000000000
64587  20.521  -80.733  42.138 0.0000000000
64588  20.904  -80.939  42.055 0.0000000000
64589  21.136  -80.406  42.391 0.0000000000
64590  21.302  -81.126  41.895 0.0000000000
64591  21.642  -81.312  41.615 0.0000000000
64592  21.368  -81.877  41.335 0.0000000000
64593  20.683  -83.835  39.897 0.0000000000
64594  21.231  -83.260  40.212 0.0000000000
64595  21.069  -83.913  39.601 0.0000000000
64596  21.436  -83.958  39.246 0.0000000000
64597  20.825  -84.569  38.883 0.0000000000
64598  20.411  -85.043  38.326 0.0000000000
64599  20.042  -85.044  38.711 0.0000000000
64600  17.975  -85.746  38.629 0.0000000000
64601  18.418  -85.863  38.342 0.0000000000
64602  17.447  -86.176  38.154 0.0000000000
64603  16.871  -86.583  37.669 0.0000000000
64604  16.402  -86.487  37.976 0.0000000000
64605  16.944  -84.813  38.504 0.0000000000
64606  17.103  -85.132  38.706 0.0000000000
64607  16.241  -85.269  38.365 0.0000000000
64608  13.827  -85.822  37.938 0.0000000000
64609  14.769  -85.956  38.121 0.0000000000
64610  14.086  -86.234  37.882 0.0000000000
64611  14.413  -86.570  37.722 0.0000000000
64958  16.189  -83.720  4.742 0.0000000000
64959  15.814  -84.082  3.904 0.0000000000
68534  14.154  -93.802  12.627 0.0000000000
68535  13.604  -94.435  12.418 0.0000000000
68536  13.641  -93.859  12.778 0.0000000000
68537  12.646  -93.028  13.462 0.0000000000
68538  12.580  -93.722  13.286 0.0000000000
68539  12.086  -93.610  13.523 0.0000000000
68540  11.577  -94.189  13.637 0.0000000000
68542  12.966  -89.872  14.517 0.0000000000
68543  12.961  -90.687  14.042 0.0000000000
68544  12.464  -90.430  13.951 0.0000000000
68602  19.216  -67.550  32.442 0.0000000000
68603  19.586  -68.619  31.706 0.0000000000
68604  19.472  -67.759  31.874 0.0000000000
68605  19.931  -67.401  30.748 0.0000000000
68606  20.010  -68.281  30.566 0.0000000000
68607  20.254  -68.530  29.905 0.0000000000
68608  20.392  -69.649  29.063 0.0000000000
68609  20.464  -68.785  29.248 0.0000000000
68611  19.266  -65.009  31.076 0.0000000000
68612  19.719  -65.159  30.502 0.0000000000
68613  21.010  -67.655  28.258 0.0000000000
68614  20.747  -67.344  28.946 0.0000000000
68615  20.941  -68.501  28.044 0.0000000000
68616  20.785  -69.416  27.768 0.0000000000
68617  20.873  -69.643  27.072 0.0000000000
68618  20.672  -70.841  26.082 0.0000000000
68619  20.937  -70.001  26.292 0.0000000000
68620  21.195  -69.735  25.052 0.0000000000
68621  20.972  -70.659  24.793 0.0000000000
68622  20.922  -71.040  24.030 0.0000000000
68623  20.533  -72.142  23.079 0.0000000000
68624  20.881  -71.338  23.268 0.0000000000
68828  23.823  -71.967  38.625 0.0000000000
68830  23.768  -71.476  38.178 0.0000000000
68831  24.197  -70.933  36.515 0.0000000000
68832  23.662  -70.517  37.280 0.0000000000
68833  23.616  -70.002  36.809 0.0000000000
68837  25.681  -71.958  34.232 0.0000000000
68838  25.632  -71.357  33.753 0.0000000000
68895  15.975  -86.376  25.481 0.0000000000
68896  16.436  -86.390  24.807 0.0000000000
68897  15.867  -86.070  24.707 0.0000000000
68898  15.003  -86.298  22.475 0.0000000000
68899  15.619  -86.169  22.845 0.0000000000
68900  15.531  -86.430  21.862 0.0000000000
68901  16.042  -86.532  21.352 0.0000000000
68902  15.603  -86.831  20.965 0.0000000000
68903  13.583  -88.003  21.658 0.0000000000
68904  13.794  -87.461  21.732 0.0000000000
68905  13.990  -87.926  20.956 0.0000000000
68906  15.308  -88.628  19.117 0.0000000000
68907  14.987  -88.079  19.720 0.0000000000
68908  15.577  -88.181  19.179 0.0000000000
68909  15.965  -87.776  19.417 0.0000000000
68910  16.257  -88.278  18.889 0.0000000000
68911  16.935  -88.305  18.710 0.0000000000
68912  16.616  -88.798  18.519 0.0000000000
68913  16.994  -90.486  18.081 0.0000000000
68920  16.163  -92.298  17.486 0.0000000000
68921  16.887  -92.467  17.498 0.0000000000
68925  14.021  -91.896  18.100 0.0000000000
68926  14.489  -92.147  17.977 0.0000000000
68927  14.294  -92.122  17.403 0.0000000000
68928  14.844  -92.277  15.708 0.0000000000
68929  14.937  -92.424  16.187 0.0000000000
68938  14.749  -93.963  12.437 0.0000000000
73935  10.277  -88.912  22.750 0.0000000000
74236  23.387  -79.267  41.571 0.0000000000
74237  23.140  -78.620  42.260 0.0000000000
74238  23.567  -78.530  41.792 0.0000000000
74246  24.217  -74.432  40.446 0.0000000000
74250  23.855  -73.168  40.123 0.0000000000
74251  23.855  -72.773  39.612 0.0000000000
74252  24.281  -73.622  39.463 0.0000000000
74253  25.180  -75.800  37.740 0.0000000000
74254  25.070  -74.808  37.963 0.0000000000
74255  25.344  -75.342  37.199 0.0000000000
74256  25.504  -74.809  36.699 0.0000000000
74268  23.821  -81.147  31.102 0.0000000000
74269  23.905  -79.865  31.495 0.0000000000
74270  23.923  -80.506  30.592 0.0000000000
74271  24.046  -79.805  30.122 0.0000000000
74272  24.072  -80.967  29.775 0.0000000000
74273  24.292  -81.345  29.146 0.0000000000
74274  24.223  -82.073  29.654 0.0000000000
74275  24.437  -84.735  29.995 0.0000000000
74276  24.595  -84.114  29.451 0.0000000000
74280  22.971  -85.779  32.198 0.0000000000
74281  23.347  -85.678  31.686 0.0000000000
74282  22.805  -86.194  31.531 0.0000000000
74283  21.615  -86.793  30.046 0.0000000000
74284  22.423  -86.643  30.173 0.0000000000
74285  22.191  -86.681  29.471 0.0000000000
74286  22.769  -86.524  28.883 0.0000000000
74287  21.924  -86.608  28.793 0.0000000000
74288  21.694  -86.442  28.106 0.0000000000
74289  21.061  -86.572  28.652 0.0000000000
74290  18.606  -86.693  28.873 0.0000000000
74291  19.191  -86.496  28.308 0.0000000000
74292  18.323  -86.579  28.160 0.0000000000
74293  18.171  -86.607  27.424 0.0000000000
74294  17.637  -86.857  27.972 0.0000000000
74295  19.616  -85.811  37.124 0.0000000000
74296  20.023  -85.706  36.548 0.0000000000
74297  19.134  -86.105  36.392 0.0000000000
74298  17.151  -86.902  34.713 0.0000000000
74299  18.091  -86.613  34.812 0.0000000000
74300  17.635  -86.767  34.038 0.0000000000
74301  18.192  -86.679  33.353 0.0000000000
74302  17.223  -86.889  33.229 0.0000000000
74306  15.107  -87.374  31.561 0.0000000000
74308  15.850  -87.303  31.658 0.0000000000
74309  16.675  -87.194  31.798 0.0000000000
74310  16.412  -87.284  31.057 0.0000000000
74311  16.939  -87.237  30.506 0.0000000000
74312  16.166  -87.339  30.346 0.0000000000
74313  15.527  -87.253  28.805 0.0000000000
74314  16.005  -87.342  28.950 0.0000000000
74315  16.027  -87.340  28.279 0.0000000000
74316  16.508  -87.309  27.696 0.0000000000
74317  16.045  -87.122  27.595 0.0000000000
74318  16.048  -86.924  26.885 0.0000000000
74319  15.590  -86.861  27.508 0.0000000000
74320  13.874  -86.163  27.968 0.0000000000
74321  14.497  -86.203  27.328 0.0000000000
74322  13.840  -85.942  27.165 0.0000000000
74323  13.811  -85.939  26.324 0.0000000000
74324  13.150  -85.897  26.900 0.0000000000
74333  12.020  -87.586  24.988 0.0000000000
74338  11.026  -89.348  23.584 0.0000000000
75353  14.203  -90.104  6.268 0.0000000000
75354  14.831  -90.380  5.563 0.0000000000
75355  14.813  -90.019  5.471 0.0000000000
75356  15.106  -89.376  3.784 0.0000000000
75357  15.261  -89.736  3.847 0.0000000000
75358  15.195  -89.612  2.982 0.0000000000
75359  15.245  -89.888  2.118 0.0000000000
75361  14.338  -88.321  3.553 0.0000000000
75362  14.583  -88.492  3.602 0.0000000000
75363  14.312  -88.470  2.866 0.0000000000
75367  14.078  -89.686  0.543 0.0000000000
75376  14.623  -84.847  2.347 0.0000000000
75377  14.545  -85.323  2.446 0.0000000000
77984  20.038  -78.615  37.356 0.0000000000
77985  20.135  -78.945  36.497 0.0000000000
77986  20.112  -78.068  36.758 0.0000000000
77987  19.831  -76.149  35.907 0.0000000000
77988  20.127  -76.960  35.736 0.0000000000
77989  20.056  -76.361  35.218 0.0000000000
77990  20.166  -76.674  34.492 0.0000000000
77991  19.945  -75.739  34.742 0.0000000000
77992  18.362  -73.359  36.553 0.0000000000
77993  18.754  -73.999  36.330 0.0000000000
77994  18.617  -73.345  35.993 0.0000000000
77995  18.906  -72.826  34.717 0.0000000000
77996  19.098  -73.475  34.980 0.0000000000
77997  19.275  -73.573  34.419 0.0000000000
77998  19.627  -74.395  34.083 0.0000000000
77999  19.415  -73.643  33.894 0.0000000000
78000  19.561  -73.829  33.310 0.0000000000
78001  19.230  -72.923  33.715 0.0000000000
78002  18.858  -70.602  33.953 0.0000000000
78003  19.045  -71.412  33.494 0.0000000000
78004  18.972  -70.617  33.476 0.0000000000
78005  19.109  -70.699  33.059 0.0000000000
78006  18.983  -69.796  33.539 0.0000000000
78008  16.333  -69.905  38.268 0.0000000000
78009  15.959  -69.419  38.201 0.0000000000
78010  16.012  -68.521  37.557 0.0000000000
78011  16.406  -68.996  37.508 0.0000000000
78012  16.566  -68.782  37.173 0.0000000000
78013  17.016  -69.164  36.777 0.0000000000
78014  16.724  -68.592  36.817 0.0000000000
78015  13.976  -67.074  37.092 0.0000000000
78016  14.498  -67.433  37.268 0.0000000000
78017  14.787  -67.180  36.918 0.0000000000
78026  18.008  -67.603  34.588 0.0000000000
78027  18.235  -67.538  34.161 0.0000000000
78028  18.727  -68.184  33.697 0.0000000000
78029  18.470  -67.467  33.775 0.0000000000
78030  18.713  -67.493  33.350 0.0000000000
78031  18.172  -66.844  33.837 0.0000000000
78370  17.124  -76.137  41.250 0.0000000000
78373  17.551  -77.074  41.727 0.0000000000
78374  17.517  -76.819  41.196 0.0000000000
78375  17.231  -74.849  39.606 0.0000000000
78376  17.205  -75.254  39.986 0.0000000000
78377  17.366  -75.305  39.651 0.0000000000
78378  17.942  -76.306  39.385 0.0000000000
78379  17.742  -76.229  39.760 0.0000000000
78380  17.914  -76.719  39.868 0.0000000000
78381  17.906  -77.083  40.465 0.0000000000
78382  18.195  -77.230  40.149 0.0000000000
78383  18.495  -77.743  40.415 0.0000000000
78384  18.549  -77.380  39.825 0.0000000000
78385  19.543  -77.389  38.340 0.0000000000
78386  19.426  -77.733  38.954 0.0000000000
78387  19.800  -78.139  38.216 0.0000000000
78388  19.958  -78.933  37.998 0.0000000000
86092  15.652  -99.744  11.306 0.0000000000
86093  16.184  -99.994  10.767 0.0000000000
86094  15.523  -100.122  10.790 0.0000000000
86095  14.560  -100.902  9.342 0.0000000000
86102  12.743  -101.124  8.022 0.0000000000
86104  12.755  -101.298  7.091 0.0000000000
86107  12.648  -95.717  12.413 0.0000000000
86108  12.929  -96.291  12.181 0.0000000000
86109  12.335  -96.296  12.512 0.0000000000
86110  11.088  -97.294  13.011 0.0000000000
86111  11.700  -97.350  12.727 0.0000000000
86112  11.403  -97.852  12.706 0.0000000000
86113  11.808  -98.424  12.331 0.0000000000
86114  11.205  -98.356  12.610 0.0000000000
86118  10.079  -98.856  11.689 0.0000000000
86120  10.496  -99.100  11.800 0.0000000000
86121  10.937  -99.260  11.959 0.0000000000
86122  10.951  -99.600  11.179 0.0000000000
86123  11.407  -100.055  10.426 0.0000000000
86124  10.988  -99.882  10.397 0.0000000000
86125  10.952  -100.042  8.519 0.0000000000
86126  11.163  -100.288  8.600 0.0000000000
86127  11.358  -100.385  7.642 0.0000000000
86128  11.758  -100.615  6.748 0.0000000000
86129  11.624  -100.293  6.698 0.0000000000
86130  11.937  -100.124  5.869 0.0000000000
86131  11.500  -99.860  6.719 0.0000000000
86132  10.872  -98.455  7.680 0.0000000000
86133  11.417  -98.814  6.836 0.0000000000
86134  11.384  -98.250  6.954 0.0000000000
86135  11.928  -97.967  6.317 0.0000000000
86136  11.457  -97.664  7.125 0.0000000000
86137  9.582  -95.944  10.219 0.0000000000
86138  9.980  -96.622  9.783 0.0000000000
86139  10.007  -95.850  9.744 0.0000000000
86140  11.006  -94.955  9.125 0.0000000000
86141  10.975  -95.724  9.020 0.0000000000
86142  11.506  -95.685  8.627 0.0000000000
86143  11.830  -96.294  7.818 0.0000000000
86144  11.991  -95.575  8.103 0.0000000000
86145  12.532  -95.319  7.536 0.0000000000
86146  12.081  -94.888  8.321 0.0000000000
86147  11.314  -93.151  8.687 0.0000000000
86148  12.128  -93.621  8.425 0.0000000000
86149  12.081  -93.040  8.346 0.0000000000
86150  12.812  -92.710  7.837 0.0000000000
86151  12.017  -92.450  8.220 0.0000000000
86152  10.362  -88.214  21.061 0.0000000000
86153  10.801  -88.276  20.187 0.0000000000
86154  10.417  -87.832  20.246 0.0000000000
86156  10.181  -87.184  18.493 0.0000000000
86158  10.157  -87.241  16.817 0.0000000000
86217  10.808  -90.911  8.126 0.0000000000
86218  11.808  -91.271  7.927 0.0000000000
86219  11.749  -90.658  7.871 0.0000000000
86220  12.757  -90.465  7.435 0.0000000000
86221  11.795  -90.104  7.849 0.0000000000
86223  11.907  -89.155  7.849 0.0000000000
86224  11.970  -88.717  7.871 0.0000000000
86225  12.845  -88.737  7.451 0.0000000000
86233  12.435  -87.587  7.894 0.0000000000
86234  12.651  -87.196  7.939 0.0000000000
86235  13.460  -87.344  7.397 0.0000000000
86236  12.973  -86.723  7.989 0.0000000000
86238  13.797  -85.875  8.051 0.0000000000
86240  14.838  -85.526  7.259 0.0000000000
86241  14.534  -85.067  7.948 0.0000000000
86260  14.578  -83.447  9.109 0.0000000000
86262  14.928  -83.864  8.520 0.0000000000
86264  15.520  -83.969  7.717 0.0000000000
86265  15.945  -83.976  6.834 0.0000000000
86267  15.913  -82.274  8.370 0.0000000000
86287  19.853  -79.603  34.881 0.0000000000
86288  19.094  -80.554  34.507 0.0000000000
86289  19.408  -79.997  33.978 0.0000000000
86290  18.749  -79.797  32.069 0.0000000000
86291  18.352  -80.353  32.581 0.0000000000
86292  17.753  -80.305  31.972 0.0000000000
86293  16.650  -80.667  32.127 0.0000000000
86294  17.065  -80.219  31.538 0.0000000000
86295  19.718  -77.316  30.527 0.0000000000
86296  19.579  -77.954  30.851 0.0000000000
86297  19.136  -78.115  30.216 0.0000000000
86298  16.650  -79.215  29.448 0.0000000000
86299  17.267  -79.221  30.001 0.0000000000
86300  16.226  -79.651  29.987 0.0000000000
86301  15.725  -80.118  30.551 0.0000000000
86302  15.125  -80.183  30.147 0.0000000000
86305  14.193  -79.970  28.198 0.0000000000
86307  13.115  -80.031  28.292 0.0000000000
86310  19.987  -70.846  30.114 0.0000000000
86311  19.902  -71.697  30.016 0.0000000000
86312  19.960  -71.975  29.259 0.0000000000
86313  19.375  -74.446  27.146 0.0000000000
86314  19.548  -74.239  27.826 0.0000000000
86315  19.125  -75.273  27.144 0.0000000000
86316  18.874  -75.974  27.254 0.0000000000
86317  18.558  -76.204  26.633 0.0000000000
86318  18.708  -75.614  24.308 0.0000000000
86319  18.963  -75.319  25.036 0.0000000000
86320  18.298  -76.267  24.445 0.0000000000
86321  16.511  -78.140  24.750 0.0000000000
86322  17.370  -77.506  25.000 0.0000000000
86323  16.950  -78.032  25.395 0.0000000000
86324  17.219  -77.792  25.996 0.0000000000
86325  16.480  -78.513  25.833 0.0000000000
86326  15.935  -78.936  26.327 0.0000000000
86327  15.434  -78.985  25.709 0.0000000000
86328  12.834  -78.768  25.358 0.0000000000
86329  13.280  -79.126  25.856 0.0000000000
86330  12.306  -78.878  26.058 0.0000000000
86366  21.690  -65.341  25.609 0.0000000000
86367  21.400  -64.245  26.413 0.0000000000
86368  21.508  -65.116  26.251 0.0000000000
86369  21.324  -64.875  26.899 0.0000000000
86370  21.609  -66.014  26.063 0.0000000000
86371  21.635  -66.918  25.849 0.0000000000
86372  21.690  -67.153  25.114 0.0000000000
86373  21.502  -69.833  22.260 0.0000000000
86374  21.480  -69.654  23.024 0.0000000000
86375  21.190  -70.818  21.949 0.0000000000
86376  20.820  -71.662  21.718 0.0000000000
86377  20.756  -71.748  20.945 0.0000000000
87165  24.802  -81.916  27.856 0.0000000000
87188  17.394  -86.558  23.582 0.0000000000
87189  18.021  -86.597  23.900 0.0000000000
87190  17.875  -86.480  23.248 0.0000000000
87191  18.208  -85.812  21.722 0.0000000000
87192  18.416  -85.908  22.403 0.0000000000
87193  18.593  -85.571  21.898 0.0000000000
87194  19.059  -85.217  22.116 0.0000000000
87195  18.830  -85.219  21.435 0.0000000000
87196  18.747  -87.066  19.396 0.0000000000
87197  18.460  -86.622  19.779 0.0000000000
87198  18.798  -86.524  19.486 0.0000000000
87202  19.598  -84.599  20.658 0.0000000000
87204  20.605  -83.675  20.521 0.0000000000
87255  19.050  -92.764  18.434 0.0000000000
87256  19.841  -92.779  18.685 0.0000000000
87257  19.480  -93.265  18.444 0.0000000000
87265  19.574  -95.944  16.327 0.0000000000
90406  15.597  -90.862  3.916 0.0000000000
90407  15.580  -91.385  4.006 0.0000000000
90408  15.762  -91.246  3.002 0.0000000000
90409  16.429  -91.584  0.464 0.0000000000
90410  16.481  -91.808  1.321 0.0000000000
90411  16.835  -91.954  0.564 0.0000000000
90412  17.157  -92.414  0.682 0.0000000000
90413  17.113  -92.067  -0.250 0.0000000000
92384  16.866  -82.873  35.962 0.0000000000
92385  16.110  -82.819  35.460 0.0000000000
92386  16.940  -82.525  35.393 0.0000000000
92387  17.022  -82.194  34.836 0.0000000000
92388  17.124  -81.816  34.300 0.0000000000
92403  19.702  -79.510  39.173 0.0000000000
92404  19.593  -79.971  39.642 0.0000000000
92405  19.599  -80.517  38.705 0.0000000000
92406  19.244  -81.483  38.235 0.0000000000
92407  18.720  -82.381  37.968 0.0000000000
92408  18.122  -82.983  37.798 0.0000000000
92409  18.167  -82.637  37.266 0.0000000000
92410  17.589  -82.823  36.599 0.0000000000
93194  12.447  -89.510  18.586 0.0000000000
93195  12.536  -89.076  17.750 0.0000000000
93196  12.155  -89.070  18.574 0.0000000000
93197  11.895  -88.634  18.562 0.0000000000
93198  11.623  -88.187  18.515 0.0000000000
93267  12.045  -89.496  23.147 0.0000000000
93268  12.477  -89.413  22.730 0.0000000000
93269  12.242  -89.896  22.309 0.0000000000
93270  12.471  -90.262  21.434 0.0000000000
93271  12.693  -90.540  20.536 0.0000000000
93272  12.864  -90.727  19.619 0.0000000000
93273  12.523  -90.447  19.795 0.0000000000
93274  12.455  -90.048  19.158 0.0000000000
93479  14.022  -93.153  6.574 0.0000000000
93480  14.385  -93.599  5.679 0.0000000000
93481  14.539  -92.957  5.749 0.0000000000
93482  15.043  -92.783  4.908 0.0000000000
93483  15.482  -92.626  4.041 0.0000000000
94334  22.426  -82.664  39.757 0.0000000000
94341  22.858  -84.004  36.393 0.0000000000
94342  22.735  -84.662  35.480 0.0000000000
94343  22.528  -85.035  34.745 0.0000000000
94344  22.191  -85.051  35.381 0.0000000000
94345  21.558  -85.342  35.317 0.0000000000
94346  20.825  -85.596  35.203 0.0000000000
94559  14.889  -86.309  5.688 0.0000000000
94560  14.650  -86.858  4.806 0.0000000000
94561  14.896  -86.362  4.697 0.0000000000
94562  14.672  -86.312  3.693 0.0000000000
94563  14.258  -86.306  2.841 0.0000000000
95084  17.374  -72.462  38.013 0.0000000000
95085  17.486  -72.370  37.689 0.0000000000
95086  17.306  -71.938  37.798 0.0000000000
95087  17.280  -71.370  37.633 0.0000000000
95088  17.194  -70.758  37.574 0.0000000000
95164  17.245  -72.549  38.376 0.0000000000
96704  15.854  -97.422  12.354 0.0000000000
96705  15.459  -97.964  12.143 0.0000000000
96706  15.183  -97.390  11.944 0.0000000000
96707  14.360  -97.378  11.724 0.0000000000
96708  13.640  -97.415  11.799 0.0000000000
96745  19.496  -72.560  32.019 0.0000000000
96746  19.765  -73.669  31.306 0.0000000000
96747  19.683  -72.845  31.315 0.0000000000
96748  19.781  -73.152  30.569 0.0000000000
96749  19.829  -73.453  29.826 0.0000000000
96750  19.748  -73.692  22.854 0.0000000000
96751  19.274  -74.443  22.802 0.0000000000
96752  19.083  -74.663  21.986 0.0000000000
96753  18.234  -75.326  21.363 0.0000000000
96754  17.185  -75.778  20.961 0.0000000000
96755  16.032  -75.997  20.708 0.0000000000
96756  16.806  -75.564  20.395 0.0000000000
96921  19.338  -86.213  26.450 0.0000000000
96922  19.917  -85.937  25.960 0.0000000000
96923  19.244  -86.249  25.742 0.0000000000
96924  19.119  -86.270  25.044 0.0000000000
96925  19.033  -86.213  24.386 0.0000000000
96942  16.918  -96.150  13.308 0.0000000000
96943  17.116  -96.716  13.490 0.0000000000
98654  19.738  -81.423  40.927 0.0000000000
98655  19.964  -80.968  41.542 0.0000000000
98656  20.059  -81.741  41.090 0.0000000000
98657  20.352  -82.003  41.174 0.0000000000
98658  20.657  -82.220  41.135 0.0000000000
98659  21.045  -82.405  40.963 0.0000000000
98660  20.586  -82.988  40.602 0.0000000000
98661  20.364  -83.732  40.096 0.0000000000
98662  20.100  -84.346  39.571 0.0000000000
98663  19.672  -84.944  39.091 0.0000000000
98664  19.269  -84.840  39.309 0.0000000000
98665  18.469  -85.241  39.036 0.0000000000
98666  17.610  -85.572  38.709 0.0000000000
101025  13.714  -93.232  13.165 0.0000000000
101026  13.763  -92.590  13.570 0.0000000000
101027  13.237  -92.505  13.582 0.0000000000
101028  12.741  -92.302  13.613 0.0000000000
101065  18.703  -66.071  32.599 0.0000000000
101066  19.303  -66.986  31.992 0.0000000000
101067  19.069  -66.228  32.080 0.0000000000
101068  19.432  -66.359  31.539 0.0000000000
101069  19.800  -66.531  30.959 0.0000000000
101070  19.797  -64.602  29.970 0.0000000000
101071  20.108  -65.400  29.879 0.0000000000
101072  20.482  -65.604  29.284 0.0000000000
101073  20.972  -66.744  28.477 0.0000000000
101074  21.179  -67.955  27.546 0.0000000000
101075  21.140  -69.140  26.525 0.0000000000
101076  21.289  -68.207  26.801 0.0000000000
101077  21.371  -68.477  26.078 0.0000000000
101078  21.377  -68.792  25.333 0.0000000000
101201  24.750  -73.009  37.205 0.0000000000
101202  24.253  -71.968  37.474 0.0000000000
101203  24.716  -72.429  36.744 0.0000000000
101204  24.701  -71.866  36.238 0.0000000000
101205  24.684  -71.321  35.742 0.0000000000
101207  25.645  -70.683  33.295 0.0000000000
101208  25.602  -69.987  32.880 0.0000000000
101241  14.839  -85.989  25.150 0.0000000000
101242  15.271  -86.022  24.492 0.0000000000
101243  14.655  -86.041  24.223 0.0000000000
101244  14.505  -86.260  23.177 0.0000000000
101245  14.510  -86.608  22.147 0.0000000000
101246  14.101  -88.915  20.363 0.0000000000
101247  14.227  -88.353  20.266 0.0000000000
101248  14.542  -88.962  19.777 0.0000000000
101249  15.071  -89.104  19.200 0.0000000000
101250  15.626  -89.225  18.731 0.0000000000
101251  16.316  -89.315  18.454 0.0000000000
101252  16.001  -89.820  18.463 0.0000000000
101253  16.354  -90.450  18.242 0.0000000000
101257  15.873  -91.876  17.900 0.0000000000
101258  15.508  -92.248  17.598 0.0000000000
101259  13.818  -91.508  16.942 0.0000000000
101260  14.177  -91.967  16.862 0.0000000000
101261  14.135  -91.745  16.412 0.0000000000
101262  14.487  -91.972  15.804 0.0000000000
101266  14.628  -92.320  14.025 0.0000000000
101876  12.977  -98.488  5.018 0.0000000000
104447  23.885  -78.320  41.383 0.0000000000
104448  24.141  -78.003  40.937 0.0000000000
104449  24.189  -77.048  41.236 0.0000000000
104450  24.137  -76.002  41.405 0.0000000000
104453  24.491  -75.325  40.345 0.0000000000
104454  24.580  -74.964  39.767 0.0000000000
104455  24.630  -74.596  39.251 0.0000000000
104456  24.870  -75.609  39.046 0.0000000000
104457  25.043  -76.240  38.280 0.0000000000
104465  23.877  -81.036  32.543 0.0000000000
104466  23.765  -81.693  31.654 0.0000000000
104467  23.860  -82.305  30.842 0.0000000000
104468  24.140  -82.774  30.217 0.0000000000
104472  21.696  -86.487  31.883 0.0000000000
104473  22.179  -86.559  31.355 0.0000000000
104474  21.363  -86.693  31.252 0.0000000000
104475  21.046  -86.842  30.599 0.0000000000
104476  20.778  -86.862  29.907 0.0000000000
104477  20.469  -86.714  29.200 0.0000000000
104478  19.869  -86.846  29.720 0.0000000000
104479  18.923  -86.828  29.557 0.0000000000
104480  18.028  -86.919  29.413 0.0000000000
104481  17.755  -86.573  36.788 0.0000000000
104482  18.213  -86.511  36.212 0.0000000000
104483  17.192  -86.825  36.080 0.0000000000
104484  16.660  -87.007  35.343 0.0000000000
104485  16.186  -87.083  34.577 0.0000000000
104490  15.019  -87.383  30.835 0.0000000000
104491  15.559  -87.378  30.195 0.0000000000
104492  15.035  -87.323  30.107 0.0000000000
104493  15.035  -87.235  29.413 0.0000000000
104494  15.035  -87.032  28.800 0.0000000000
104495  15.057  -86.827  28.144 0.0000000000
104496  14.501  -86.728  28.803 0.0000000000
104497  13.892  -86.429  28.732 0.0000000000
104498  13.167  -86.186  28.551 0.0000000000
105116  14.176  -89.373  6.200 0.0000000000
105117  14.712  -89.699  5.376 0.0000000000
105118  14.621  -89.268  5.431 0.0000000000
105119  14.917  -89.139  4.588 0.0000000000
105120  14.954  -89.016  3.771 0.0000000000
106694  19.605  -77.029  37.742 0.0000000000
106695  19.908  -77.295  36.953 0.0000000000
106696  19.611  -76.537  37.044 0.0000000000
106697  19.536  -75.973  36.528 0.0000000000
106698  19.493  -75.384  36.031 0.0000000000
106699  18.204  -72.122  36.023 0.0000000000
106700  18.535  -72.726  35.779 0.0000000000
106701  18.465  -72.103  35.577 0.0000000000
106702  18.644  -72.143  35.051 0.0000000000
106703  18.804  -72.098  34.537 0.0000000000
106704  18.955  -72.126  34.058 0.0000000000
106705  18.776  -71.337  34.453 0.0000000000
106706  18.762  -70.602  34.451 0.0000000000
106707  18.651  -69.826  34.420 0.0000000000
106709  15.481  -68.894  38.269 0.0000000000
106710  14.960  -68.506  38.250 0.0000000000
106711  15.277  -68.320  37.894 0.0000000000
106712  15.543  -68.115  37.524 0.0000000000
106714  15.056  -66.948  36.583 0.0000000000
106926  16.868  -75.641  41.298 0.0000000000
106927  17.003  -75.785  41.054 0.0000000000
106928  17.168  -75.902  40.785 0.0000000000
106929  17.646  -74.910  38.846 0.0000000000
106930  17.580  -75.324  39.249 0.0000000000
106931  17.825  -75.410  38.871 0.0000000000
106932  18.018  -75.899  38.923 0.0000000000
106933  18.281  -76.403  39.043 0.0000000000
106934  18.626  -76.977  39.262 0.0000000000
106935  18.732  -76.594  38.688 0.0000000000
106936  19.190  -76.790  38.232 0.0000000000
111559  14.404  -99.902  11.175 0.0000000000
111560  14.902  -100.255  10.751 0.0000000000
111561  14.264  -100.367  10.703 0.0000000000
111562  14.053  -100.692  10.009 0.0000000000
111563  13.868  -100.964  9.243 0.0000000000
111564  13.765  -101.166  8.366 0.0000000000
111565  13.259  -100.973  9.082 0.0000000000
111566  12.738  -100.921  8.952 0.0000000000
111567  12.299  -100.838  8.832 0.0000000000
111568  11.672  -95.536  13.141 0.0000000000
111569  11.830  -96.232  12.878 0.0000000000
111570  11.270  -96.110  13.222 0.0000000000
111571  10.844  -96.714  13.257 0.0000000000
111572  10.500  -97.220  13.245 0.0000000000
111576  9.702  -98.554  11.598 0.0000000000
111577  10.135  -99.130  10.940 0.0000000000
111578  10.609  -99.646  10.272 0.0000000000
111579  10.310  -99.395  10.169 0.0000000000
111580  10.535  -99.616  9.362 0.0000000000
111581  10.755  -99.662  8.462 0.0000000000
111582  11.072  -99.518  7.600 0.0000000000
111583  10.630  -99.137  8.485 0.0000000000
111584  10.547  -98.537  8.528 0.0000000000
111585  10.542  -97.927  8.572 0.0000000000
111586  9.401  -94.617  9.918 0.0000000000
111587  9.996  -95.151  9.674 0.0000000000
111588  9.896  -94.489  9.523 0.0000000000
111589  10.393  -94.336  9.286 0.0000000000
111590  10.942  -94.256  9.140 0.0000000000
111591  11.543  -94.347  8.843 0.0000000000
111592  10.857  -93.715  9.069 0.0000000000
111593  10.692  -93.232  8.828 0.0000000000
111594  10.467  -92.766  8.631 0.0000000000
111636  10.882  -89.694  8.056 0.0000000000
111662  14.884  -83.078  9.132 0.0000000000
111663  15.513  -83.120  8.481 0.0000000000
111664  15.124  -82.689  9.168 0.0000000000
111665  15.372  -82.301  9.188 0.0000000000
111666  15.541  -81.870  9.212 0.0000000000
111676  20.166  -78.336  33.899 0.0000000000
111677  19.689  -79.379  33.491 0.0000000000
111678  19.901  -78.740  33.071 0.0000000000
111679  19.545  -79.025  32.312 0.0000000000
111680  19.101  -79.195  31.628 0.0000000000
111681  18.869  -77.632  29.242 0.0000000000
111682  18.575  -78.185  29.613 0.0000000000
111683  18.038  -78.266  29.015 0.0000000000
111684  17.091  -78.778  28.960 0.0000000000
111685  16.143  -79.356  28.985 0.0000000000
111686  15.140  -79.918  29.137 0.0000000000
111688  15.241  -79.669  28.067 0.0000000000
111689  14.754  -79.691  27.569 0.0000000000
111690  20.155  -71.342  28.712 0.0000000000
111691  19.928  -72.209  28.587 0.0000000000
111692  19.929  -72.442  27.891 0.0000000000
111693  19.635  -73.606  27.123 0.0000000000
111694  19.227  -74.754  26.410 0.0000000000
111695  17.218  -77.163  23.400 0.0000000000
111696  17.583  -77.062  24.052 0.0000000000
111697  16.670  -77.705  23.751 0.0000000000
111698  16.078  -78.153  24.119 0.0000000000
111699  15.505  -78.573  24.578 0.0000000000
111700  14.931  -78.923  25.122 0.0000000000
111701  14.400  -78.749  24.568 0.0000000000
111702  13.385  -78.633  24.686 0.0000000000
111722  21.829  -63.702  25.388 0.0000000000
111723  21.531  -63.546  25.980 0.0000000000
111724  21.854  -64.598  25.166 0.0000000000
111725  21.879  -65.563  24.912 0.0000000000
111726  21.873  -66.505  24.641 0.0000000000
111727  21.794  -67.401  24.375 0.0000000000
111728  21.931  -67.707  23.608 0.0000000000
111729  21.801  -68.873  22.581 0.0000000000
111730  21.511  -69.998  21.513 0.0000000000
112096  21.885  -68.856  38.563 0.0000000000
112208  21.945  -84.537  24.106 0.0000000000
112209  22.870  -84.335  24.041 0.0000000000
112210  22.424  -84.057  23.553 0.0000000000
112216  22.042  -82.768  20.806 0.0000000000
112217  17.142  -86.413  22.171 0.0000000000
112218  17.693  -86.352  22.583 0.0000000000
112219  17.564  -86.286  21.818 0.0000000000
112220  17.898  -86.119  21.427 0.0000000000
112221  18.152  -85.968  20.999 0.0000000000
112259  18.777  -94.132  17.596 0.0000000000
114148  15.615  -90.642  2.032 0.0000000000
114149  15.817  -91.098  2.066 0.0000000000
114150  15.719  -90.984  1.180 0.0000000000
114151  15.939  -91.270  0.333 0.0000000000
115767  18.657  -78.387  41.554 0.0000000000
115768  18.882  -78.725  42.073 0.0000000000
115769  19.084  -78.912  41.618 0.0000000000
115770  19.378  -79.557  41.479 0.0000000000
115771  19.536  -80.264  41.203 0.0000000000
115772  19.525  -80.350  40.054 0.0000000000
115773  19.529  -80.686  40.412 0.0000000000
115774  19.626  -81.055  40.726 0.0000000000
115775  19.515  -81.922  40.312 0.0000000000
115776  19.233  -82.777  39.999 0.0000000000
115777  18.871  -83.610  39.658 0.0000000000
115778  18.425  -84.239  39.372 0.0000000000
115779  18.246  -83.898  39.219 0.0000000000
115780  17.619  -84.208  38.658 0.0000000000
115781  16.788  -84.391  38.161 0.0000000000
115782  17.526  -83.541  37.743 0.0000000000
115783  16.801  -84.007  37.751 0.0000000000
115784  16.047  -84.412  37.789 0.0000000000
117614  13.654  -90.458  15.802 0.0000000000
117615  13.713  -90.525  14.986 0.0000000000
117616  13.485  -89.988  15.529 0.0000000000
117617  13.217  -89.549  15.310 0.0000000000
117618  12.833  -89.142  15.104 0.0000000000
117619  12.608  -88.743  16.896 0.0000000000
117620  12.600  -88.597  15.921 0.0000000000
117621  12.352  -88.746  14.922 0.0000000000
117653  18.975  -63.733  30.538 0.0000000000
117654  19.450  -63.862  29.990 0.0000000000
117655  19.896  -64.039  29.426 0.0000000000
117656  20.362  -64.234  28.875 0.0000000000
117783  12.862  -87.171  23.898 0.0000000000
117784  13.222  -87.109  23.243 0.0000000000
117785  13.042  -87.657  23.125 0.0000000000
117786  13.216  -88.136  22.377 0.0000000000
117787  13.421  -88.523  21.612 0.0000000000
117788  12.866  -89.294  22.243 0.0000000000
117789  13.253  -89.123  21.625 0.0000000000
117790  13.677  -88.980  20.977 0.0000000000
117791  13.985  -89.508  20.469 0.0000000000
117792  14.166  -90.110  19.952 0.0000000000
117793  14.367  -90.717  19.443 0.0000000000
117794  14.565  -91.322  19.009 0.0000000000
117795  14.129  -91.268  19.279 0.0000000000
117796  13.860  -91.535  18.789 0.0000000000
117797  13.627  -91.552  18.114 0.0000000000
117798  13.051  -90.888  18.841 0.0000000000
117799  13.267  -91.104  18.112 0.0000000000
117800  13.537  -91.308  17.527 0.0000000000
117801  13.516  -90.980  16.967 0.0000000000
117802  13.590  -90.695  16.403 0.0000000000
118277  13.507  -95.927  5.819 0.0000000000
118278  14.011  -96.366  5.141 0.0000000000
118279  14.116  -95.661  5.197 0.0000000000
118282  14.845  -94.068  4.760 0.0000000000
118287  17.508  -93.583  0.865 0.0000000000
120272  22.316  -79.993  42.125 0.0000000000
120273  22.571  -79.377  42.390 0.0000000000
120274  22.765  -79.993  41.758 0.0000000000
120275  23.165  -79.993  41.341 0.0000000000
120276  23.579  -79.871  40.913 0.0000000000
120278  23.563  -80.569  40.280 0.0000000000
120288  23.850  -82.123  36.394 0.0000000000
120290  23.680  -82.590  34.849 0.0000000000
120291  23.535  -83.272  33.951 0.0000000000
120292  23.531  -83.872  33.110 0.0000000000
120293  23.607  -84.458  32.437 0.0000000000
120294  23.398  -84.647  32.976 0.0000000000
120295  23.083  -85.304  32.851 0.0000000000
120296  22.612  -85.781  32.696 0.0000000000
120297  22.348  -85.395  34.026 0.0000000000
120298  22.172  -85.732  33.327 0.0000000000
120299  21.929  -86.105  32.573 0.0000000000
120300  21.096  -86.373  32.384 0.0000000000
120301  20.233  -86.555  32.263 0.0000000000
120302  19.363  -86.706  32.135 0.0000000000
120797  14.189  -88.115  5.963 0.0000000000
120798  14.426  -88.367  5.220 0.0000000000
120799  14.369  -88.143  5.114 0.0000000000
120800  14.322  -88.130  4.281 0.0000000000
120801  14.128  -88.118  3.423 0.0000000000
120802  14.279  -87.397  4.013 0.0000000000
120803  13.990  -87.836  3.292 0.0000000000
120804  13.855  -88.127  2.638 0.0000000000
122024  18.215  -74.554  37.637 0.0000000000
122025  18.488  -74.552  37.166 0.0000000000
122026  18.175  -73.969  37.308 0.0000000000
122027  18.136  -73.399  37.031 0.0000000000
122028  18.073  -72.790  36.748 0.0000000000
122029  17.650  -72.313  37.314 0.0000000000
122030  17.802  -72.253  36.912 0.0000000000
122031  17.982  -72.178  36.462 0.0000000000
122032  17.916  -71.536  36.270 0.0000000000
122033  17.845  -70.850  36.153 0.0000000000
122034  17.744  -70.140  36.086 0.0000000000
122036  13.436  -67.565  37.793 0.0000000000
122037  12.928  -67.188  37.608 0.0000000000
122038  13.188  -66.974  37.229 0.0000000000
122039  13.496  -66.672  36.905 0.0000000000
122040  12.154  -66.497  36.644 0.0000000000
122041  12.946  -66.400  36.654 0.0000000000
122042  13.770  -66.402  36.600 0.0000000000
122204  16.969  -74.761  40.234 0.0000000000
122207  17.286  -74.405  39.250 0.0000000000
122209  17.378  -73.966  38.921 0.0000000000
122210  17.492  -74.425  38.897 0.0000000000
122211  17.698  -74.449  38.536 0.0000000000
122212  17.977  -74.484  38.135 0.0000000000
125804  17.266  -99.178  11.806 0.0000000000
125805  17.066  -99.506  11.290 0.0000000000
125806  16.561  -99.258  11.816 0.0000000000
125807  15.880  -99.334  11.760 0.0000000000
125808  15.236  -99.410  11.618 0.0000000000
125809  15.106  -98.490  11.970 0.0000000000
125810  14.826  -98.977  11.742 0.0000000000
125811  14.584  -99.436  11.499 0.0000000000
125812  13.924  -99.458  11.426 0.0000000000
125813  13.262  -99.479  11.429 0.0000000000
125814  12.654  -99.406  11.579 0.0000000000
125825  9.311  -97.319  11.048 0.0000000000
125826  9.641  -97.397  10.429 0.0000000000
125827  9.253  -96.718  10.941 0.0000000000
125828  9.170  -96.042  10.806 0.0000000000
125829  9.047  -95.321  10.594 0.0000000000
125831  8.308  -94.895  10.911 0.0000000000
125832  8.874  -94.753  10.370 0.0000000000
125899  20.095  -75.621  32.502 0.0000000000
125900  20.127  -76.703  32.028 0.0000000000
125901  20.093  -76.011  31.757 0.0000000000
125902  19.996  -76.361  30.989 0.0000000000
125903  19.844  -76.618  30.268 0.0000000000
125904  19.933  -74.779  30.675 0.0000000000
125905  19.914  -75.873  30.079 0.0000000000
125906  19.548  -76.842  29.570 0.0000000000
125907  19.109  -77.022  28.938 0.0000000000
125908  18.673  -77.156  28.331 0.0000000000
125909  18.242  -77.341  27.679 0.0000000000
125910  20.114  -72.596  25.784 0.0000000000
125911  19.812  -73.461  25.690 0.0000000000
125912  19.770  -73.789  24.971 0.0000000000
125913  19.177  -74.889  24.269 0.0000000000
125914  18.498  -75.785  23.627 0.0000000000
125915  18.785  -75.193  22.816 0.0000000000
125916  18.262  -75.881  22.953 0.0000000000
125917  17.730  -76.543  23.149 0.0000000000
125918  16.746  -77.185  22.741 0.0000000000
125919  15.584  -77.520  22.535 0.0000000000
125920  14.514  -77.600  22.472 0.0000000000
125922  14.104  -77.185  22.002 0.0000000000
125923  13.791  -76.727  21.615 0.0000000000
125924  13.458  -76.123  21.395 0.0000000000
125925  14.965  -75.967  20.665 0.0000000000
125926  14.027  -75.769  20.908 0.0000000000
125927  13.133  -75.435  21.241 0.0000000000
125928  12.824  -74.690  21.155 0.0000000000
125937  21.577  -62.112  25.535 0.0000000000
125938  21.717  -62.879  25.506 0.0000000000
125939  22.109  -63.869  24.752 0.0000000000
125941  22.463  -66.130  22.909 0.0000000000
126226  21.927  -66.685  37.222 0.0000000000
126309  22.955  -85.945  26.816 0.0000000000
126311  22.670  -85.771  26.160 0.0000000000
126312  22.302  -85.464  25.662 0.0000000000
126313  21.864  -85.186  25.139 0.0000000000
126314  20.461  -85.639  25.525 0.0000000000
126315  20.960  -85.310  25.088 0.0000000000
126316  21.442  -84.948  24.620 0.0000000000
126317  21.082  -84.758  24.024 0.0000000000
126318  20.703  -84.595  23.416 0.0000000000
126319  20.363  -84.490  22.731 0.0000000000
126320  17.589  -87.573  19.392 0.0000000000
126321  17.879  -87.177  19.760 0.0000000000
126322  18.170  -87.595  19.304 0.0000000000
126356  17.715  -95.816  14.386 0.0000000000
126366  17.682  -97.841  13.569 0.0000000000
126367  18.087  -98.244  13.327 0.0000000000
126369  18.087  -98.773  12.534 0.0000000000
126370  17.681  -98.986  12.194 0.0000000000
130193  20.169  -80.523  42.114 0.0000000000
130198  21.829  -79.972  42.451 0.0000000000
130199  21.930  -80.690  41.909 0.0000000000
130200  22.019  -81.361  41.364 0.0000000000
130201  22.032  -82.017  40.825 0.0000000000
130202  21.371  -82.588  40.805 0.0000000000
130203  21.703  -82.645  40.494 0.0000000000
130204  22.059  -82.660  40.142 0.0000000000
130205  21.959  -83.321  39.534 0.0000000000
130206  21.791  -83.989  38.797 0.0000000000
130207  21.485  -84.606  37.962 0.0000000000
130208  21.156  -85.026  37.312 0.0000000000
130209  20.787  -85.025  37.862 0.0000000000
130210  20.001  -85.456  37.756 0.0000000000
130211  19.196  -85.898  37.613 0.0000000000
130212  19.244  -85.482  38.536 0.0000000000
130213  18.788  -85.922  38.024 0.0000000000
130214  18.271  -86.277  37.460 0.0000000000
130215  17.291  -86.601  37.271 0.0000000000
130216  16.292  -86.831  37.134 0.0000000000
130217  15.244  -86.974  37.016 0.0000000000
130218  17.900  -84.842  39.070 0.0000000000
130219  17.322  -85.375  38.748 0.0000000000
130220  16.682  -85.837  38.461 0.0000000000
130221  15.547  -85.633  38.242 0.0000000000
130222  15.780  -85.972  38.268 0.0000000000
130223  16.033  -86.282  38.160 0.0000000000
130224  15.370  -86.571  37.827 0.0000000000
130225  14.692  -86.851  37.424 0.0000000000
130226  14.195  -86.994  36.902 0.0000000000
130664  15.951  -84.607  5.046 0.0000000000
130665  15.645  -84.978  4.210 0.0000000000
130666  15.774  -84.531  4.073 0.0000000000
131784  12.819  -68.134  38.396 0.0000000000
131792  12.013  -68.177  38.413 0.0000000000
131793  12.340  -67.853  38.125 0.0000000000
135194  14.360  -95.048  11.959 0.0000000000
135195  13.997  -95.683  11.868 0.0000000000
135196  13.696  -95.061  12.091 0.0000000000
135197  13.108  -95.064  12.368 0.0000000000
135198  12.554  -95.049  12.710 0.0000000000
135199  13.120  -93.834  13.013 0.0000000000
135200  12.530  -94.393  13.017 0.0000000000
135201  12.053  -94.964  13.079 0.0000000000
135202  11.617  -94.861  13.392 0.0000000000
135203  11.121  -94.725  13.695 0.0000000000
135205  13.393  -90.963  14.267 0.0000000000
135206  12.845  -91.510  13.827 0.0000000000
135207  12.214  -92.117  13.638 0.0000000000
135280  19.437  -69.144  32.217 0.0000000000
135281  19.666  -70.312  31.486 0.0000000000
135282  19.660  -69.448  31.601 0.0000000000
135283  19.836  -69.720  30.946 0.0000000000
135284  20.004  -69.972  30.278 0.0000000000
135285  19.742  -68.013  31.239 0.0000000000
135286  20.036  -69.154  30.416 0.0000000000
135287  20.214  -70.290  29.598 0.0000000000
135288  20.292  -70.497  28.889 0.0000000000
135289  20.343  -70.753  28.171 0.0000000000
135290  20.380  -71.042  27.415 0.0000000000
135291  18.835  -64.883  31.616 0.0000000000
135292  19.573  -65.690  31.100 0.0000000000
135293  20.138  -66.783  30.296 0.0000000000
135294  20.338  -66.226  29.761 0.0000000000
135295  20.462  -67.054  29.635 0.0000000000
135296  20.501  -67.911  29.457 0.0000000000
135297  20.644  -69.074  28.552 0.0000000000
135298  20.596  -70.235  27.589 0.0000000000
135299  20.379  -71.403  26.672 0.0000000000
135300  20.387  -71.726  25.935 0.0000000000
135301  20.386  -72.068  25.156 0.0000000000
135302  20.342  -72.367  24.468 0.0000000000
135303  20.959  -70.363  25.515 0.0000000000
135304  20.686  -71.549  24.589 0.0000000000
135305  20.254  -72.645  23.723 0.0000000000
135306  20.157  -72.903  22.941 0.0000000000
135307  20.069  -73.175  22.171 0.0000000000
135308  19.923  -73.253  21.379 0.0000000000
135571  23.709  -71.004  37.739 0.0000000000
135577  25.684  -72.603  34.684 0.0000000000
135578  25.193  -71.621  34.993 0.0000000000
135579  24.640  -70.731  35.324 0.0000000000
135580  25.101  -70.393  34.072 0.0000000000
135581  24.569  -70.099  34.832 0.0000000000
135651  17.091  -86.867  25.663 0.0000000000
135652  17.663  -86.820  25.067 0.0000000000
135653  17.036  -86.645  24.919 0.0000000000
135654  16.907  -86.469  24.107 0.0000000000
135655  16.764  -86.360  23.332 0.0000000000
135656  15.731  -86.073  23.803 0.0000000000
135657  16.197  -86.211  23.071 0.0000000000
135658  16.692  -86.374  22.523 0.0000000000
135659  16.616  -86.448  21.754 0.0000000000
135660  16.627  -86.693  20.916 0.0000000000
135661  16.792  -87.087  20.176 0.0000000000
135662  13.638  -87.032  22.565 0.0000000000
135663  14.099  -87.010  21.874 0.0000000000
135664  14.600  -87.068  21.200 0.0000000000
135665  14.455  -87.971  20.316 0.0000000000
135666  14.764  -87.564  20.435 0.0000000000
135667  15.160  -87.150  20.605 0.0000000000
135668  15.772  -87.329  20.082 0.0000000000
135669  16.396  -87.408  19.748 0.0000000000
135670  17.000  -87.505  19.540 0.0000000000
135671  17.291  -87.891  18.992 0.0000000000
135672  17.584  -88.364  18.644 0.0000000000
135673  17.908  -88.908  18.408 0.0000000000
135674  16.968  -89.345  18.290 0.0000000000
135679  19.371  -91.140  18.337 0.0000000000
135680  19.801  -91.679  18.565 0.0000000000
135681  18.972  -91.722  18.346 0.0000000000
135682  18.647  -92.226  18.274 0.0000000000
135690  14.777  -91.816  18.408 0.0000000000
135691  14.997  -92.292  17.860 0.0000000000
135692  15.221  -92.470  17.143 0.0000000000
135693  14.567  -92.335  16.754 0.0000000000
135694  15.017  -92.521  16.621 0.0000000000
135695  15.497  -92.724  16.539 0.0000000000
135704  15.949  -94.025  13.021 0.0000000000
135705  15.468  -94.264  12.504 0.0000000000
135706  14.940  -94.633  12.202 0.0000000000
141884  11.130  -89.390  21.953 0.0000000000
141885  11.114  -89.075  21.040 0.0000000000
141886  10.708  -89.003  21.900 0.0000000000
141887  10.305  -88.597  21.858 0.0000000000
142256  23.647  -77.668  42.049 0.0000000000
142272  23.877  -72.428  39.071 0.0000000000
142273  24.327  -72.898  38.413 0.0000000000
142274  24.689  -74.224  38.742 0.0000000000
142275  24.766  -73.842  38.209 0.0000000000
142276  24.761  -73.463  37.693 0.0000000000
142277  25.249  -73.857  36.925 0.0000000000
142278  25.583  -74.301  36.151 0.0000000000
142279  25.765  -74.774  35.417 0.0000000000
142280  24.794  -78.329  37.916 0.0000000000
142288  25.742  -75.360  34.678 0.0000000000
142299  24.363  -80.607  28.711 0.0000000000
142300  24.527  -81.665  28.525 0.0000000000
142301  24.772  -82.663  28.384 0.0000000000
142302  24.394  -83.148  29.575 0.0000000000
142303  24.707  -83.395  28.917 0.0000000000
142304  24.955  -83.650  28.226 0.0000000000
142305  24.975  -84.584  28.008 0.0000000000
142308  23.685  -85.026  31.826 0.0000000000
142309  23.718  -85.459  31.158 0.0000000000
142310  23.700  -85.830  30.468 0.0000000000
142311  22.672  -86.524  30.844 0.0000000000
142312  23.182  -86.400  30.316 0.0000000000
142313  23.697  -86.190  29.745 0.0000000000
142314  23.561  -86.220  28.995 0.0000000000
142315  23.446  -86.247  28.252 0.0000000000
142316  23.230  -86.120  27.503 0.0000000000
142317  22.350  -86.201  27.463 0.0000000000
142318  21.460  -86.181  27.388 0.0000000000
142319  20.518  -86.164  27.322 0.0000000000
142320  20.141  -86.506  28.480 0.0000000000
142321  19.809  -86.324  27.769 0.0000000000
142322  19.551  -86.197  27.128 0.0000000000
142323  18.731  -86.376  26.891 0.0000000000
142324  18.142  -86.674  26.746 0.0000000000
142325  17.632  -87.002  26.610 0.0000000000
142326  20.800  -85.382  36.620 0.0000000000
142327  20.374  -85.662  35.840 0.0000000000
142328  19.964  -85.924  35.064 0.0000000000
142329  18.578  -86.420  35.560 0.0000000000
142330  19.016  -86.285  34.935 0.0000000000
142331  19.574  -86.182  34.267 0.0000000000
142332  19.152  -86.418  33.471 0.0000000000
142333  18.787  -86.653  32.720 0.0000000000
142334  18.454  -86.854  32.020 0.0000000000
142340  16.311  -87.073  33.134 0.0000000000
142341  16.921  -87.020  32.500 0.0000000000
142342  17.541  -87.006  31.905 0.0000000000
142343  18.134  -87.028  31.334 0.0000000000
142344  17.771  -87.110  30.672 0.0000000000
142345  17.468  -87.175  29.949 0.0000000000
142346  17.233  -87.121  29.244 0.0000000000
142347  16.011  -87.365  29.609 0.0000000000
142348  16.567  -87.335  29.124 0.0000000000
142349  17.096  -87.110  28.531 0.0000000000
142350  17.041  -87.131  27.819 0.0000000000
142351  17.052  -87.181  27.137 0.0000000000
142352  17.075  -87.017  26.391 0.0000000000
142353  16.541  -86.916  26.270 0.0000000000
142354  16.038  -86.667  26.191 0.0000000000
142355  15.535  -86.366  26.092 0.0000000000
142356  15.087  -86.525  27.432 0.0000000000
142357  15.076  -86.307  26.699 0.0000000000
142358  14.990  -86.056  25.990 0.0000000000
142359  14.380  -85.936  25.756 0.0000000000
142360  13.741  -85.964  25.468 0.0000000000
142361  13.179  -86.213  25.112 0.0000000000
142368  12.492  -86.049  26.555 0.0000000000
142369  12.578  -86.303  25.622 0.0000000000
142370  12.732  -86.703  24.764 0.0000000000
142371  12.462  -87.352  24.487 0.0000000000
142372  12.290  -87.959  24.282 0.0000000000
142373  12.151  -88.591  24.093 0.0000000000
142376  11.855  -89.159  23.890 0.0000000000
142377  11.580  -89.490  23.402 0.0000000000
142378  11.300  -89.599  22.735 0.0000000000
143618  14.281  -90.926  6.367 0.0000000000
143619  14.859  -91.254  5.661 0.0000000000
143620  14.865  -90.792  5.617 0.0000000000
143621  15.267  -90.602  4.801 0.0000000000
143622  15.491  -90.449  3.889 0.0000000000
143623  15.186  -89.877  4.698 0.0000000000
143624  15.395  -90.082  3.902 0.0000000000
143625  15.556  -90.317  2.954 0.0000000000
143626  15.431  -90.236  2.048 0.0000000000
143627  15.156  -90.227  1.224 0.0000000000
143628  14.754  -90.245  0.368 0.0000000000
143629  14.628  -88.546  4.451 0.0000000000
143630  14.806  -88.681  3.719 0.0000000000
143631  14.812  -88.971  2.954 0.0000000000
143636  14.414  -89.953  0.432 0.0000000000
143647  15.120  -85.372  3.292 0.0000000000
143648  14.411  -85.797  2.588 0.0000000000
146804  19.658  -80.357  36.724 0.0000000000
146805  19.365  -80.724  35.861 0.0000000000
146806  19.839  -79.860  36.200 0.0000000000
146807  20.024  -79.277  35.662 0.0000000000
146808  20.161  -78.694  35.215 0.0000000000
146809  20.156  -77.575  36.240 0.0000000000
146810  20.264  -77.841  35.476 0.0000000000
146811  20.233  -78.106  34.685 0.0000000000
146812  20.235  -77.504  34.223 0.0000000000
146813  20.187  -76.866  33.824 0.0000000000
146814  20.104  -76.179  33.462 0.0000000000
146815  18.843  -74.612  36.697 0.0000000000
146816  19.155  -74.692  36.146 0.0000000000
146817  19.442  -74.781  35.585 0.0000000000
146818  18.882  -73.404  35.511 0.0000000000
146819  19.291  -74.150  35.277 0.0000000000
146820  19.640  -74.917  34.988 0.0000000000
146821  19.797  -75.063  34.370 0.0000000000
146822  19.899  -75.268  33.769 0.0000000000
146823  19.988  -75.461  33.123 0.0000000000
146824  19.855  -74.713  32.906 0.0000000000
146825  19.687  -73.956  32.711 0.0000000000
146826  19.523  -73.204  32.576 0.0000000000
146827  19.105  -72.187  33.571 0.0000000000
146828  19.271  -72.306  33.047 0.0000000000
146829  19.381  -72.433  32.518 0.0000000000
146830  19.266  -71.616  32.551 0.0000000000
146831  19.294  -70.819  32.585 0.0000000000
146832  19.284  -69.941  32.626 0.0000000000
146833  16.623  -70.533  38.195 0.0000000000
146834  16.845  -70.312  37.926 0.0000000000
146835  17.002  -70.136  37.550 0.0000000000
146836  16.158  -69.221  37.854 0.0000000000
146837  16.705  -69.572  37.457 0.0000000000
146838  17.077  -69.939  37.155 0.0000000000
146839  17.213  -69.757  36.803 0.0000000000
146842  14.225  -67.668  37.618 0.0000000000
146843  15.028  -67.762  37.420 0.0000000000
146844  15.768  -67.875  37.124 0.0000000000
146845  15.530  -67.318  36.727 0.0000000000
146846  15.987  -67.688  36.783 0.0000000000
146847  16.386  -68.103  36.813 0.0000000000
146851  18.027  -69.244  35.324 0.0000000000
146852  18.255  -69.135  34.908 0.0000000000
146853  18.517  -68.969  34.504 0.0000000000
146855  18.302  -68.235  34.572 0.0000000000
146856  18.728  -68.959  34.053 0.0000000000
146857  18.906  -68.977  33.615 0.0000000000
146858  19.054  -68.962  33.151 0.0000000000
146859  19.234  -69.065  32.703 0.0000000000
146860  19.134  -68.264  32.807 0.0000000000
146861  18.954  -67.516  32.887 0.0000000000
146862  18.687  -66.812  32.986 0.0000000000
146864  18.097  -66.204  33.398 0.0000000000
146865  18.392  -66.159  32.969 0.0000000000
146866  18.051  -65.543  32.941 0.0000000000
147273  17.602  -77.285  42.252 0.0000000000
147274  17.879  -77.510  41.955 0.0000000000
147275  18.129  -77.733  41.620 0.0000000000
147276  17.065  -75.163  40.257 0.0000000000
147277  17.203  -75.601  40.366 0.0000000000
147278  17.314  -76.061  40.531 0.0000000000
147279  17.556  -75.748  39.689 0.0000000000
147280  17.562  -76.166  40.161 0.0000000000
147281  17.501  -76.515  40.673 0.0000000000
147282  17.747  -76.987  40.861 0.0000000000
147283  18.014  -77.446  41.034 0.0000000000
147284  18.328  -77.939  41.294 0.0000000000
147285  18.549  -78.083  41.003 0.0000000000
147286  18.819  -78.216  40.583 0.0000000000
147287  19.168  -78.465  40.080 0.0000000000
147288  18.990  -77.527  39.494 0.0000000000
147289  19.287  -78.074  39.558 0.0000000000
147290  19.540  -78.758  39.455 0.0000000000
147291  19.864  -79.208  38.617 0.0000000000
147292  19.853  -79.812  37.648 0.0000000000
156561  16.902  -99.838  10.724 0.0000000000
156564  15.406  -100.473  10.183 0.0000000000
156579  13.609  -96.283  11.901 0.0000000000
156580  13.248  -96.857  11.956 0.0000000000
156581  12.969  -97.445  12.032 0.0000000000
156582  12.037  -96.843  12.648 0.0000000000
156583  12.319  -97.425  12.363 0.0000000000
156584  12.624  -97.935  12.026 0.0000000000
156585  12.401  -98.459  12.040 0.0000000000
156586  12.217  -98.940  11.960 0.0000000000
156587  12.031  -99.380  11.754 0.0000000000
156590  10.253  -97.699  13.125 0.0000000000
156593  10.604  -98.261  12.843 0.0000000000
156594  11.036  -98.855  12.437 0.0000000000
156595  11.468  -99.346  11.913 0.0000000000
156596  11.939  -99.784  11.359 0.0000000000
156597  11.824  -100.120  10.526 0.0000000000
156598  11.815  -100.443  9.624 0.0000000000
156599  11.789  -100.698  8.694 0.0000000000
156600  11.048  -100.070  9.555 0.0000000000
156601  11.441  -100.486  8.669 0.0000000000
156602  11.866  -100.854  7.729 0.0000000000
156603  12.007  -100.889  6.822 0.0000000000
156609  11.480  -99.354  6.775 0.0000000000
156610  11.927  -99.110  6.030 0.0000000000
156612  12.465  -98.220  5.601 0.0000000000
156613  12.492  -97.618  5.763 0.0000000000
156614  12.684  -97.001  6.057 0.0000000000
156615  9.898  -97.375  9.822 0.0000000000
156616  10.275  -97.352  9.298 0.0000000000
156617  10.650  -97.277  8.671 0.0000000000
156618  10.441  -95.775  9.365 0.0000000000
156619  10.823  -96.494  8.866 0.0000000000
156620  11.117  -97.131  8.067 0.0000000000
156621  11.600  -97.012  7.447 0.0000000000
156622  12.222  -96.704  6.862 0.0000000000
156623  12.841  -96.327  6.352 0.0000000000
156624  12.991  -95.663  6.658 0.0000000000
156625  13.110  -95.022  7.007 0.0000000000
156626  13.348  -94.364  7.281 0.0000000000
156627  12.192  -94.246  8.425 0.0000000000
156628  12.811  -94.034  7.918 0.0000000000
156629  13.478  -93.663  7.322 0.0000000000
156630  13.495  -92.965  7.297 0.0000000000
156631  13.537  -92.316  7.222 0.0000000000
156632  13.625  -91.737  7.100 0.0000000000
156633  11.173  -88.681  20.144 0.0000000000
156634  11.255  -88.247  19.344 0.0000000000
156635  11.203  -87.762  18.485 0.0000000000
156636  10.395  -87.503  19.406 0.0000000000
156637  10.723  -87.440  18.493 0.0000000000
156638  11.027  -87.428  17.619 0.0000000000
156639  10.761  -87.334  16.780 0.0000000000
156707  10.251  -92.298  8.463 0.0000000000
156710  11.064  -92.103  8.346 0.0000000000
156711  11.913  -91.816  8.046 0.0000000000
156712  12.798  -91.510  7.569 0.0000000000
156713  13.551  -91.183  7.015 0.0000000000
156714  13.599  -90.727  6.919 0.0000000000
156715  13.527  -90.280  6.950 0.0000000000
156716  13.500  -89.862  6.978 0.0000000000
156717  11.849  -89.604  7.847 0.0000000000
156718  12.753  -89.548  7.471 0.0000000000
156719  13.589  -89.470  6.936 0.0000000000
156720  13.561  -89.080  6.913 0.0000000000
156721  13.590  -88.738  6.851 0.0000000000
156722  13.640  -88.402  6.789 0.0000000000
156730  13.040  -88.030  7.370 0.0000000000
156731  13.707  -88.096  6.754 0.0000000000
156732  13.816  -87.786  6.698 0.0000000000
156733  13.991  -87.380  6.601 0.0000000000
156734  14.273  -86.834  6.621 0.0000000000
156735  13.306  -86.243  8.076 0.0000000000
156736  14.154  -86.351  7.432 0.0000000000
156737  14.625  -86.354  6.581 0.0000000000
156738  14.969  -85.925  6.506 0.0000000000
156739  15.319  -85.549  6.343 0.0000000000
156740  15.654  -85.190  6.110 0.0000000000
156765  14.930  -84.686  7.847 0.0000000000
156766  15.492  -84.768  6.989 0.0000000000
156767  15.857  -84.741  6.028 0.0000000000
156768  16.064  -84.353  5.939 0.0000000000
156769  16.238  -83.903  5.834 0.0000000000
156795  18.781  -81.067  35.052 0.0000000000
156796  18.147  -81.265  34.350 0.0000000000
156798  18.896  -80.232  33.224 0.0000000000
156802  15.562  -80.954  32.322 0.0000000000
156804  19.896  -77.682  31.603 0.0000000000
156805  19.414  -78.573  31.240 0.0000000000
156806  18.512  -79.256  31.041 0.0000000000
156807  18.232  -78.716  30.044 0.0000000000
156808  17.912  -79.248  30.527 0.0000000000
156809  17.495  -79.749  31.009 0.0000000000
156810  16.393  -80.148  31.053 0.0000000000
156811  15.314  -80.492  31.160 0.0000000000
156822  19.781  -71.438  30.706 0.0000000000
156823  19.842  -72.583  29.896 0.0000000000
156824  19.805  -73.674  29.204 0.0000000000
156825  19.808  -73.087  28.528 0.0000000000
156826  19.704  -73.977  28.505 0.0000000000
156827  19.593  -74.826  28.515 0.0000000000
156828  19.182  -75.835  27.917 0.0000000000
156829  18.587  -76.624  27.464 0.0000000000
156830  17.845  -77.412  27.159 0.0000000000
156831  19.471  -74.292  25.681 0.0000000000
156832  19.111  -75.045  25.725 0.0000000000
156833  18.703  -75.771  25.777 0.0000000000
156834  17.876  -76.944  24.647 0.0000000000
156835  18.100  -76.664  25.315 0.0000000000
156836  18.319  -76.421  25.992 0.0000000000
156837  17.918  -77.014  26.253 0.0000000000
156838  17.512  -77.578  26.586 0.0000000000
156839  17.110  -78.125  27.000 0.0000000000
156840  16.321  -78.792  26.929 0.0000000000
156841  15.405  -79.349  26.908 0.0000000000
156842  14.295  -79.609  26.956 0.0000000000
156843  14.349  -79.202  25.732 0.0000000000
156844  13.812  -79.426  26.382 0.0000000000
156845  13.185  -79.630  27.023 0.0000000000
156846  12.123  -79.425  27.162 0.0000000000
156884  20.751  -64.406  28.271 0.0000000000
156888  21.280  -63.406  26.559 0.0000000000
156891  20.853  -63.808  27.699 0.0000000000
156892  21.065  -64.612  27.589 0.0000000000
156893  21.241  -65.478  27.475 0.0000000000
156894  21.512  -66.612  26.573 0.0000000000
156895  21.540  -67.861  25.571 0.0000000000
156896  21.410  -69.099  24.570 0.0000000000
156897  21.631  -68.348  24.093 0.0000000000
156898  21.440  -69.386  23.813 0.0000000000
156899  21.205  -70.372  23.511 0.0000000000
156900  20.852  -71.547  22.486 0.0000000000
156901  20.413  -72.459  21.544 0.0000000000
156902  19.764  -73.290  20.647 0.0000000000
156922  21.491  -70.122  20.747 0.0000000000
157847  24.648  -79.963  27.636 0.0000000000
157874  18.176  -86.728  24.574 0.0000000000
157875  18.598  -86.498  24.156 0.0000000000
157876  18.822  -86.149  23.754 0.0000000000
157877  18.203  -86.223  22.861 0.0000000000
157878  18.634  -86.030  23.078 0.0000000000
157879  19.032  -85.734  23.293 0.0000000000
157880  19.318  -85.285  22.830 0.0000000000
157881  19.661  -84.836  22.435 0.0000000000
157882  20.004  -84.435  22.064 0.0000000000
157883  18.078  -86.715  20.071 0.0000000000
157884  18.231  -86.250  20.344 0.0000000000
157885  18.416  -85.808  20.573 0.0000000000
157886  18.939  -85.956  19.643 0.0000000000
157887  18.787  -85.619  20.182 0.0000000000
157888  18.711  -85.324  20.780 0.0000000000
157889  19.180  -84.896  21.052 0.0000000000
157890  19.735  -84.460  21.347 0.0000000000
157891  20.409  -84.001  21.638 0.0000000000
157892  20.844  -83.609  21.154 0.0000000000
157893  21.286  -83.198  20.684 0.0000000000
157958  19.922  -93.726  18.401 0.0000000000
161737  15.229  -91.578  4.907 0.0000000000
161738  15.549  -91.970  4.071 0.0000000000
161739  15.918  -92.351  3.139 0.0000000000
161740  16.029  -91.564  2.114 0.0000000000
161741  16.260  -92.065  2.202 0.0000000000
161742  16.436  -92.670  2.371 0.0000000000
161743  16.980  -92.814  1.608 0.0000000000
161744  17.385  -92.959  0.776 0.0000000000
