#!ascii label  , from subject fsaverage vox2ras=TkReg
934
325  46.430  14.256  -23.611 0.0000000000
431  52.151  8.481  -16.605 0.0000000000
508  52.548  6.167  1.305 0.0000000000
635  56.677  4.038  -7.798 0.0000000000
958  49.214  4.324  -17.495 0.0000000000
1341  28.355  5.567  -34.328 0.0000000000
1425  55.808  2.839  -12.305 0.0000000000
1737  45.062  6.735  -23.859 0.0000000000
1738  42.186  7.173  -26.206 0.0000000000
1964  44.757  -2.472  -19.985 0.0000000000
1965  47.371  6.185  -21.126 0.0000000000
1966  49.677  11.911  -19.848 0.0000000000
1967  50.549  8.111  -21.539 0.0000000000
2439  39.033  5.767  -27.610 0.0000000000
2542  54.326  6.241  -12.142 0.0000000000
3855  45.417  11.418  -23.864 0.0000000000
3856  43.772  11.943  -25.635 0.0000000000
3857  44.391  15.484  -25.606 0.0000000000
4313  46.513  1.527  -20.988 0.0000000000
4314  47.367  0.825  -19.546 0.0000000000
4315  50.598  7.893  -16.431 0.0000000000
4316  49.587  9.513  -18.260 0.0000000000
4317  51.078  10.411  -18.180 0.0000000000
4318  50.769  10.771  -20.590 0.0000000000
4319  51.945  9.080  -18.958 0.0000000000
5450  36.436  2.794  -19.650 0.0000000000
5451  34.565  3.171  -18.910 0.0000000000
5452  35.863  1.882  -21.400 0.0000000000
5457  36.175  5.873  -30.490 0.0000000000
5710  53.773  5.022  -10.377 0.0000000000
5711  55.757  5.625  -9.895 0.0000000000
5713  54.360  3.387  -15.256 0.0000000000
6057  47.744  13.964  -24.222 0.0000000000
6058  45.701  15.801  -26.501 0.0000000000
6334  50.213  3.466  -15.357 0.0000000000
6335  51.900  6.775  -14.597 0.0000000000
7021  30.308  6.162  -32.784 0.0000000000
7171  57.060  4.235  -9.893 0.0000000000
7893  44.411  2.094  -22.944 0.0000000000
7895  43.718  7.200  -25.199 0.0000000000
7896  42.123  11.526  -27.271 0.0000000000
8487  45.531  1.868  -22.123 0.0000000000
8488  46.222  6.526  -22.591 0.0000000000
8489  46.877  10.933  -22.151 0.0000000000
8490  48.392  5.347  -19.376 0.0000000000
8491  48.333  10.528  -20.268 0.0000000000
8492  48.131  13.105  -21.699 0.0000000000
8493  49.290  12.448  -22.318 0.0000000000
8494  49.389  9.862  -23.156 0.0000000000
8495  48.663  6.633  -24.144 0.0000000000
9876  37.661  7.509  -30.580 0.0000000000
9894  28.966  0.786  -36.323 0.0000000000
10181  52.725  5.731  -12.382 0.0000000000
10182  53.341  6.980  -14.530 0.0000000000
10183  55.613  5.103  -12.100 0.0000000000
10184  54.248  5.739  -14.792 0.0000000000
10185  53.156  6.955  -17.067 0.0000000000
10186  51.946  6.116  -19.864 0.0000000000
10187  50.261  5.027  -22.452 0.0000000000
11535  45.841  13.162  -23.579 0.0000000000
11536  44.874  13.867  -24.593 0.0000000000
11537  45.447  15.023  -24.569 0.0000000000
11995  51.447  8.665  -16.418 0.0000000000
11996  50.898  9.548  -17.209 0.0000000000
11997  51.618  9.539  -17.495 0.0000000000
11998  51.615  9.967  -18.596 0.0000000000
11999  52.117  9.049  -17.769 0.0000000000
13129  37.276  2.241  -19.554 0.0000000000
13130  37.048  2.014  -20.531 0.0000000000
13131  36.200  2.398  -20.589 0.0000000000
13144  27.372  2.624  -33.801 0.0000000000
13145  26.725  2.017  -34.101 0.0000000000
13389  55.799  4.132  -7.954 0.0000000000
13390  55.389  4.927  -8.936 0.0000000000
13391  56.297  4.879  -8.768 0.0000000000
13935  48.054  13.125  -24.534 0.0000000000
13936  47.170  14.044  -25.774 0.0000000000
14398  50.986  5.500  -14.896 0.0000000000
14399  51.523  5.177  -13.799 0.0000000000
17325  44.825  4.358  -23.503 0.0000000000
17326  44.193  4.645  -24.084 0.0000000000
17327  44.386  7.106  -24.552 0.0000000000
17329  42.921  11.812  -26.473 0.0000000000
17330  42.036  13.603  -27.514 0.0000000000
17331  41.338  13.162  -28.362 0.0000000000
18697  44.257  -2.197  -20.440 0.0000000000
18698  44.788  -0.191  -21.563 0.0000000000
18699  45.280  -0.446  -21.077 0.0000000000
18700  47.009  3.735  -21.161 0.0000000000
18701  46.490  4.005  -21.871 0.0000000000
18702  46.791  6.407  -21.884 0.0000000000
18703  46.489  8.869  -22.477 0.0000000000
18704  47.207  8.764  -21.634 0.0000000000
18705  48.706  2.146  -17.807 0.0000000000
18706  48.302  2.659  -18.709 0.0000000000
18707  48.777  4.871  -18.422 0.0000000000
18708  49.683  11.101  -18.883 0.0000000000
18709  48.995  10.136  -19.254 0.0000000000
18710  48.965  11.628  -19.755 0.0000000000
18711  48.204  12.116  -20.812 0.0000000000
18712  48.938  12.545  -20.682 0.0000000000
18713  48.787  13.044  -21.903 0.0000000000
18714  49.590  12.362  -20.998 0.0000000000
18715  50.810  9.588  -21.090 0.0000000000
18716  50.178  10.509  -21.885 0.0000000000
18717  49.881  9.020  -22.365 0.0000000000
18718  48.929  8.246  -23.652 0.0000000000
18719  49.551  7.354  -22.820 0.0000000000
22113  34.521  2.353  -19.618 0.0000000000
22118  42.816  5.066  -25.123 0.0000000000
22120  42.047  5.079  -25.475 0.0000000000
22122  40.432  4.750  -25.946 0.0000000000
22123  39.654  4.600  -26.166 0.0000000000
22125  38.916  4.154  -26.406 0.0000000000
22130  37.022  5.159  -29.210 0.0000000000
22887  54.096  5.933  -11.144 0.0000000000
22888  53.167  5.370  -11.365 0.0000000000
22889  53.487  6.259  -12.246 0.0000000000
22890  53.079  6.638  -13.364 0.0000000000
22891  53.780  6.646  -13.321 0.0000000000
22892  56.692  3.679  -11.051 0.0000000000
22893  56.438  4.856  -10.988 0.0000000000
22894  55.928  4.132  -12.188 0.0000000000
22895  53.950  3.795  -16.760 0.0000000000
22896  54.394  4.619  -15.018 0.0000000000
22897  54.026  5.052  -16.345 0.0000000000
22898  53.787  6.153  -15.945 0.0000000000
22899  53.493  5.607  -17.470 0.0000000000
22900  52.682  6.528  -18.502 0.0000000000
22901  52.866  5.137  -19.066 0.0000000000
22903  51.039  4.328  -21.858 0.0000000000
25371  45.252  9.139  -23.977 0.0000000000
25372  44.534  9.447  -24.778 0.0000000000
25373  44.606  11.799  -24.734 0.0000000000
25374  43.907  14.088  -25.579 0.0000000000
26194  45.157  -2.901  -19.438 0.0000000000
26195  45.768  -0.697  -20.528 0.0000000000
26196  46.202  -0.986  -19.932 0.0000000000
26197  46.970  1.257  -20.327 0.0000000000
26198  47.483  3.443  -20.438 0.0000000000
26199  49.796  6.315  -16.935 0.0000000000
26200  49.403  7.075  -17.918 0.0000000000
26201  50.072  8.742  -17.407 0.0000000000
26202  50.343  10.363  -17.996 0.0000000000
26203  50.475  11.186  -18.973 0.0000000000
26204  50.420  11.528  -20.165 0.0000000000
26205  51.054  10.768  -19.411 0.0000000000
26206  51.460  9.970  -19.772 0.0000000000
26207  51.426  8.693  -20.308 0.0000000000
28244  35.467  3.150  -19.487 0.0000000000
28245  35.281  2.493  -20.222 0.0000000000
28248  41.362  7.067  -26.647 0.0000000000
28265  27.867  4.890  -34.849 0.0000000000
28266  28.668  3.883  -33.277 0.0000000000
28267  27.979  3.277  -33.603 0.0000000000
28709  54.299  4.384  -9.317 0.0000000000
28710  54.796  5.645  -10.062 0.0000000000
28711  55.000  6.008  -11.010 0.0000000000
29493  47.142  14.386  -23.799 0.0000000000
29494  46.163  15.419  -24.902 0.0000000000
29495  46.884  15.017  -25.287 0.0000000000
30137  49.162  1.807  -16.849 0.0000000000
30139  49.638  1.390  -15.884 0.0000000000
30140  49.700  3.803  -16.428 0.0000000000
30141  50.370  5.837  -15.900 0.0000000000
30142  51.235  7.268  -15.534 0.0000000000
30143  52.070  7.861  -15.574 0.0000000000
30795  53.376  5.616  1.476 0.0000000000
31740  31.736  7.336  -32.657 0.0000000000
31741  31.434  6.004  -32.074 0.0000000000
32089  57.018  4.321  -8.812 0.0000000000
32092  56.518  2.476  -11.140 0.0000000000
34041  43.631  0.142  -22.230 0.0000000000
34042  43.053  0.641  -22.644 0.0000000000
34043  43.781  2.450  -23.512 0.0000000000
34044  43.534  4.806  -24.586 0.0000000000
34045  42.938  7.369  -25.767 0.0000000000
34046  43.789  9.581  -25.593 0.0000000000
34052  45.025  16.030  -25.972 0.0000000000
35733  44.232  0.006  -21.937 0.0000000000
35734  45.005  2.012  -22.604 0.0000000000
35735  45.394  4.279  -23.005 0.0000000000
35736  46.024  1.684  -21.568 0.0000000000
35737  45.954  4.135  -22.452 0.0000000000
35738  45.638  6.674  -23.234 0.0000000000
35739  45.861  9.013  -23.209 0.0000000000
35740  46.131  11.198  -23.005 0.0000000000
35741  46.619  12.715  -22.716 0.0000000000
35743  47.921  3.055  -19.591 0.0000000000
35744  47.915  5.835  -20.286 0.0000000000
35745  48.911  7.724  -18.888 0.0000000000
35746  48.426  8.177  -19.838 0.0000000000
35747  47.783  8.498  -20.736 0.0000000000
35748  47.599  10.803  -21.185 0.0000000000
35749  47.422  12.447  -21.796 0.0000000000
35750  47.326  13.612  -22.667 0.0000000000
35751  47.983  13.668  -22.906 0.0000000000
35752  48.566  13.272  -23.214 0.0000000000
35753  48.783  12.292  -23.677 0.0000000000
35754  50.111  11.632  -21.404 0.0000000000
35755  49.517  11.386  -22.733 0.0000000000
35756  48.748  10.812  -24.064 0.0000000000
35757  48.454  9.091  -24.511 0.0000000000
39858  41.251  4.815  -25.673 0.0000000000
39867  36.916  6.651  -30.623 0.0000000000
39869  38.376  5.175  -27.960 0.0000000000
39922  29.110  -0.243  -35.650 0.0000000000
40777  52.828  3.783  -10.762 0.0000000000
40778  52.363  4.191  -11.762 0.0000000000
40779  51.956  4.647  -12.757 0.0000000000
40780  52.326  6.245  -13.545 0.0000000000
40781  52.649  7.065  -14.518 0.0000000000
40782  52.806  7.548  -15.515 0.0000000000
40783  56.511  5.068  -9.864 0.0000000000
40784  55.825  5.644  -10.976 0.0000000000
40785  55.046  5.873  -12.143 0.0000000000
40786  55.040  4.300  -13.556 0.0000000000
40787  54.853  5.381  -13.447 0.0000000000
40788  54.371  6.221  -13.437 0.0000000000
40789  53.831  6.533  -14.565 0.0000000000
40790  53.331  7.099  -15.671 0.0000000000
40791  52.742  7.908  -16.680 0.0000000000
40792  52.550  8.012  -17.955 0.0000000000
40793  52.038  7.809  -19.243 0.0000000000
40794  51.287  7.239  -20.546 0.0000000000
40795  51.980  4.724  -20.472 0.0000000000
40796  51.153  5.580  -21.127 0.0000000000
40797  50.339  6.467  -21.936 0.0000000000
40798  49.458  5.790  -23.225 0.0000000000
42255  46.095  13.767  -23.546 0.0000000000
42256  45.626  14.191  -24.023 0.0000000000
42257  45.921  14.613  -24.082 0.0000000000
42715  51.799  8.701  -16.499 0.0000000000
42716  51.547  9.153  -16.952 0.0000000000
42717  51.856  9.072  -17.134 0.0000000000
42718  51.878  9.336  -17.661 0.0000000000
42719  52.150  8.768  -17.189 0.0000000000
43181  52.879  6.560  1.236 0.0000000000
43851  36.873  1.907  -21.055 0.0000000000
44108  55.950  3.648  -7.457 0.0000000000
44109  56.326  4.162  -7.878 0.0000000000
44110  56.106  4.623  -8.359 0.0000000000
44111  56.528  4.457  -8.308 0.0000000000
44656  47.590  12.915  -25.413 0.0000000000
45118  51.128  4.201  -14.005 0.0000000000
45119  51.355  4.181  -13.552 0.0000000000
48045  44.949  5.633  -23.742 0.0000000000
48046  44.623  5.713  -24.012 0.0000000000
48047  44.727  7.002  -24.237 0.0000000000
48048  42.576  14.691  -27.136 0.0000000000
48049  42.478  13.843  -27.085 0.0000000000
48051  41.705  14.315  -28.093 0.0000000000
49416  43.882  -3.138  -19.874 0.0000000000
49417  44.531  -2.313  -20.255 0.0000000000
49419  45.051  -1.544  -20.506 0.0000000000
49420  47.175  4.902  -21.183 0.0000000000
49421  46.931  5.087  -21.553 0.0000000000
49422  47.092  6.254  -21.498 0.0000000000
49423  46.992  7.563  -21.790 0.0000000000
49424  47.290  7.445  -21.384 0.0000000000
49425  48.984  3.314  -17.652 0.0000000000
49426  48.733  3.478  -18.130 0.0000000000
49427  49.012  4.585  -17.917 0.0000000000
49428  49.706  11.623  -19.374 0.0000000000
49429  49.290  11.360  -19.321 0.0000000000
49430  49.325  11.855  -19.734 0.0000000000
49431  48.951  12.128  -20.154 0.0000000000
49432  49.331  12.198  -20.221 0.0000000000
49433  49.292  12.468  -20.814 0.0000000000
49434  49.641  12.141  -20.374 0.0000000000
49435  50.695  8.909  -21.332 0.0000000000
49436  50.369  9.368  -21.734 0.0000000000
49437  50.186  8.576  -21.968 0.0000000000
49438  49.680  8.216  -22.589 0.0000000000
49439  49.999  7.725  -22.188 0.0000000000
52833  34.478  1.986  -19.941 0.0000000000
52834  34.192  2.251  -19.117 0.0000000000
52838  42.553  6.124  -25.677 0.0000000000
52839  42.437  5.057  -25.312 0.0000000000
52840  42.111  6.093  -25.861 0.0000000000
52842  39.781  5.369  -26.677 0.0000000000
52843  39.385  5.258  -26.919 0.0000000000
52844  39.271  4.453  -26.310 0.0000000000
52845  39.017  4.982  -27.015 0.0000000000
52850  36.691  4.104  -28.301 0.0000000000
52868  28.769  5.830  -33.991 0.0000000000
52869  29.252  5.180  -33.290 0.0000000000
52870  28.841  5.000  -33.618 0.0000000000
53607  54.216  6.149  -11.606 0.0000000000
53608  53.802  6.117  -11.677 0.0000000000
53609  53.948  6.330  -12.210 0.0000000000
53610  53.625  6.514  -12.784 0.0000000000
53611  54.048  6.454  -12.762 0.0000000000
53612  56.288  3.289  -11.655 0.0000000000
53613  56.347  3.925  -11.630 0.0000000000
53614  55.920  3.439  -12.289 0.0000000000
53615  53.830  4.047  -17.368 0.0000000000
53616  54.026  4.409  -16.544 0.0000000000
53617  53.841  4.711  -17.122 0.0000000000
53618  53.764  5.307  -16.903 0.0000000000
53619  53.541  4.989  -17.730 0.0000000000
53620  53.230  5.383  -18.239 0.0000000000
53621  53.257  4.694  -18.550 0.0000000000
57645  45.323  10.155  -23.885 0.0000000000
57646  44.930  10.499  -24.352 0.0000000000
57647  45.032  11.653  -24.273 0.0000000000
57648  44.643  14.800  -25.043 0.0000000000
57649  44.399  14.016  -25.048 0.0000000000
57650  44.108  14.882  -25.581 0.0000000000
57651  43.563  14.909  -26.113 0.0000000000
57652  43.825  15.536  -26.172 0.0000000000
59015  45.005  -4.032  -18.716 0.0000000000
59016  44.791  -3.853  -18.972 0.0000000000
59017  45.367  -3.004  -19.182 0.0000000000
59020  46.988  -0.232  -19.450 0.0000000000
59021  46.799  -0.024  -19.819 0.0000000000
59022  47.179  1.094  -19.971 0.0000000000
59023  47.241  2.310  -20.403 0.0000000000
59024  47.456  2.120  -20.004 0.0000000000
59025  50.198  7.180  -16.643 0.0000000000
59026  49.919  7.604  -17.177 0.0000000000
59027  50.341  8.312  -16.918 0.0000000000
59028  51.033  10.081  -17.619 0.0000000000
59029  50.619  9.947  -17.617 0.0000000000
59030  50.720  10.462  -18.042 0.0000000000
59031  50.419  10.849  -18.445 0.0000000000
59032  50.763  10.824  -18.571 0.0000000000
59033  50.789  11.023  -19.171 0.0000000000
59034  51.085  10.633  -18.780 0.0000000000
59035  51.808  9.586  -18.715 0.0000000000
59036  51.551  10.015  -19.162 0.0000000000
59037  51.721  9.543  -19.360 0.0000000000
59038  51.510  9.401  -20.008 0.0000000000
59039  51.744  8.921  -19.605 0.0000000000
62425  37.635  2.108  -18.741 0.0000000000
62426  36.888  2.527  -19.595 0.0000000000
62427  36.947  2.711  -19.068 0.0000000000
62428  36.533  3.012  -19.071 0.0000000000
62430  36.056  3.293  -19.082 0.0000000000
62431  35.562  3.469  -18.968 0.0000000000
62432  35.988  3.064  -19.560 0.0000000000
62433  35.994  2.132  -20.993 0.0000000000
62434  35.689  2.481  -20.417 0.0000000000
62435  35.604  2.195  -20.797 0.0000000000
62436  35.180  2.176  -20.591 0.0000000000
62437  35.504  1.906  -21.229 0.0000000000
62469  27.953  4.075  -34.325 0.0000000000
62470  27.658  3.717  -34.502 0.0000000000
62471  27.204  2.020  -32.915 0.0000000000
63206  54.551  4.011  -8.820 0.0000000000
63207  55.614  5.339  -9.378 0.0000000000
63208  55.153  5.390  -9.517 0.0000000000
63209  55.287  5.711  -9.965 0.0000000000
63210  54.923  5.912  -10.500 0.0000000000
63211  55.379  5.847  -10.480 0.0000000000
64845  47.462  14.211  -24.017 0.0000000000
64846  47.023  14.810  -24.512 0.0000000000
64847  47.304  14.454  -24.765 0.0000000000
64849  46.749  14.441  -26.428 0.0000000000
66223  48.922  0.805  -16.951 0.0000000000
66224  49.084  0.531  -16.476 0.0000000000
66228  50.126  2.333  -15.151 0.0000000000
66230  49.893  2.475  -15.669 0.0000000000
66231  49.675  2.561  -16.163 0.0000000000
66232  49.940  3.695  -15.933 0.0000000000
66233  49.985  4.896  -16.198 0.0000000000
66234  50.293  4.688  -15.637 0.0000000000
66235  51.454  6.237  -14.641 0.0000000000
66236  51.122  6.421  -15.213 0.0000000000
66237  51.566  7.061  -15.076 0.0000000000
66238  51.692  7.661  -15.453 0.0000000000
66239  52.001  7.373  -15.092 0.0000000000
67634  53.633  5.969  1.518 0.0000000000
70410  56.992  2.890  -10.497 0.0000000000
70411  56.835  2.298  -10.603 0.0000000000
75015  44.070  1.071  -22.623 0.0000000000
75016  43.760  1.239  -22.872 0.0000000000
75017  44.077  2.301  -23.251 0.0000000000
75018  43.984  5.929  -24.631 0.0000000000
75019  43.893  4.799  -24.405 0.0000000000
75020  43.644  5.980  -24.914 0.0000000000
75021  43.294  6.034  -25.171 0.0000000000
75022  43.377  7.189  -25.463 0.0000000000
75023  44.194  10.690  -25.222 0.0000000000
75024  44.146  9.530  -25.192 0.0000000000
75025  43.765  10.837  -25.645 0.0000000000
75026  42.526  11.713  -26.909 0.0000000000
75027  42.956  10.679  -26.394 0.0000000000
75029  42.590  9.437  -26.514 0.0000000000
75035  40.690  13.711  -29.431 0.0000000000
75038  45.955  15.674  -25.704 0.0000000000
75039  45.589  15.765  -25.493 0.0000000000
75040  45.374  16.050  -26.208 0.0000000000
79133  43.700  -0.909  -21.493 0.0000000000
79134  44.019  -0.932  -21.377 0.0000000000
79135  45.196  0.778  -21.865 0.0000000000
79136  44.932  0.909  -22.101 0.0000000000
79137  45.272  1.902  -22.370 0.0000000000
79138  45.213  3.157  -22.852 0.0000000000
79139  45.494  3.078  -22.575 0.0000000000
79140  46.163  0.352  -20.771 0.0000000000
79141  45.966  0.441  -21.083 0.0000000000
79142  46.274  1.603  -21.293 0.0000000000
79143  46.364  5.254  -22.256 0.0000000000
79144  46.219  4.089  -22.142 0.0000000000
79145  46.085  5.360  -22.507 0.0000000000
79146  45.814  5.395  -22.847 0.0000000000
79147  45.928  6.609  -22.889 0.0000000000
79148  45.746  7.852  -23.264 0.0000000000
79149  46.050  7.761  -22.895 0.0000000000
79150  46.671  9.914  -22.341 0.0000000000
79151  46.302  10.008  -22.751 0.0000000000
79152  46.510  11.012  -22.593 0.0000000000
79153  46.360  12.036  -22.849 0.0000000000
79154  46.722  11.914  -22.408 0.0000000000
79158  48.347  3.927  -19.051 0.0000000000
79159  48.099  2.850  -19.138 0.0000000000
79160  48.151  4.202  -19.499 0.0000000000
79161  47.933  4.413  -19.952 0.0000000000
79162  48.160  5.592  -19.835 0.0000000000
79163  49.511  8.399  -18.068 0.0000000000
79164  49.168  7.439  -18.399 0.0000000000
79165  49.242  8.767  -18.588 0.0000000000
79166  48.665  10.294  -19.725 0.0000000000
79167  48.676  9.215  -19.543 0.0000000000
79168  48.404  9.481  -20.005 0.0000000000
79169  48.096  8.368  -20.283 0.0000000000
79170  48.068  9.469  -20.423 0.0000000000
79171  47.688  9.736  -20.944 0.0000000000
79172  47.975  10.569  -20.667 0.0000000000
79173  48.179  12.627  -21.214 0.0000000000
79174  47.813  12.273  -21.329 0.0000000000
79175  47.788  12.878  -21.690 0.0000000000
79176  47.347  13.076  -22.188 0.0000000000
79177  47.717  13.385  -22.207 0.0000000000
79178  47.643  13.748  -22.778 0.0000000000
79179  48.068  13.519  -22.265 0.0000000000
79180  49.063  12.826  -22.117 0.0000000000
79181  48.684  13.211  -22.568 0.0000000000
79182  48.908  12.855  -22.773 0.0000000000
79183  48.711  12.824  -23.406 0.0000000000
79184  49.065  12.409  -23.016 0.0000000000
79185  50.641  11.216  -20.367 0.0000000000
79186  50.278  11.620  -20.781 0.0000000000
79187  50.426  11.200  -21.031 0.0000000000
79188  49.803  10.199  -22.514 0.0000000000
79189  49.862  10.995  -22.333 0.0000000000
79190  49.553  10.750  -22.947 0.0000000000
79191  49.161  11.128  -23.434 0.0000000000
79192  49.135  10.375  -23.637 0.0000000000
79193  48.648  9.970  -24.330 0.0000000000
79194  48.931  9.518  -23.817 0.0000000000
79195  48.753  7.404  -23.888 0.0000000000
79196  48.467  7.853  -24.313 0.0000000000
79197  48.358  6.998  -24.564 0.0000000000
89402  41.326  5.903  -26.203 0.0000000000
89403  40.868  5.781  -26.289 0.0000000000
89404  40.279  3.860  -25.362 0.0000000000
89405  40.707  3.900  -25.305 0.0000000000
89426  36.582  6.170  -30.547 0.0000000000
89427  37.353  4.828  -28.504 0.0000000000
89428  37.387  5.501  -29.257 0.0000000000
89429  37.711  5.205  -28.612 0.0000000000
89430  38.075  5.544  -28.586 0.0000000000
89431  38.018  4.887  -27.933 0.0000000000
89432  38.308  4.422  -27.267 0.0000000000
89433  37.943  4.138  -27.245 0.0000000000
89483  30.876  6.132  -32.439 0.0000000000
89553  28.810  1.310  -36.699 0.0000000000
89554  28.163  1.239  -36.606 0.0000000000
89555  28.304  0.700  -36.281 0.0000000000
89557  28.368  0.225  -35.979 0.0000000000
89563  29.119  -0.776  -35.316 0.0000000000
91697  53.559  4.204  -10.033 0.0000000000
91699  53.304  4.534  -10.546 0.0000000000
91700  52.936  5.570  -11.888 0.0000000000
91701  52.758  4.883  -11.543 0.0000000000
91702  52.534  5.048  -12.063 0.0000000000
91703  52.158  4.422  -12.239 0.0000000000
91704  52.346  5.253  -12.554 0.0000000000
91705  52.137  5.514  -13.084 0.0000000000
91706  52.529  5.974  -12.981 0.0000000000
91707  53.249  6.851  -13.922 0.0000000000
91708  52.921  6.904  -13.999 0.0000000000
91709  53.046  7.136  -14.535 0.0000000000
91710  52.745  7.362  -15.053 0.0000000000
91711  53.116  7.273  -15.070 0.0000000000
91712  57.100  4.353  -9.335 0.0000000000
91713  56.803  4.718  -9.331 0.0000000000
91714  56.838  4.699  -9.860 0.0000000000
91715  56.002  5.012  -11.603 0.0000000000
91716  56.146  5.269  -11.009 0.0000000000
91717  55.781  5.430  -11.546 0.0000000000
91718  55.413  5.697  -11.576 0.0000000000
91719  55.359  5.511  -12.124 0.0000000000
91720  54.626  3.180  -14.522 0.0000000000
91721  55.047  3.675  -13.643 0.0000000000
91722  54.647  3.835  -14.408 0.0000000000
91723  54.360  5.233  -14.867 0.0000000000
91724  54.633  5.022  -14.207 0.0000000000
91725  54.517  5.572  -14.092 0.0000000000
91726  54.632  5.860  -13.395 0.0000000000
91727  54.314  6.038  -13.997 0.0000000000
91728  54.148  6.375  -14.016 0.0000000000
91729  54.085  6.168  -14.677 0.0000000000
91730  53.524  6.529  -16.503 0.0000000000
91731  53.598  6.706  -15.796 0.0000000000
91732  53.284  7.076  -16.233 0.0000000000
91733  53.071  7.410  -16.160 0.0000000000
91734  52.969  7.427  -16.818 0.0000000000
91735  52.693  8.007  -17.313 0.0000000000
91736  52.829  7.373  -17.519 0.0000000000
91737  52.308  6.322  -19.227 0.0000000000
91738  52.298  7.138  -18.874 0.0000000000
91739  51.948  6.930  -19.512 0.0000000000
91740  51.695  7.564  -19.870 0.0000000000
91741  51.618  6.671  -20.098 0.0000000000
91745  50.682  4.694  -22.134 0.0000000000
91746  51.091  4.913  -21.468 0.0000000000
91747  50.712  5.302  -21.791 0.0000000000
91748  50.764  6.026  -21.489 0.0000000000
91749  50.306  5.701  -22.152 0.0000000000
91750  49.885  6.119  -22.582 0.0000000000
91751  49.846  5.393  -22.826 0.0000000000
94491  45.627  12.337  -23.705 0.0000000000
94492  45.162  12.674  -24.193 0.0000000000
94493  45.396  13.513  -24.086 0.0000000000
94494  45.141  14.539  -24.511 0.0000000000
94495  44.904  15.291  -25.096 0.0000000000
95319  51.013  8.374  -16.386 0.0000000000
95320  50.752  8.783  -16.798 0.0000000000
95321  51.138  9.119  -16.855 0.0000000000
95322  51.239  9.606  -17.333 0.0000000000
95323  51.328  9.991  -17.840 0.0000000000
95324  51.383  10.251  -18.365 0.0000000000
95325  51.649  9.822  -18.047 0.0000000000
95326  51.865  9.511  -18.183 0.0000000000
95327  52.071  9.127  -18.350 0.0000000000
97359  37.612  1.969  -19.386 0.0000000000
97360  37.562  1.858  -19.983 0.0000000000
97361  37.182  2.150  -20.019 0.0000000000
97362  36.796  2.364  -20.130 0.0000000000
97363  36.348  2.613  -20.114 0.0000000000
97364  36.613  2.221  -20.548 0.0000000000
97365  36.457  2.047  -21.030 0.0000000000
97373  34.017  6.784  -31.679 0.0000000000
97386  27.405  3.331  -34.561 0.0000000000
97387  27.108  2.975  -34.769 0.0000000000
97388  27.025  2.316  -33.921 0.0000000000
97827  55.282  3.928  -8.090 0.0000000000
97828  55.095  4.362  -8.563 0.0000000000
97829  55.592  4.595  -8.423 0.0000000000
97830  55.861  4.968  -8.825 0.0000000000
97831  56.060  5.240  -9.310 0.0000000000
98811  47.954  13.595  -24.346 0.0000000000
98812  47.512  14.083  -24.991 0.0000000000
98813  47.583  13.557  -25.189 0.0000000000
99642  50.431  2.207  -14.605 0.0000000000
99643  50.518  3.339  -14.808 0.0000000000
99644  50.604  4.505  -15.092 0.0000000000
99645  50.844  4.377  -14.551 0.0000000000
99646  51.306  5.276  -14.278 0.0000000000
99647  51.732  6.071  -14.104 0.0000000000
104913  44.649  3.152  -23.243 0.0000000000
104914  44.346  3.419  -23.559 0.0000000000
104915  44.495  4.517  -23.787 0.0000000000
104916  44.311  5.873  -24.365 0.0000000000
104917  44.081  7.142  -24.902 0.0000000000
104918  43.330  13.052  -26.093 0.0000000000
104919  43.317  12.003  -26.095 0.0000000000
104921  42.476  12.820  -26.958 0.0000000000
104922  42.092  12.593  -27.423 0.0000000000
104923  41.714  12.384  -27.794 0.0000000000
104924  41.678  13.361  -27.909 0.0000000000
104925  41.337  14.085  -28.532 0.0000000000
107382  43.612  -3.007  -20.029 0.0000000000
107383  43.981  -2.084  -20.618 0.0000000000
107384  44.298  -1.056  -21.214 0.0000000000
107386  45.058  -0.277  -21.358 0.0000000000
107387  45.447  0.690  -21.626 0.0000000000
107388  46.808  2.619  -21.117 0.0000000000
107389  46.576  2.778  -21.472 0.0000000000
107390  46.768  3.952  -21.521 0.0000000000
107391  46.667  5.248  -21.889 0.0000000000
107392  46.510  6.474  -22.229 0.0000000000
107393  46.334  7.744  -22.545 0.0000000000
107394  46.654  7.638  -22.186 0.0000000000
107395  46.864  8.805  -22.062 0.0000000000
107396  47.048  9.886  -21.891 0.0000000000
107397  48.429  1.111  -17.857 0.0000000000
107398  48.238  1.408  -18.324 0.0000000000
107399  48.500  2.401  -18.256 0.0000000000
107400  48.525  3.767  -18.616 0.0000000000
107401  48.586  5.151  -18.902 0.0000000000
107402  49.642  10.391  -18.529 0.0000000000
107403  49.286  9.869  -18.753 0.0000000000
107404  49.276  10.710  -18.990 0.0000000000
107405  48.970  11.036  -19.477 0.0000000000
107406  48.640  11.186  -19.920 0.0000000000
107407  48.263  11.391  -20.529 0.0000000000
107408  48.587  11.873  -20.251 0.0000000000
107409  48.571  12.371  -20.703 0.0000000000
107410  48.534  12.798  -21.212 0.0000000000
107411  48.452  13.169  -21.761 0.0000000000
107412  48.881  12.813  -21.269 0.0000000000
107413  49.213  12.672  -21.444 0.0000000000
107414  49.473  12.435  -21.639 0.0000000000
107415  50.850  10.241  -20.877 0.0000000000
107416  50.520  10.694  -21.226 0.0000000000
107417  50.472  10.069  -21.494 0.0000000000
107418  50.075  9.825  -22.094 0.0000000000
107419  49.657  9.496  -22.708 0.0000000000
107420  49.205  9.091  -23.365 0.0000000000
107421  49.399  8.636  -23.004 0.0000000000
107422  49.151  7.794  -23.250 0.0000000000
107423  49.105  6.994  -23.469 0.0000000000
113531  34.539  2.781  -19.267 0.0000000000
113533  34.204  2.652  -18.824 0.0000000000
113540  43.014  3.925  -24.532 0.0000000000
113542  42.672  4.017  -24.757 0.0000000000
113543  42.274  3.964  -24.860 0.0000000000
113544  41.918  4.019  -25.030 0.0000000000
113546  40.497  5.670  -26.441 0.0000000000
113547  40.086  5.633  -26.630 0.0000000000
113548  40.030  4.663  -26.025 0.0000000000
113549  39.893  3.829  -25.467 0.0000000000
113559  36.310  5.021  -29.657 0.0000000000
113560  36.650  5.451  -29.880 0.0000000000
113562  37.036  4.462  -28.454 0.0000000000
113563  37.358  4.089  -27.803 0.0000000000
113638  29.528  1.355  -36.732 0.0000000000
114923  53.953  5.585  -10.742 0.0000000000
114924  53.461  5.193  -10.901 0.0000000000
114925  53.622  5.721  -11.285 0.0000000000
114926  53.337  5.886  -11.757 0.0000000000
114927  53.107  6.107  -12.285 0.0000000000
114928  52.898  6.279  -12.848 0.0000000000
114929  53.269  6.513  -12.736 0.0000000000
114930  53.416  6.677  -13.378 0.0000000000
114931  53.534  6.804  -13.975 0.0000000000
114932  56.930  4.004  -10.462 0.0000000000
114933  56.787  4.589  -10.409 0.0000000000
114934  56.647  4.366  -10.987 0.0000000000
114935  56.238  4.557  -11.560 0.0000000000
114936  55.769  4.644  -12.193 0.0000000000
114937  54.130  3.571  -16.056 0.0000000000
114938  54.372  3.994  -15.196 0.0000000000
114939  54.158  4.165  -15.925 0.0000000000
114940  54.194  4.806  -15.730 0.0000000000
114941  54.155  5.405  -15.568 0.0000000000
114942  53.998  5.914  -15.388 0.0000000000
114943  53.919  5.641  -16.103 0.0000000000
114944  53.676  5.887  -16.695 0.0000000000
114945  53.370  6.318  -17.274 0.0000000000
114946  52.953  6.766  -17.817 0.0000000000
114947  53.133  6.058  -17.950 0.0000000000
114948  52.811  5.819  -18.709 0.0000000000
114949  52.420  5.609  -19.509 0.0000000000
114951  51.442  3.950  -21.528 0.0000000000
114952  50.939  3.699  -22.158 0.0000000000
114953  50.586  4.110  -22.498 0.0000000000
114955  49.817  4.746  -23.098 0.0000000000
120639  45.165  7.954  -23.944 0.0000000000
120640  44.820  8.102  -24.333 0.0000000000
120641  44.888  9.289  -24.384 0.0000000000
120642  44.576  10.619  -24.782 0.0000000000
120643  44.204  11.847  -25.203 0.0000000000
120644  44.679  12.971  -24.665 0.0000000000
120645  44.266  12.997  -25.136 0.0000000000
120646  43.799  13.007  -25.627 0.0000000000
120647  43.403  14.020  -26.084 0.0000000000
122559  44.575  -3.665  -19.221 0.0000000000
122560  45.003  -2.645  -19.737 0.0000000000
122561  45.300  -1.592  -20.287 0.0000000000
122562  45.487  -1.831  -19.968 0.0000000000
122563  45.979  -0.852  -20.209 0.0000000000
122564  46.392  0.291  -20.481 0.0000000000
122565  46.402  -1.024  -19.629 0.0000000000
122566  46.595  0.114  -20.143 0.0000000000
122567  46.732  1.325  -20.648 0.0000000000
122568  47.031  2.464  -20.759 0.0000000000
122569  47.244  3.585  -20.810 0.0000000000
122570  47.446  4.858  -20.837 0.0000000000
122571  49.494  5.306  -17.213 0.0000000000
122572  49.302  5.708  -17.738 0.0000000000
122573  49.579  6.625  -17.453 0.0000000000
122574  49.719  7.975  -17.602 0.0000000000
122575  49.859  9.081  -17.781 0.0000000000
122576  50.490  9.271  -17.254 0.0000000000
122577  50.229  9.683  -17.643 0.0000000000
122578  49.979  10.026  -18.031 0.0000000000
122579  50.041  10.714  -18.362 0.0000000000
122580  50.079  11.145  -18.834 0.0000000000
122581  50.108  11.481  -19.388 0.0000000000
122582  50.108  11.737  -19.994 0.0000000000
122583  50.513  11.382  -19.557 0.0000000000
122584  50.753  11.153  -19.778 0.0000000000
122585  50.946  10.796  -19.983 0.0000000000
122586  51.354  10.348  -18.941 0.0000000000
122587  51.262  10.391  -19.556 0.0000000000
122588  51.101  10.370  -20.197 0.0000000000
122589  51.178  9.779  -20.438 0.0000000000
122590  51.177  9.182  -20.671 0.0000000000
122591  51.024  8.431  -20.922 0.0000000000
127333  37.316  2.414  -18.933 0.0000000000
127341  35.078  3.556  -18.805 0.0000000000
127342  34.991  3.194  -19.222 0.0000000000
127343  35.882  2.792  -20.020 0.0000000000
127344  35.360  2.782  -19.905 0.0000000000
127345  34.961  2.874  -19.595 0.0000000000
127346  34.869  2.466  -19.953 0.0000000000
127347  34.787  2.072  -20.309 0.0000000000
127350  41.742  7.131  -26.426 0.0000000000
127353  40.594  7.773  -27.436 0.0000000000
127365  34.678  6.326  -31.279 0.0000000000
127367  35.842  5.464  -30.301 0.0000000000
127369  36.057  3.959  -28.708 0.0000000000
127391  28.068  5.282  -34.587 0.0000000000
127392  28.561  4.702  -33.814 0.0000000000
127393  28.251  4.411  -34.087 0.0000000000
127394  28.309  3.615  -33.486 0.0000000000
127396  27.703  2.967  -33.688 0.0000000000
128424  53.801  3.835  -9.493 0.0000000000
128425  54.062  4.719  -9.833 0.0000000000
128426  54.850  4.760  -9.128 0.0000000000
128427  54.608  5.190  -9.673 0.0000000000
128428  54.290  5.405  -10.204 0.0000000000
128429  54.459  5.846  -10.607 0.0000000000
128430  54.564  6.035  -11.067 0.0000000000
128431  54.644  6.102  -11.591 0.0000000000
128436  54.257  2.760  -15.407 0.0000000000
128439  54.066  2.986  -16.112 0.0000000000
128442  53.489  3.770  -18.261 0.0000000000
130521  46.785  14.447  -23.672 0.0000000000
130522  46.287  14.968  -24.187 0.0000000000
130523  46.675  14.953  -24.372 0.0000000000
130524  46.559  15.320  -25.126 0.0000000000
130525  46.348  15.508  -25.901 0.0000000000
130526  47.069  14.552  -25.563 0.0000000000
130527  46.582  15.018  -26.195 0.0000000000
132266  48.313  -0.100  -17.459 0.0000000000
132267  48.665  0.992  -17.462 0.0000000000
132268  48.956  2.062  -17.348 0.0000000000
132269  49.200  3.094  -17.205 0.0000000000
132275  49.300  0.450  -16.002 0.0000000000
132276  49.411  1.624  -16.347 0.0000000000
132277  49.454  2.829  -16.694 0.0000000000
132278  49.454  4.050  -16.955 0.0000000000
132279  49.730  5.058  -16.679 0.0000000000
132280  50.080  6.042  -16.401 0.0000000000
132281  50.457  6.911  -16.154 0.0000000000
132282  50.678  5.631  -15.404 0.0000000000
132283  50.745  6.646  -15.651 0.0000000000
132284  50.874  7.544  -15.986 0.0000000000
132285  51.334  8.030  -15.862 0.0000000000
132286  51.756  8.218  -15.940 0.0000000000
132287  52.124  8.186  -16.034 0.0000000000
134054  53.227  6.245  1.356 0.0000000000
134055  52.978  5.873  1.360 0.0000000000
136618  32.557  7.703  -32.557 0.0000000000
136619  32.372  7.058  -32.298 0.0000000000
136622  31.564  6.655  -32.413 0.0000000000
136623  30.945  6.787  -32.754 0.0000000000
137562  57.063  3.762  -7.844 0.0000000000
137563  56.871  4.220  -8.296 0.0000000000
137564  57.217  3.890  -8.328 0.0000000000
137565  57.285  3.908  -8.832 0.0000000000
137566  57.296  3.845  -9.345 0.0000000000
137569  57.255  3.720  -9.876 0.0000000000
137570  57.015  3.443  -10.448 0.0000000000
137571  56.657  3.105  -11.053 0.0000000000
137572  56.187  2.695  -11.700 0.0000000000
137580  55.958  1.969  -11.841 0.0000000000
137581  55.621  2.168  -12.424 0.0000000000
143207  43.324  0.353  -22.434 0.0000000000
143210  44.020  3.527  -23.833 0.0000000000
143211  43.704  3.642  -24.072 0.0000000000
143212  43.350  3.788  -24.309 0.0000000000
143213  43.175  4.962  -24.869 0.0000000000
143214  42.904  6.187  -25.443 0.0000000000
143215  42.583  7.265  -25.994 0.0000000000
143219  43.361  10.770  -26.050 0.0000000000
143228  41.382  12.221  -28.179 0.0000000000
143229  41.044  11.930  -28.585 0.0000000000
143234  45.746  15.265  -24.711 0.0000000000
143235  45.250  15.623  -25.231 0.0000000000
143236  44.704  15.826  -25.754 0.0000000000
143239  44.107  16.037  -26.306 0.0000000000
148109  42.343  -2.071  -20.675 0.0000000000
148191  43.424  -0.829  -21.632 0.0000000000
148192  43.944  0.011  -22.067 0.0000000000
148193  44.352  1.019  -22.442 0.0000000000
148194  44.525  0.006  -21.801 0.0000000000
148195  44.641  1.050  -22.315 0.0000000000
148197  44.950  3.162  -23.053 0.0000000000
148198  45.103  4.391  -23.298 0.0000000000
148199  45.229  5.491  -23.419 0.0000000000
148200  45.525  -0.565  -20.806 0.0000000000
148201  45.694  0.530  -21.328 0.0000000000
148202  45.771  1.768  -21.846 0.0000000000
148203  46.293  2.872  -21.762 0.0000000000
148204  46.022  2.903  -22.019 0.0000000000
148205  45.752  3.017  -22.313 0.0000000000
148206  45.660  4.230  -22.735 0.0000000000
148207  45.510  5.483  -23.140 0.0000000000
148208  45.351  6.718  -23.537 0.0000000000
148209  45.456  7.903  -23.601 0.0000000000
148210  45.533  8.946  -23.567 0.0000000000
148211  45.646  10.213  -23.530 0.0000000000
148212  46.163  8.946  -22.841 0.0000000000
148213  45.990  10.164  -23.136 0.0000000000
148214  45.805  11.267  -23.400 0.0000000000
148215  45.982  12.240  -23.274 0.0000000000
148216  46.215  12.997  -23.141 0.0000000000
148217  46.528  13.525  -23.137 0.0000000000
148221  48.017  1.565  -18.771 0.0000000000
148222  47.863  1.738  -19.174 0.0000000000
148223  47.667  1.901  -19.578 0.0000000000
148224  47.713  3.179  -19.994 0.0000000000
148225  47.703  4.673  -20.397 0.0000000000
148226  47.658  6.155  -20.718 0.0000000000
148227  49.064  5.960  -18.190 0.0000000000
148228  48.840  6.315  -18.675 0.0000000000
148229  48.641  6.545  -19.152 0.0000000000
148230  48.967  9.001  -19.070 0.0000000000
148231  48.665  7.915  -19.347 0.0000000000
148232  48.416  6.769  -19.621 0.0000000000
148233  48.129  7.087  -20.098 0.0000000000
148234  47.865  7.176  -20.549 0.0000000000
148235  47.574  7.567  -20.946 0.0000000000
148236  47.489  8.636  -21.166 0.0000000000
148237  47.380  9.791  -21.420 0.0000000000
148238  47.249  10.900  -21.678 0.0000000000
148239  47.881  11.497  -20.989 0.0000000000
148240  47.503  11.695  -21.466 0.0000000000
148241  47.103  11.831  -21.930 0.0000000000
148242  47.004  12.580  -22.270 0.0000000000
148243  46.936  13.270  -22.668 0.0000000000
148244  46.885  13.938  -23.137 0.0000000000
148245  47.248  14.002  -23.211 0.0000000000
148246  47.591  13.994  -23.380 0.0000000000
148247  47.886  13.819  -23.562 0.0000000000
148248  48.392  13.393  -22.389 0.0000000000
148249  48.307  13.533  -23.014 0.0000000000
148250  48.179  13.596  -23.661 0.0000000000
148251  48.352  13.237  -23.849 0.0000000000
148252  48.460  12.735  -24.038 0.0000000000
148253  48.417  12.029  -24.338 0.0000000000
148254  50.026  11.944  -20.594 0.0000000000
148255  49.888  12.034  -21.174 0.0000000000
148256  49.701  12.042  -21.805 0.0000000000
148257  50.157  11.127  -21.695 0.0000000000
148258  49.834  11.564  -22.045 0.0000000000
148259  49.451  11.961  -22.519 0.0000000000
148260  49.131  11.801  -23.225 0.0000000000
148261  48.771  11.562  -23.905 0.0000000000
148266  48.724  8.704  -24.077 0.0000000000
160522  42.209  -0.007  -22.184 0.0000000000
160523  41.863  0.211  -22.345 0.0000000000
160526  41.585  0.394  -22.434 0.0000000000
160530  41.713  6.095  -26.050 0.0000000000
160531  41.664  5.028  -25.643 0.0000000000
160532  41.492  3.977  -25.146 0.0000000000
160533  40.816  4.787  -25.793 0.0000000000
160534  41.087  3.912  -25.184 0.0000000000
160559  37.286  7.014  -30.626 0.0000000000
160560  37.043  5.850  -29.979 0.0000000000
160561  37.388  6.219  -29.981 0.0000000000
160567  38.546  3.892  -26.504 0.0000000000
160638  29.030  4.125  -32.937 0.0000000000
160721  29.641  0.805  -36.401 0.0000000000
160724  29.067  0.276  -35.981 0.0000000000
163288  53.013  4.644  -11.040 0.0000000000
163289  52.588  3.950  -11.249 0.0000000000
163292  51.798  3.686  -12.496 0.0000000000
163293  51.584  3.958  -12.995 0.0000000000
163294  51.711  4.971  -13.265 0.0000000000
163295  51.923  5.779  -13.629 0.0000000000
163296  52.120  6.450  -14.052 0.0000000000
163297  52.714  6.555  -13.471 0.0000000000
163298  52.507  6.700  -14.011 0.0000000000
163299  52.288  6.995  -14.524 0.0000000000
163300  52.369  7.394  -15.035 0.0000000000
163301  52.415  7.749  -15.573 0.0000000000
163302  52.444  8.056  -16.111 0.0000000000
163303  56.658  4.614  -8.782 0.0000000000
163304  56.441  5.016  -9.308 0.0000000000
163305  56.195  5.405  -9.850 0.0000000000
163306  56.514  5.035  -10.405 0.0000000000
163307  56.211  5.420  -10.416 0.0000000000
163308  55.811  5.708  -10.429 0.0000000000
163309  55.433  5.847  -11.028 0.0000000000
163310  55.042  5.979  -11.568 0.0000000000
163311  54.700  6.093  -12.155 0.0000000000
163312  55.467  3.559  -12.932 0.0000000000
163313  55.435  4.155  -12.868 0.0000000000
163314  55.361  4.730  -12.785 0.0000000000
163315  54.650  4.439  -14.340 0.0000000000
163316  54.957  4.876  -13.531 0.0000000000
163317  55.211  5.236  -12.769 0.0000000000
163318  55.003  5.677  -12.750 0.0000000000
163319  54.703  6.071  -12.768 0.0000000000
163320  54.375  6.285  -12.821 0.0000000000
163321  54.102  6.484  -13.351 0.0000000000
163322  53.822  6.628  -13.928 0.0000000000
163323  53.623  6.899  -14.523 0.0000000000
163324  53.815  6.376  -15.214 0.0000000000
163325  53.626  6.839  -15.146 0.0000000000
163326  53.354  7.063  -15.103 0.0000000000
163327  53.131  7.299  -15.591 0.0000000000
163328  52.799  7.731  -16.059 0.0000000000
163329  52.472  8.305  -16.634 0.0000000000
163330  52.443  8.484  -17.216 0.0000000000
163331  52.390  8.576  -17.816 0.0000000000
163332  52.308  8.571  -18.423 0.0000000000
163333  52.625  7.290  -18.200 0.0000000000
163334  52.335  7.946  -18.594 0.0000000000
163335  52.036  8.468  -19.087 0.0000000000
163336  51.774  8.294  -19.775 0.0000000000
163337  51.467  8.057  -20.478 0.0000000000
163338  50.951  7.731  -21.101 0.0000000000
163340  52.450  4.920  -19.821 0.0000000000
163341  51.947  5.369  -20.125 0.0000000000
163342  51.505  4.534  -21.178 0.0000000000
163343  51.509  5.135  -20.784 0.0000000000
163344  51.560  5.875  -20.486 0.0000000000
163345  51.199  6.355  -20.812 0.0000000000
163346  50.821  6.841  -21.268 0.0000000000
163347  50.437  7.345  -21.703 0.0000000000
163348  49.953  6.961  -22.327 0.0000000000
163349  49.477  6.566  -23.073 0.0000000000
163350  49.071  6.247  -23.726 0.0000000000
163351  49.419  5.063  -23.468 0.0000000000
163353  48.654  5.887  -24.378 0.0000000000
