#!ascii label  , from subject fsaverage vox2ras=TkReg
2064
26  8.331  37.044  -3.900 0.0000000000
61  6.600  35.606  15.767 0.0000000000
179  5.943  19.026  30.052 0.0000000000
181  10.111  29.035  23.303 0.0000000000
399  7.036  38.848  5.746 0.0000000000
453  11.601  32.363  30.264 0.0000000000
659  10.222  20.323  29.572 0.0000000000
660  7.736  24.682  27.182 0.0000000000
752  6.921  32.594  -0.545 0.0000000000
753  1.825  27.320  -1.790 0.0000000000
754  5.429  32.031  -6.125 0.0000000000
755  7.438  30.013  -9.092 0.0000000000
756  10.616  34.917  -7.769 0.0000000000
899  2.451  7.404  26.492 0.0000000000
901  3.851  13.585  23.705 0.0000000000
902  7.504  28.912  18.064 0.0000000000
903  6.469  24.919  16.727 0.0000000000
906  7.234  37.379  10.782 0.0000000000
910  5.151  10.303  30.487 0.0000000000
913  3.566  2.017  28.651 0.0000000000
1152  14.174  46.736  10.770 0.0000000000
1475  5.544  15.353  27.859 0.0000000000
1477  5.902  21.498  25.372 0.0000000000
1478  5.947  27.290  22.827 0.0000000000
1479  7.766  32.762  19.901 0.0000000000
1648  5.810  23.755  -8.956 0.0000000000
1889  0.958  21.572  17.333 0.0000000000
1893  7.304  39.016  0.570 0.0000000000
2223  11.971  48.867  0.607 0.0000000000
2224  13.063  44.463  -3.517 0.0000000000
2672  6.402  35.789  -2.516 0.0000000000
2673  6.691  32.465  -3.460 0.0000000000
2674  6.325  35.193  -5.404 0.0000000000
2675  7.714  33.817  -6.951 0.0000000000
2676  9.711  35.771  -5.755 0.0000000000
2819  5.533  9.587  26.659 0.0000000000
2820  3.032  10.563  25.156 0.0000000000
2821  6.192  12.679  25.389 0.0000000000
2822  6.603  31.940  16.507 0.0000000000
2826  6.639  36.692  13.350 0.0000000000
2833  5.767  7.034  27.892 0.0000000000
3419  5.627  17.124  28.777 0.0000000000
3420  5.628  18.439  26.593 0.0000000000
3421  5.757  20.338  27.861 0.0000000000
3422  9.002  26.974  25.246 0.0000000000
3423  6.271  26.499  25.466 0.0000000000
3424  7.128  28.938  23.828 0.0000000000
3425  6.110  30.303  21.605 0.0000000000
3426  8.670  31.082  21.734 0.0000000000
3433  5.487  14.695  30.175 0.0000000000
3706  5.495  24.444  -7.345 0.0000000000
3707  9.981  31.958  -10.340 0.0000000000
3708  8.841  29.118  -10.728 0.0000000000
4150  4.779  25.973  14.804 0.0000000000
4151  3.562  23.213  16.751 0.0000000000
4152  1.814  24.435  15.294 0.0000000000
4154  0.362  25.454  13.495 0.0000000000
4160  7.834  35.632  2.206 0.0000000000
4161  7.196  38.965  2.961 0.0000000000
4180  0.806  2.588  27.717 0.0000000000
4181  1.594  -0.302  28.592 0.0000000000
4884  13.775  31.403  28.290 0.0000000000
4893  14.491  43.684  13.488 0.0000000000
4895  15.041  41.128  13.732 0.0000000000
4921  11.584  50.830  2.778 0.0000000000
4924  11.389  46.894  -3.478 0.0000000000
5795  7.756  19.990  30.222 0.0000000000
5796  6.527  21.968  28.920 0.0000000000
5797  9.086  22.533  28.415 0.0000000000
5798  10.548  24.904  26.476 0.0000000000
5964  3.984  30.361  -1.131 0.0000000000
5965  5.602  29.352  -3.468 0.0000000000
5966  5.732  28.649  -6.019 0.0000000000
5967  5.279  27.895  -7.924 0.0000000000
5968  6.002  31.054  -7.817 0.0000000000
5969  8.999  32.645  -8.442 0.0000000000
6227  0.249  5.256  26.745 0.0000000000
6228  0.070  5.734  23.978 0.0000000000
6229  0.493  8.558  25.398 0.0000000000
6230  0.955  11.714  23.938 0.0000000000
6231  1.690  14.664  22.250 0.0000000000
6232  7.872  26.034  19.611 0.0000000000
6234  8.433  26.908  17.267 0.0000000000
6239  8.530  34.528  9.597 0.0000000000
6240  7.283  38.230  8.359 0.0000000000
6251  6.366  1.560  30.035 0.0000000000
6252  6.073  4.305  29.072 0.0000000000
6253  2.835  4.740  27.620 0.0000000000
6674  12.625  33.714  28.066 0.0000000000
7283  7.356  13.712  27.788 0.0000000000
7284  7.911  14.846  25.913 0.0000000000
7285  6.886  16.833  26.352 0.0000000000
7286  6.625  19.768  24.789 0.0000000000
7288  5.914  23.475  26.757 0.0000000000
7289  6.062  24.393  24.052 0.0000000000
7290  6.635  25.140  21.681 0.0000000000
7291  6.238  27.975  20.278 0.0000000000
7292  6.007  31.137  19.021 0.0000000000
7293  7.039  34.280  17.840 0.0000000000
7303  5.335  12.834  29.169 0.0000000000
7685  5.730  20.133  -8.115 0.0000000000
7687  6.199  27.031  -9.518 0.0000000000
7688  7.638  26.230  -10.819 0.0000000000
8279  4.562  16.512  22.093 0.0000000000
8280  2.283  17.459  20.513 0.0000000000
8281  5.471  22.151  18.444 0.0000000000
8282  2.811  20.396  18.665 0.0000000000
8294  7.168  35.881  -0.155 0.0000000000
8295  7.571  38.257  -1.856 0.0000000000
8319  4.460  -0.741  29.662 0.0000000000
8320  2.677  -3.224  29.399 0.0000000000
9192  11.728  31.990  19.908 0.0000000000
9194  10.502  34.896  16.177 0.0000000000
9203  9.927  36.559  14.186 0.0000000000
9205  8.981  39.396  9.680 0.0000000000
9206  8.993  40.556  7.141 0.0000000000
9209  9.278  40.349  4.502 0.0000000000
9211  10.309  39.177  -0.226 0.0000000000
9212  10.970  38.291  -2.416 0.0000000000
9232  12.283  48.172  2.979 0.0000000000
9233  13.767  46.338  0.949 0.0000000000
9234  12.152  49.169  -1.435 0.0000000000
9235  12.624  46.632  -1.392 0.0000000000
9236  14.359  44.138  -1.069 0.0000000000
9237  14.147  41.848  -2.759 0.0000000000
9238  13.195  39.554  -4.020 0.0000000000
9239  11.793  37.537  -5.120 0.0000000000
10352  6.602  37.000  -3.415 0.0000000000
10353  6.030  35.602  -4.005 0.0000000000
10354  7.184  36.312  -4.812 0.0000000000
10355  7.840  35.566  -5.647 0.0000000000
10356  9.026  36.438  -4.852 0.0000000000
10500  5.855  11.129  26.034 0.0000000000
10501  7.078  12.177  26.231 0.0000000000
10502  6.167  33.819  16.080 0.0000000000
10503  7.025  32.392  15.377 0.0000000000
10504  6.461  34.231  14.825 0.0000000000
10505  6.735  34.717  13.692 0.0000000000
10506  6.566  36.159  14.547 0.0000000000
11099  5.767  18.185  29.461 0.0000000000
11100  5.721  18.799  28.295 0.0000000000
11101  5.774  19.700  28.974 0.0000000000
11102  9.515  27.995  24.326 0.0000000000
11103  7.983  28.015  24.621 0.0000000000
11104  8.576  29.071  23.647 0.0000000000
11105  7.709  30.119  22.823 0.0000000000
11106  9.330  30.064  22.541 0.0000000000
11110  6.472  18.441  31.160 0.0000000000
11112  5.931  17.813  30.782 0.0000000000
11113  5.833  16.869  30.172 0.0000000000
11830  3.957  26.510  13.902 0.0000000000
11831  3.253  25.173  14.972 0.0000000000
11832  2.388  25.742  14.175 0.0000000000
11833  1.062  24.994  14.469 0.0000000000
11834  1.738  26.373  13.373 0.0000000000
11837  7.854  36.825  6.463 0.0000000000
11841  7.048  39.030  4.302 0.0000000000
11861  0.194  1.196  27.407 0.0000000000
12562  12.263  31.229  30.425 0.0000000000
12564  12.779  31.909  29.274 0.0000000000
12574  14.839  42.465  13.650 0.0000000000
13499  8.977  20.186  29.885 0.0000000000
13500  8.315  21.264  29.356 0.0000000000
13501  9.665  21.427  28.998 0.0000000000
13505  11.152  26.046  25.652 0.0000000000
13512  9.996  19.185  30.375 0.0000000000
13513  8.812  19.012  30.671 0.0000000000
13777  4.901  31.827  0.599 0.0000000000
13778  3.256  30.900  0.195 0.0000000000
13779  5.538  31.434  -0.757 0.0000000000
13780  5.974  32.425  -4.796 0.0000000000
13781  6.390  30.891  -3.543 0.0000000000
13782  6.150  30.668  -4.882 0.0000000000
13784  5.676  30.345  -6.130 0.0000000000
13785  5.320  29.953  -7.093 0.0000000000
13786  5.605  31.580  -7.035 0.0000000000
13787  9.306  34.220  -7.177 0.0000000000
13788  8.355  33.198  -7.720 0.0000000000
13789  9.794  33.744  -8.111 0.0000000000
14219  1.251  6.448  26.622 0.0000000000
14220  0.358  6.919  26.107 0.0000000000
14221  1.362  8.001  25.941 0.0000000000
14222  3.442  12.078  24.476 0.0000000000
14223  1.896  11.111  24.544 0.0000000000
14224  2.305  12.577  23.782 0.0000000000
14225  1.333  13.184  23.125 0.0000000000
14226  2.657  14.076  22.952 0.0000000000
14227  7.696  27.472  18.865 0.0000000000
14228  8.346  26.488  18.467 0.0000000000
14229  8.288  28.005  17.741 0.0000000000
14237  7.433  35.563  11.377 0.0000000000
14239  7.787  35.881  10.180 0.0000000000
14240  7.914  36.280  8.971 0.0000000000
14241  7.332  37.794  9.629 0.0000000000
14258  7.102  3.992  29.874 0.0000000000
14260  4.134  7.186  27.123 0.0000000000
14261  4.302  5.873  27.695 0.0000000000
14262  2.658  6.134  27.068 0.0000000000
14263  1.390  5.095  27.193 0.0000000000
14977  14.971  45.539  10.982 0.0000000000
14979  15.057  45.910  9.698 0.0000000000
16019  6.426  14.551  27.805 0.0000000000
16020  7.102  15.291  27.086 0.0000000000
16021  6.102  16.115  27.111 0.0000000000
16022  5.727  19.961  26.004 0.0000000000
16023  6.018  19.110  25.648 0.0000000000
16024  6.110  20.572  24.989 0.0000000000
16025  6.744  21.143  24.075 0.0000000000
16026  6.284  22.007  24.273 0.0000000000
16027  7.085  23.432  28.114 0.0000000000
16028  6.120  22.813  27.917 0.0000000000
16029  6.461  24.299  27.262 0.0000000000
16030  6.050  27.001  24.204 0.0000000000
16031  5.955  25.523  24.799 0.0000000000
16032  6.063  25.770  23.433 0.0000000000
16033  6.278  24.745  22.740 0.0000000000
16034  6.158  26.139  22.108 0.0000000000
16035  6.464  26.509  20.952 0.0000000000
16036  5.999  27.610  21.513 0.0000000000
16037  6.503  31.778  20.984 0.0000000000
16038  5.912  30.795  20.356 0.0000000000
16039  6.228  32.348  19.746 0.0000000000
16040  6.127  32.809  18.475 0.0000000000
16041  7.389  33.500  18.898 0.0000000000
16060  5.267  14.992  28.912 0.0000000000
16061  5.171  13.759  29.529 0.0000000000
16062  5.428  14.096  28.524 0.0000000000
16063  6.255  13.293  28.472 0.0000000000
16860  0.845  27.674  -0.667 0.0000000000
16877  5.621  22.428  -7.790 0.0000000000
16878  5.490  20.624  -7.360 0.0000000000
16879  5.843  21.992  -8.544 0.0000000000
16881  6.227  23.411  -9.695 0.0000000000
16882  6.011  29.019  -8.751 0.0000000000
16883  5.534  27.423  -8.805 0.0000000000
16884  6.781  28.517  -9.377 0.0000000000
16886  8.257  27.680  -10.799 0.0000000000
18187  0.034  7.411  23.364 0.0000000000
18202  7.929  16.363  25.179 0.0000000000
18203  7.542  15.219  24.860 0.0000000000
18205  6.065  18.831  21.261 0.0000000000
18206  5.936  17.475  22.156 0.0000000000
18207  4.821  17.949  21.200 0.0000000000
18208  3.398  16.968  21.261 0.0000000000
18209  3.660  18.378  20.366 0.0000000000
18211  6.754  23.051  18.532 0.0000000000
18212  5.909  23.554  17.584 0.0000000000
18213  2.103  22.425  17.024 0.0000000000
18214  3.053  21.771  17.720 0.0000000000
18215  1.821  20.963  18.004 0.0000000000
18216  1.486  19.476  18.918 0.0000000000
18217  0.762  20.053  18.172 0.0000000000
18242  7.188  37.528  1.410 0.0000000000
18243  7.516  35.803  0.997 0.0000000000
18244  6.915  37.578  0.171 0.0000000000
18245  6.686  37.523  -1.081 0.0000000000
18246  7.406  38.697  -0.696 0.0000000000
18300  5.078  1.905  29.317 0.0000000000
18301  5.466  0.516  29.789 0.0000000000
18302  3.957  0.669  29.164 0.0000000000
18304  2.048  -1.788  29.054 0.0000000000
18305  1.468  -2.943  28.933 0.0000000000
18306  1.998  -4.503  29.156 0.0000000000
20428  10.746  34.152  17.085 0.0000000000
20453  9.639  37.306  13.084 0.0000000000
20456  10.660  38.822  9.950 0.0000000000
20457  10.559  39.631  8.877 0.0000000000
20458  8.870  40.231  8.512 0.0000000000
20459  10.704  40.182  7.692 0.0000000000
20472  11.897  39.269  -0.659 0.0000000000
20473  10.606  38.779  -1.340 0.0000000000
20523  11.888  49.917  1.644 0.0000000000
20524  11.152  49.468  2.632 0.0000000000
20525  11.929  48.542  1.639 0.0000000000
20526  13.086  47.315  1.915 0.0000000000
20527  12.652  47.591  0.687 0.0000000000
20530  11.694  49.242  -2.449 0.0000000000
20531  12.205  45.665  -3.539 0.0000000000
20532  11.983  46.799  -2.409 0.0000000000
20533  12.914  45.580  -2.480 0.0000000000
20534  13.508  45.420  -1.351 0.0000000000
20535  13.761  44.325  -2.323 0.0000000000
20537  13.774  43.126  -3.254 0.0000000000
20540  12.897  39.614  -5.444 0.0000000000
20541  12.542  38.492  -4.555 0.0000000000
20542  12.463  38.476  -5.973 0.0000000000
20543  11.913  37.316  -6.235 0.0000000000
23242  7.247  34.048  -1.597 0.0000000000
23243  6.994  32.490  -1.983 0.0000000000
23244  6.477  34.160  -3.007 0.0000000000
23245  5.819  34.047  -4.460 0.0000000000
23246  5.713  33.727  -5.902 0.0000000000
23247  6.157  33.231  -6.776 0.0000000000
23248  6.870  34.544  -6.324 0.0000000000
23249  8.641  34.814  -6.379 0.0000000000
23250  10.230  35.231  -6.699 0.0000000000
23507  3.989  8.482  26.501 0.0000000000
23508  2.698  8.982  25.817 0.0000000000
23509  4.282  10.028  25.883 0.0000000000
23510  4.672  11.593  25.238 0.0000000000
23511  5.081  13.123  24.546 0.0000000000
23512  7.098  30.360  17.223 0.0000000000
23513  8.199  29.423  16.894 0.0000000000
23514  7.744  30.815  16.110 0.0000000000
23519  7.039  35.127  12.530 0.0000000000
23520  6.885  37.013  12.096 0.0000000000
23526  6.038  10.702  29.800 0.0000000000
23527  5.872  9.319  30.414 0.0000000000
23533  5.707  8.330  27.314 0.0000000000
23963  14.139  47.170  9.503 0.0000000000
24587  5.363  16.274  28.189 0.0000000000
24588  5.491  16.922  27.229 0.0000000000
24589  5.558  17.815  27.647 0.0000000000
24590  5.713  19.440  27.173 0.0000000000
24591  5.824  20.939  26.637 0.0000000000
24592  8.375  25.885  26.168 0.0000000000
24593  6.933  25.706  26.420 0.0000000000
24594  7.536  26.962  25.556 0.0000000000
24595  6.673  27.763  24.707 0.0000000000
24596  6.170  28.339  23.492 0.0000000000
24597  5.912  28.821  22.244 0.0000000000
24598  6.494  29.668  22.796 0.0000000000
24599  7.047  31.009  21.962 0.0000000000
24600  8.206  31.994  20.878 0.0000000000
24612  5.785  15.591  30.871 0.0000000000
24613  5.561  15.907  29.477 0.0000000000
25092  2.825  26.839  -2.685 0.0000000000
25093  1.472  25.530  -2.001 0.0000000000
25103  5.405  22.804  -6.978 0.0000000000
25104  5.633  24.116  -8.176 0.0000000000
25105  8.882  30.853  -9.553 0.0000000000
25106  8.241  29.506  -9.776 0.0000000000
25107  9.439  30.548  -10.569 0.0000000000
25902  5.648  25.435  15.776 0.0000000000
25903  4.952  24.072  16.667 0.0000000000
25904  4.068  24.593  15.816 0.0000000000
25905  2.631  23.800  16.016 0.0000000000
25906  1.429  23.007  16.373 0.0000000000
25907  0.458  21.983  16.353 0.0000000000
25908  0.651  23.514  15.502 0.0000000000
25909  0.194  23.816  14.282 0.0000000000
25922  7.363  37.447  2.610 0.0000000000
25923  7.249  39.045  1.766 0.0000000000
25956  2.013  2.292  28.151 0.0000000000
25957  2.409  0.891  28.603 0.0000000000
25958  1.138  1.093  28.170 0.0000000000
25959  0.537  -0.264  28.037 0.0000000000
27224  14.442  30.772  27.125 0.0000000000
27242  14.633  41.949  14.856 0.0000000000
27243  15.088  40.510  15.047 0.0000000000
27291  12.348  51.125  1.772 0.0000000000
27292  12.421  50.149  0.668 0.0000000000
27293  10.439  48.222  -4.333 0.0000000000
27294  11.194  48.131  -3.393 0.0000000000
27295  10.738  47.042  -4.441 0.0000000000
27298  13.034  43.293  -4.466 0.0000000000
28883  6.646  19.568  30.336 0.0000000000
28884  6.196  20.460  29.539 0.0000000000
28885  7.122  20.996  29.649 0.0000000000
28886  7.698  22.412  28.802 0.0000000000
28887  8.444  23.632  27.810 0.0000000000
28888  10.396  22.703  28.063 0.0000000000
28889  9.867  23.752  27.429 0.0000000000
28890  9.230  24.788  26.741 0.0000000000
28891  9.839  25.936  25.818 0.0000000000
28903  7.543  18.841  31.010 0.0000000000
29274  0.982  30.089  1.004 0.0000000000
29275  1.748  29.561  -0.300 0.0000000000
29276  2.693  28.989  -1.465 0.0000000000
29277  6.118  31.087  -2.146 0.0000000000
29278  4.859  29.795  -2.282 0.0000000000
29279  3.627  28.454  -2.471 0.0000000000
29282  5.673  26.977  -5.807 0.0000000000
29283  5.536  26.665  -6.854 0.0000000000
29284  5.465  28.263  -7.000 0.0000000000
29285  5.529  29.477  -7.980 0.0000000000
29286  6.622  30.572  -8.490 0.0000000000
29287  6.783  32.586  -7.495 0.0000000000
29288  7.448  31.953  -8.120 0.0000000000
29289  8.177  31.368  -8.817 0.0000000000
29290  9.665  32.168  -9.330 0.0000000000
29891  -0.099  3.928  25.989 0.0000000000
29893  -0.050  5.519  25.355 0.0000000000
29894  0.006  7.239  24.839 0.0000000000
29895  -0.040  8.877  24.284 0.0000000000
29896  1.615  9.608  25.229 0.0000000000
29897  0.726  10.183  24.719 0.0000000000
29898  -0.019  10.625  23.685 0.0000000000
29899  0.237  12.192  23.068 0.0000000000
29900  0.534  13.611  22.405 0.0000000000
29901  0.834  15.112  21.562 0.0000000000
29906  7.734  25.824  16.894 0.0000000000
29920  8.637  34.825  8.394 0.0000000000
29921  7.902  36.672  7.678 0.0000000000
29922  7.190  38.593  7.064 0.0000000000
29939  5.784  8.011  30.938 0.0000000000
29945  7.232  1.183  30.779 0.0000000000
29946  7.145  2.551  30.358 0.0000000000
29947  6.198  2.912  29.580 0.0000000000
29948  4.865  3.251  28.837 0.0000000000
29949  5.891  5.707  28.494 0.0000000000
29950  4.506  4.589  28.251 0.0000000000
29951  3.198  3.348  28.169 0.0000000000
29952  1.668  3.731  27.706 0.0000000000
29953  0.525  4.016  27.233 0.0000000000
30932  12.104  33.042  29.155 0.0000000000
30951  15.005  44.086  12.362 0.0000000000
32387  7.822  12.739  27.511 0.0000000000
32388  7.811  13.297  26.521 0.0000000000
32389  7.822  14.371  26.857 0.0000000000
32390  7.710  15.939  26.227 0.0000000000
32391  7.555  17.407  25.494 0.0000000000
32392  5.950  17.606  26.381 0.0000000000
32393  6.665  18.306  25.563 0.0000000000
32394  7.377  18.923  24.695 0.0000000000
32398  5.912  21.239  28.517 0.0000000000
32399  5.863  21.936  27.316 0.0000000000
32400  5.870  22.470  26.044 0.0000000000
32401  6.026  24.990  26.111 0.0000000000
32402  5.924  23.962  25.433 0.0000000000
32403  6.011  23.025  24.744 0.0000000000
32404  6.320  23.385  23.560 0.0000000000
32405  6.762  23.799  22.478 0.0000000000
32406  7.318  24.261  21.456 0.0000000000
32407  7.260  25.622  20.660 0.0000000000
32408  7.025  26.966  19.873 0.0000000000
32409  6.745  28.421  19.173 0.0000000000
32410  5.907  29.133  20.940 0.0000000000
32411  6.075  29.520  19.676 0.0000000000
32412  6.492  29.933  18.380 0.0000000000
32413  6.242  31.481  17.664 0.0000000000
32414  6.100  33.343  17.266 0.0000000000
32415  6.759  34.973  16.823 0.0000000000
32438  5.064  11.179  30.837 0.0000000000
32439  5.385  13.399  30.866 0.0000000000
32440  5.056  12.444  30.206 0.0000000000
32441  5.207  11.530  29.832 0.0000000000
32442  6.116  12.011  29.146 0.0000000000
32443  7.217  12.472  28.498 0.0000000000
33478  5.973  19.771  -8.724 0.0000000000
33481  5.410  26.160  -7.734 0.0000000000
33482  5.472  25.749  -8.577 0.0000000000
33483  5.925  25.432  -9.347 0.0000000000
33484  7.657  28.108  -10.005 0.0000000000
33485  7.013  26.615  -10.151 0.0000000000
33486  6.545  25.080  -10.059 0.0000000000
33487  7.074  24.758  -10.797 0.0000000000
35128  7.378  13.721  25.618 0.0000000000
35129  6.494  14.163  24.702 0.0000000000
35130  5.435  14.667  23.791 0.0000000000
35132  5.778  16.093  23.012 0.0000000000
35133  4.267  15.094  22.926 0.0000000000
35134  3.075  15.545  22.121 0.0000000000
35135  2.020  16.104  21.402 0.0000000000
35140  4.539  22.639  17.591 0.0000000000
35142  3.821  19.866  19.400 0.0000000000
35143  2.494  18.941  19.585 0.0000000000
35175  6.687  32.711  0.664 0.0000000000
35177  7.692  34.045  0.725 0.0000000000
35178  7.548  34.054  -0.451 0.0000000000
35179  6.819  35.822  -1.312 0.0000000000
35180  6.653  37.286  -2.290 0.0000000000
35181  7.844  37.754  -2.970 0.0000000000
35248  5.777  -0.934  30.214 0.0000000000
35250  2.971  -0.556  29.097 0.0000000000
35251  3.488  -1.982  29.551 0.0000000000
35252  4.067  -3.423  29.880 0.0000000000
37810  14.239  31.978  27.149 0.0000000000
37811  14.765  31.373  25.961 0.0000000000
37812  14.826  33.177  24.720 0.0000000000
37818  10.668  30.613  21.676 0.0000000000
37819  10.203  31.536  20.795 0.0000000000
37820  9.799  32.329  19.934 0.0000000000
37822  11.349  32.691  18.997 0.0000000000
37823  9.463  33.121  19.000 0.0000000000
37824  9.157  33.847  18.032 0.0000000000
37825  8.820  34.658  17.063 0.0000000000
37826  8.490  35.482  16.140 0.0000000000
37852  10.207  35.785  15.166 0.0000000000
37853  8.163  36.333  15.121 0.0000000000
37854  7.975  37.133  14.106 0.0000000000
37855  7.807  37.709  12.858 0.0000000000
37856  7.766  38.152  11.597 0.0000000000
37857  10.882  38.057  10.989 0.0000000000
37858  9.188  38.545  10.799 0.0000000000
37859  7.666  38.708  10.433 0.0000000000
37860  7.460  39.442  9.265 0.0000000000
37861  7.417  40.013  7.925 0.0000000000
37862  7.430  40.223  6.515 0.0000000000
37870  9.134  40.522  5.730 0.0000000000
37871  7.460  40.371  5.050 0.0000000000
37872  7.758  40.255  3.661 0.0000000000
37873  8.141  39.892  2.456 0.0000000000
37874  8.389  39.675  1.297 0.0000000000
37876  10.002  39.624  0.917 0.0000000000
37877  8.641  39.326  0.117 0.0000000000
37878  8.950  38.824  -1.043 0.0000000000
37879  9.272  38.280  -2.104 0.0000000000
37880  9.730  37.655  -3.164 0.0000000000
37941  13.718  47.052  3.402 0.0000000000
37942  14.338  46.136  2.330 0.0000000000
37943  14.750  45.141  1.278 0.0000000000
37946  12.235  49.125  -0.393 0.0000000000
37947  11.681  48.120  -2.422 0.0000000000
37948  11.947  47.884  -1.390 0.0000000000
37949  12.260  47.795  -0.393 0.0000000000
37950  13.171  46.558  -0.325 0.0000000000
37951  14.205  45.260  -0.118 0.0000000000
37956  13.571  41.949  -4.107 0.0000000000
37957  13.754  40.645  -3.458 0.0000000000
37959  12.445  38.636  -3.176 0.0000000000
37960  11.469  37.766  -3.719 0.0000000000
37961  10.295  37.051  -4.380 0.0000000000
37962  10.801  36.605  -5.387 0.0000000000
37963  11.189  36.248  -6.463 0.0000000000
37964  11.309  36.054  -7.614 0.0000000000
41072  7.332  37.113  -3.783 0.0000000000
41073  6.849  36.630  -4.147 0.0000000000
41074  7.736  36.714  -4.364 0.0000000000
41075  8.061  36.389  -4.820 0.0000000000
41076  8.663  36.748  -4.393 0.0000000000
41220  6.984  11.411  26.561 0.0000000000
41221  7.401  11.929  26.671 0.0000000000
41222  6.246  34.791  16.007 0.0000000000
41223  6.356  34.038  15.481 0.0000000000
41224  6.350  34.996  15.339 0.0000000000
41225  6.374  35.234  14.700 0.0000000000
41226  6.571  35.861  15.150 0.0000000000
41819  5.792  18.607  29.800 0.0000000000
41820  5.732  18.979  29.199 0.0000000000
41821  5.802  19.395  29.529 0.0000000000
41822  9.803  28.524  23.823 0.0000000000
41823  9.067  28.514  24.000 0.0000000000
41824  9.319  29.050  23.446 0.0000000000
41825  8.876  29.609  23.093 0.0000000000
41826  9.719  29.513  22.914 0.0000000000
41830  6.177  18.772  30.632 0.0000000000
41831  6.153  18.175  31.002 0.0000000000
41832  5.950  18.426  30.408 0.0000000000
41833  5.867  17.962  30.148 0.0000000000
42100  5.091  25.481  -4.916 0.0000000000
42104  5.136  24.483  -5.429 0.0000000000
42550  3.574  26.753  13.479 0.0000000000
42551  3.170  26.097  14.021 0.0000000000
42552  2.806  26.398  13.605 0.0000000000
42553  2.046  26.076  13.766 0.0000000000
42554  2.432  26.707  13.186 0.0000000000
42557  7.386  37.826  6.159 0.0000000000
42559  7.331  37.924  5.465 0.0000000000
42560  7.235  38.069  4.770 0.0000000000
42561  7.058  38.920  5.024 0.0000000000
43282  11.953  31.810  30.330 0.0000000000
43283  12.531  31.555  29.861 0.0000000000
43284  12.225  32.134  29.781 0.0000000000
44219  9.604  20.248  29.710 0.0000000000
44220  9.305  20.809  29.440 0.0000000000
44221  9.937  20.867  29.279 0.0000000000
44231  10.603  19.287  30.265 0.0000000000
44232  10.119  19.747  29.961 0.0000000000
44233  9.501  19.659  30.105 0.0000000000
44497  6.045  32.136  0.056 0.0000000000
44498  5.185  31.641  -0.070 0.0000000000
44500  5.718  32.229  -5.453 0.0000000000
44501  6.105  31.532  -4.871 0.0000000000
44502  5.775  31.396  -5.505 0.0000000000
44503  5.879  30.539  -5.499 0.0000000000
44504  5.550  31.186  -6.145 0.0000000000
44505  5.409  30.965  -6.658 0.0000000000
44506  5.488  31.821  -6.598 0.0000000000
44507  10.017  34.518  -7.426 0.0000000000
44508  9.543  33.983  -7.657 0.0000000000
44509  10.193  34.335  -7.930 0.0000000000
44510  10.394  34.162  -8.400 0.0000000000
44511  10.757  34.779  -8.284 0.0000000000
44939  1.780  6.923  26.543 0.0000000000
44940  1.277  7.214  26.293 0.0000000000
44941  1.865  7.674  26.215 0.0000000000
44942  3.652  12.840  24.104 0.0000000000
44943  2.841  12.341  24.118 0.0000000000
44944  3.074  13.070  23.725 0.0000000000
44945  2.508  13.318  23.375 0.0000000000
44946  3.235  13.813  23.321 0.0000000000
44947  7.560  28.197  18.481 0.0000000000
44948  7.993  27.732  18.317 0.0000000000
44949  7.929  28.452  17.913 0.0000000000
44957  7.229  36.500  11.136 0.0000000000
44958  7.619  35.766  10.786 0.0000000000
44959  7.415  36.681  10.492 0.0000000000
44960  7.512  36.828  9.881 0.0000000000
44961  7.312  37.579  10.181 0.0000000000
44970  4.993  10.103  30.968 0.0000000000
44972  5.131  9.638  30.813 0.0000000000
44980  3.278  7.281  26.780 0.0000000000
44981  3.378  6.654  27.066 0.0000000000
44982  2.539  6.772  26.801 0.0000000000
44983  1.865  6.259  26.847 0.0000000000
45693  13.582  47.170  11.292 0.0000000000
45695  14.053  46.579  11.444 0.0000000000
45697  14.595  46.145  10.906 0.0000000000
45698  15.031  45.711  10.340 0.0000000000
45699  14.634  46.335  10.232 0.0000000000
46739  5.929  14.947  27.812 0.0000000000
46740  6.239  15.331  27.468 0.0000000000
46741  5.806  15.721  27.491 0.0000000000
46742  5.862  20.767  25.678 0.0000000000
46743  5.907  20.289  25.487 0.0000000000
46744  5.994  21.030  25.155 0.0000000000
46745  6.205  21.288  24.625 0.0000000000
46746  6.067  21.748  24.818 0.0000000000
46747  7.406  24.073  27.670 0.0000000000
46748  6.752  23.896  27.754 0.0000000000
46749  7.031  24.556  27.336 0.0000000000
46750  6.011  27.147  23.515 0.0000000000
46751  6.024  26.419  23.832 0.0000000000
46752  6.019  26.537  23.146 0.0000000000
46753  6.088  25.988  22.762 0.0000000000
46754  6.045  26.703  22.458 0.0000000000
46755  6.081  26.856  21.782 0.0000000000
46756  5.956  27.446  22.135 0.0000000000
46757  7.025  32.347  20.482 0.0000000000
46758  6.348  32.059  20.371 0.0000000000
46759  6.792  32.713  19.933 0.0000000000
46760  6.707  32.992  19.354 0.0000000000
46761  7.565  33.141  19.410 0.0000000000
46780  5.329  15.153  28.366 0.0000000000
46781  5.247  14.511  28.695 0.0000000000
46782  5.440  14.732  28.181 0.0000000000
46783  5.875  14.315  28.147 0.0000000000
47580  1.285  27.550  -1.302 0.0000000000
47581  0.658  26.609  -0.724 0.0000000000
47582  1.062  26.568  -1.364 0.0000000000
47597  5.733  23.118  -8.388 0.0000000000
47598  5.728  22.223  -8.201 0.0000000000
47599  5.822  22.889  -8.752 0.0000000000
47601  6.008  23.556  -9.300 0.0000000000
47602  6.701  29.592  -8.961 0.0000000000
47603  6.378  28.810  -9.077 0.0000000000
47604  7.104  29.298  -9.243 0.0000000000
48907  -0.057  8.233  23.127 0.0000000000
48926  5.474  18.395  21.211 0.0000000000
48930  6.875  24.654  17.219 0.0000000000
48931  6.620  23.990  17.632 0.0000000000
48932  6.167  24.242  17.152 0.0000000000
48933  1.507  22.006  17.233 0.0000000000
48934  1.992  21.696  17.510 0.0000000000
48935  1.371  21.268  17.712 0.0000000000
48936  1.264  20.537  18.175 0.0000000000
48937  0.875  20.805  17.765 0.0000000000
48939  0.475  21.116  17.321 0.0000000000
48962  7.006  38.413  0.933 0.0000000000
48963  7.078  37.571  0.781 0.0000000000
48964  7.049  38.339  0.353 0.0000000000
48965  6.939  38.333  -0.291 0.0000000000
48966  7.325  38.918  -0.076 0.0000000000
49020  4.378  1.963  28.990 0.0000000000
49021  4.544  1.288  29.239 0.0000000000
49022  3.741  1.340  28.922 0.0000000000
51175  12.172  39.482  8.759 0.0000000000
51176  11.393  39.362  9.074 0.0000000000
51177  11.444  39.683  8.519 0.0000000000
51178  10.615  39.958  8.298 0.0000000000
51179  11.519  39.889  7.922 0.0000000000
51243  11.950  49.404  1.107 0.0000000000
51244  11.620  49.232  1.607 0.0000000000
51245  11.945  48.717  1.104 0.0000000000
51246  12.321  48.052  1.157 0.0000000000
51247  12.193  48.203  0.611 0.0000000000
51249  11.643  49.853  -2.494 0.0000000000
51251  12.616  45.073  -3.549 0.0000000000
51252  12.560  45.619  -3.009 0.0000000000
51253  13.001  45.037  -2.992 0.0000000000
51254  13.373  44.993  -2.395 0.0000000000
51255  13.432  44.405  -2.920 0.0000000000
51256  13.809  43.738  -2.790 0.0000000000
51257  13.479  43.803  -3.387 0.0000000000
51260  12.687  39.684  -6.080 0.0000000000
51261  12.686  39.024  -5.749 0.0000000000
51262  12.529  39.098  -6.380 0.0000000000
51263  12.394  38.432  -6.579 0.0000000000
54097  6.750  35.008  -2.050 0.0000000000
54098  6.843  34.142  -2.299 0.0000000000
54099  6.430  34.967  -2.749 0.0000000000
54100  6.048  35.507  -4.749 0.0000000000
54101  5.867  34.881  -4.240 0.0000000000
54102  5.862  34.711  -4.977 0.0000000000
54103  5.687  33.925  -5.203 0.0000000000
54104  5.874  34.529  -5.729 0.0000000000
54105  6.155  34.222  -6.189 0.0000000000
54106  6.578  34.882  -5.899 0.0000000000
54107  8.790  35.638  -5.673 0.0000000000
54108  8.207  35.177  -6.023 0.0000000000
54109  9.192  35.249  -6.071 0.0000000000
54110  9.489  34.974  -6.505 0.0000000000
54111  9.984  35.487  -6.239 0.0000000000
54539  4.784  9.050  26.559 0.0000000000
54540  4.107  9.236  26.193 0.0000000000
54541  4.941  9.816  26.261 0.0000000000
54542  6.024  11.908  25.714 0.0000000000
54543  5.279  11.373  25.630 0.0000000000
54544  5.505  12.166  25.315 0.0000000000
54545  4.892  12.361  24.903 0.0000000000
54546  5.674  12.890  24.970 0.0000000000
54547  6.851  31.121  16.836 0.0000000000
54548  7.417  30.598  16.674 0.0000000000
54549  7.142  31.343  16.258 0.0000000000
54550  7.265  32.654  14.774 0.0000000000
54551  7.645  31.828  15.149 0.0000000000
54552  7.860  32.081  14.561 0.0000000000
54557  6.554  35.737  13.539 0.0000000000
54558  6.852  34.885  13.081 0.0000000000
54559  6.640  35.905  12.946 0.0000000000
54560  6.850  36.101  12.332 0.0000000000
54561  6.733  36.837  12.712 0.0000000000
54570  6.613  11.008  29.476 0.0000000000
54571  6.582  10.284  29.818 0.0000000000
54580  6.268  9.450  27.119 0.0000000000
54581  6.335  8.804  27.455 0.0000000000
54582  5.643  8.957  27.005 0.0000000000
54583  4.875  8.432  26.894 0.0000000000
55298  13.209  48.093  10.036 0.0000000000
56339  5.489  16.679  28.448 0.0000000000
56340  5.452  17.050  27.912 0.0000000000
56341  5.589  17.460  28.230 0.0000000000
56342  5.758  19.573  28.064 0.0000000000
56343  5.727  19.109  27.727 0.0000000000
56344  5.744  19.890  27.490 0.0000000000
56345  5.764  20.208  26.873 0.0000000000
56346  5.780  20.667  27.248 0.0000000000
56347  8.743  26.439  25.691 0.0000000000
56348  7.967  26.446  25.882 0.0000000000
56349  8.274  26.976  25.418 0.0000000000
56350  7.502  28.490  24.277 0.0000000000
56351  7.286  27.970  24.705 0.0000000000
56352  6.897  28.348  24.249 0.0000000000
56353  6.388  28.065  24.132 0.0000000000
56354  6.584  28.698  23.700 0.0000000000
56355  6.298  28.996  23.155 0.0000000000
56356  6.771  29.324  23.355 0.0000000000
56357  8.182  30.637  22.291 0.0000000000
56358  7.406  30.547  22.372 0.0000000000
56359  7.869  31.087  21.862 0.0000000000
56360  7.570  31.556  21.441 0.0000000000
56361  8.430  31.543  21.298 0.0000000000
56380  5.758  17.002  29.461 0.0000000000
56381  5.727  16.370  29.802 0.0000000000
56382  5.600  16.494  29.120 0.0000000000
56383  5.439  16.057  28.826 0.0000000000
57199  5.472  23.624  -7.179 0.0000000000
57200  5.541  23.462  -7.585 0.0000000000
57201  5.552  24.272  -7.756 0.0000000000
57202  9.515  31.335  -9.915 0.0000000000
57203  9.218  30.678  -10.031 0.0000000000
57204  9.696  31.270  -10.474 0.0000000000
58530  5.222  25.696  15.292 0.0000000000
58531  4.856  25.015  15.789 0.0000000000
58532  4.418  25.284  15.317 0.0000000000
58533  2.513  24.799  15.130 0.0000000000
58534  2.940  24.503  15.490 0.0000000000
58535  2.209  24.130  15.648 0.0000000000
58536  2.034  23.431  16.186 0.0000000000
58537  1.601  23.742  15.825 0.0000000000
58538  1.008  23.277  16.029 0.0000000000
58539  1.192  24.064  15.472 0.0000000000
58540  0.765  25.223  14.016 0.0000000000
58541  0.478  24.470  14.476 0.0000000000
58542  0.242  24.625  13.897 0.0000000000
58544  0.040  24.744  13.296 0.0000000000
58562  7.224  38.166  3.418 0.0000000000
58563  7.421  37.346  3.241 0.0000000000
58564  7.187  38.221  2.768 0.0000000000
58565  7.211  38.282  2.166 0.0000000000
58566  7.252  38.989  2.353 0.0000000000
58620  1.359  2.427  27.962 0.0000000000
58621  1.545  1.685  28.161 0.0000000000
58622  0.964  1.831  27.947 0.0000000000
60730  13.537  31.105  28.824 0.0000000000
60731  13.763  30.538  28.828 0.0000000000
60732  13.962  30.838  28.261 0.0000000000
60733  14.283  30.544  27.692 0.0000000000
60734  14.174  31.150  27.705 0.0000000000
60760  14.284  43.400  14.091 0.0000000000
60761  14.941  41.838  13.723 0.0000000000
60762  14.701  42.213  14.242 0.0000000000
60763  14.873  41.553  14.311 0.0000000000
60764  14.861  41.281  14.968 0.0000000000
60765  15.025  40.818  14.400 0.0000000000
60767  15.097  40.365  13.873 0.0000000000
60844  12.508  51.743  1.850 0.0000000000
60846  12.404  50.644  1.213 0.0000000000
60849  10.607  47.656  -4.359 0.0000000000
61087  6.096  18.673  -8.771 0.0000000000
63539  7.159  19.811  30.328 0.0000000000
63540  6.878  20.284  29.993 0.0000000000
63541  7.436  20.493  29.934 0.0000000000
63542  8.686  21.905  28.889 0.0000000000
63543  7.995  21.853  29.080 0.0000000000
63544  8.388  22.495  28.633 0.0000000000
63545  8.069  23.044  28.330 0.0000000000
63546  8.768  23.097  28.123 0.0000000000
63548  10.643  22.136  28.407 0.0000000000
63551  10.517  23.829  27.294 0.0000000000
63552  10.244  24.387  26.925 0.0000000000
63553  9.542  24.285  27.077 0.0000000000
63554  9.898  24.879  26.594 0.0000000000
63555  9.528  25.425  26.273 0.0000000000
63556  10.195  25.441  26.146 0.0000000000
63558  10.789  26.496  25.329 0.0000000000
63560  10.654  27.496  24.523 0.0000000000
63561  11.323  27.583  24.441 0.0000000000
63573  10.430  18.133  31.104 0.0000000000
63580  8.287  19.505  30.448 0.0000000000
63581  8.157  18.940  30.844 0.0000000000
63582  7.641  19.428  30.611 0.0000000000
63583  7.070  19.231  30.711 0.0000000000
64375  3.649  30.630  -0.490 0.0000000000
64376  2.502  30.305  -0.069 0.0000000000
64377  2.774  29.997  -0.665 0.0000000000
64378  2.156  29.242  -0.872 0.0000000000
64379  3.283  29.704  -1.291 0.0000000000
64380  6.865  32.476  -2.725 0.0000000000
64381  6.707  31.703  -2.065 0.0000000000
64382  6.689  31.679  -2.806 0.0000000000
64383  6.092  30.070  -3.451 0.0000000000
64384  5.819  30.255  -2.855 0.0000000000
64385  5.217  29.539  -2.880 0.0000000000
64386  4.202  29.159  -2.408 0.0000000000
64387  4.672  28.839  -2.900 0.0000000000
64388  4.139  28.139  -2.954 0.0000000000
64389  5.103  28.604  -3.454 0.0000000000
64390  5.980  28.808  -5.413 0.0000000000
64392  5.786  27.991  -5.304 0.0000000000
64393  5.608  27.150  -5.171 0.0000000000
64394  5.764  27.812  -5.954 0.0000000000
64395  5.629  27.613  -6.430 0.0000000000
64396  5.557  28.464  -6.507 0.0000000000
64397  5.540  30.513  -7.529 0.0000000000
64398  5.412  29.704  -7.525 0.0000000000
64399  5.654  30.275  -7.974 0.0000000000
64400  5.978  30.038  -8.293 0.0000000000
64401  6.267  30.817  -8.155 0.0000000000
64402  6.884  33.602  -6.926 0.0000000000
64403  6.460  32.912  -7.135 0.0000000000
64404  7.243  33.243  -7.249 0.0000000000
64405  8.651  32.920  -8.054 0.0000000000
64406  7.870  32.640  -7.946 0.0000000000
64407  8.227  32.306  -8.258 0.0000000000
64408  7.793  31.657  -8.459 0.0000000000
64409  8.608  32.020  -8.614 0.0000000000
64410  8.966  31.752  -9.053 0.0000000000
65699  0.054  4.608  26.381 0.0000000000
65700  -0.070  4.697  25.699 0.0000000000
65701  0.081  5.373  26.089 0.0000000000
65702  0.389  7.742  25.734 0.0000000000
65703  0.149  7.075  25.511 0.0000000000
65704  0.171  7.947  25.146 0.0000000000
65705  -0.009  8.089  24.525 0.0000000000
65706  0.224  8.750  24.865 0.0000000000
65707  2.826  9.772  25.479 0.0000000000
65708  2.126  9.298  25.500 0.0000000000
65709  2.274  10.083  25.166 0.0000000000
65710  1.405  11.409  24.242 0.0000000000
65711  1.279  10.652  24.628 0.0000000000
65712  0.809  10.957  24.336 0.0000000000
65713  0.305  10.394  24.237 0.0000000000
65714  0.395  11.243  23.891 0.0000000000
65715  0.099  11.442  23.392 0.0000000000
65716  0.543  11.989  23.551 0.0000000000
65717  1.548  13.879  22.724 0.0000000000
65719  1.101  14.139  22.396 0.0000000000
65721  1.260  14.882  21.950 0.0000000000
65725  8.398  26.712  17.860 0.0000000000
65730  8.421  29.590  16.334 0.0000000000
65738  6.750  26.534  15.357 0.0000000000
65740  6.681  28.384  13.402 0.0000000000
65742  5.939  27.927  13.338 0.0000000000
65743  5.138  27.522  13.357 0.0000000000
65755  8.408  34.356  10.219 0.0000000000
65761  8.571  34.688  8.999 0.0000000000
65762  7.558  37.245  8.677 0.0000000000
65763  7.931  36.464  8.307 0.0000000000
65764  7.533  37.453  8.019 0.0000000000
65765  7.511  37.610  7.381 0.0000000000
65766  7.256  38.414  7.705 0.0000000000
65798  6.439  8.886  30.426 0.0000000000
65799  5.804  8.670  30.680 0.0000000000
65800  6.349  8.241  30.685 0.0000000000
65812  7.564  2.898  30.958 0.0000000000
65813  7.436  2.391  30.762 0.0000000000
65814  7.440  3.101  30.528 0.0000000000
65815  6.634  4.154  29.472 0.0000000000
65816  6.695  3.435  29.726 0.0000000000
65817  6.144  3.602  29.335 0.0000000000
65818  5.578  3.107  29.216 0.0000000000
65819  5.518  3.835  28.949 0.0000000000
65820  6.496  6.906  28.325 0.0000000000
65821  6.510  6.256  28.616 0.0000000000
65822  5.827  6.374  28.195 0.0000000000
65823  3.544  5.308  27.638 0.0000000000
65824  4.385  5.226  27.975 0.0000000000
65825  3.662  4.645  27.914 0.0000000000
65826  3.841  3.989  28.193 0.0000000000
65827  2.952  4.021  27.905 0.0000000000
65828  2.381  3.541  27.918 0.0000000000
65829  2.190  4.245  27.653 0.0000000000
65830  0.797  5.220  27.004 0.0000000000
65831  0.895  4.564  27.228 0.0000000000
65832  0.396  4.673  27.001 0.0000000000
65833  0.125  4.026  26.705 0.0000000000
71099  7.676  13.270  27.706 0.0000000000
71100  7.819  13.560  27.201 0.0000000000
71101  7.643  14.080  27.362 0.0000000000
71102  7.036  16.090  26.722 0.0000000000
71103  7.494  15.639  26.682 0.0000000000
71104  7.411  16.420  26.322 0.0000000000
71105  7.650  16.676  25.847 0.0000000000
71106  7.296  17.153  25.933 0.0000000000
71107  5.537  17.698  26.887 0.0000000000
71108  5.708  17.270  26.794 0.0000000000
71109  5.702  18.015  26.450 0.0000000000
71110  6.293  19.456  25.223 0.0000000000
71111  6.302  18.709  25.585 0.0000000000
71112  6.627  19.050  25.174 0.0000000000
71113  6.996  18.656  25.157 0.0000000000
71114  6.987  19.362  24.747 0.0000000000
71115  7.353  19.629  24.285 0.0000000000
71116  7.027  20.060  24.352 0.0000000000
71122  6.327  21.197  29.246 0.0000000000
71123  5.976  20.917  29.077 0.0000000000
71124  6.083  21.657  28.786 0.0000000000
71125  5.964  23.191  27.332 0.0000000000
71126  5.884  22.391  27.667 0.0000000000
71127  5.895  22.706  27.037 0.0000000000
71128  5.878  22.220  26.677 0.0000000000
71129  5.876  22.972  26.431 0.0000000000
71130  6.562  26.148  26.014 0.0000000000
71131  6.336  25.438  26.388 0.0000000000
71132  6.123  25.767  25.803 0.0000000000
71133  5.996  24.956  24.430 0.0000000000
71134  5.933  24.760  25.121 0.0000000000
71135  5.982  24.211  24.754 0.0000000000
71136  5.964  23.471  25.074 0.0000000000
71137  6.032  23.723  24.386 0.0000000000
71138  6.156  23.217  24.135 0.0000000000
71139  6.163  23.892  23.787 0.0000000000
71140  6.406  24.941  22.209 0.0000000000
71141  6.474  24.259  22.598 0.0000000000
71142  6.669  24.464  22.063 0.0000000000
71143  7.005  24.017  21.959 0.0000000000
71144  6.955  24.690  21.566 0.0000000000
71145  7.311  24.946  21.036 0.0000000000
71146  6.914  25.376  21.180 0.0000000000
71147  6.358  27.225  20.614 0.0000000000
71148  6.715  26.727  20.409 0.0000000000
71149  6.585  27.429  20.014 0.0000000000
71150  6.898  27.694  19.505 0.0000000000
71151  6.428  28.164  19.725 0.0000000000
71152  5.990  29.567  21.919 0.0000000000
71153  5.906  28.953  21.589 0.0000000000
71154  5.958  29.738  21.275 0.0000000000
71155  5.934  30.950  19.685 0.0000000000
71156  5.939  30.138  19.986 0.0000000000
71157  6.021  30.314  19.316 0.0000000000
71158  6.201  29.719  19.006 0.0000000000
71159  6.125  30.509  18.639 0.0000000000
71160  6.379  30.674  17.986 0.0000000000
71161  6.097  31.289  18.306 0.0000000000
71162  6.457  33.623  18.227 0.0000000000
71163  6.028  33.099  17.903 0.0000000000
71164  6.313  33.970  17.652 0.0000000000
71165  6.255  34.227  17.078 0.0000000000
71166  6.922  34.609  17.326 0.0000000000
71220  5.601  14.504  30.852 0.0000000000
71222  5.449  14.085  30.517 0.0000000000
71223  5.148  13.294  29.301 0.0000000000
71224  5.088  13.106  29.861 0.0000000000
71225  5.117  12.635  29.649 0.0000000000
71226  5.078  11.967  29.995 0.0000000000
71227  5.273  12.181  29.514 0.0000000000
71228  5.604  11.788  29.459 0.0000000000
71229  5.628  12.404  29.106 0.0000000000
71230  6.885  13.475  28.178 0.0000000000
71231  6.760  12.891  28.499 0.0000000000
71232  7.295  13.067  28.148 0.0000000000
71233  7.671  12.587  28.078 0.0000000000
73629  1.012  24.687  -1.539 0.0000000000
73675  5.619  20.358  -7.730 0.0000000000
73676  5.412  19.618  -7.204 0.0000000000
73677  5.556  19.404  -7.553 0.0000000000
73680  5.807  19.049  -8.178 0.0000000000
73681  5.850  19.961  -8.409 0.0000000000
73687  5.417  27.309  -7.421 0.0000000000
73688  5.440  26.415  -7.314 0.0000000000
73689  5.347  27.039  -7.870 0.0000000000
73690  5.750  27.210  -9.219 0.0000000000
73691  5.450  26.577  -8.733 0.0000000000
73692  5.698  26.416  -9.127 0.0000000000
73693  5.708  25.600  -8.961 0.0000000000
73694  5.994  26.272  -9.498 0.0000000000
73695  8.607  29.308  -10.184 0.0000000000
73696  7.931  28.806  -9.902 0.0000000000
73697  8.298  28.604  -10.319 0.0000000000
73698  7.937  26.943  -10.836 0.0000000000
73699  7.655  27.123  -10.420 0.0000000000
73700  7.347  26.398  -10.470 0.0000000000
73701  6.751  25.842  -10.146 0.0000000000
73702  7.072  25.674  -10.514 0.0000000000
73703  6.809  24.928  -10.427 0.0000000000
73704  7.344  25.498  -10.853 0.0000000000
77647  7.876  14.068  26.224 0.0000000000
77648  7.619  13.506  26.072 0.0000000000
77649  7.702  14.264  25.752 0.0000000000
77650  7.153  15.439  24.371 0.0000000000
77651  7.044  14.685  24.768 0.0000000000
77652  6.591  14.916  24.279 0.0000000000
77653  5.972  14.411  24.245 0.0000000000
77654  6.137  15.146  23.861 0.0000000000
77658  5.286  16.982  22.128 0.0000000000
77659  5.868  16.778  22.599 0.0000000000
77660  5.182  16.286  22.559 0.0000000000
77661  5.056  15.604  22.949 0.0000000000
77662  4.430  15.804  22.522 0.0000000000
77663  3.665  15.302  22.522 0.0000000000
77664  3.833  16.042  22.086 0.0000000000
77666  2.715  16.532  21.334 0.0000000000
77668  1.560  16.402  21.057 0.0000000000
77673  6.147  22.596  18.474 0.0000000000
77677  5.278  21.429  18.895 0.0000000000
77678  4.254  23.650  16.701 0.0000000000
77679  4.733  23.378  17.135 0.0000000000
77680  4.031  22.923  17.169 0.0000000000
77681  2.951  21.089  18.201 0.0000000000
77682  3.579  21.520  18.076 0.0000000000
77683  3.491  20.854  18.554 0.0000000000
77687  2.625  19.679  19.119 0.0000000000
77689  1.360  18.774  19.328 0.0000000000
77767  8.075  34.706  2.632 0.0000000000
77769  7.987  34.744  2.019 0.0000000000
77770  7.364  35.850  0.414 0.0000000000
77771  7.731  34.899  0.806 0.0000000000
77772  7.562  34.912  0.241 0.0000000000
77773  7.669  34.015  0.116 0.0000000000
77774  7.369  34.962  -0.314 0.0000000000
77775  7.249  34.967  -0.901 0.0000000000
77776  7.012  35.868  -0.736 0.0000000000
77777  6.946  38.028  -1.507 0.0000000000
77778  6.592  37.454  -1.694 0.0000000000
77779  6.937  37.874  -2.111 0.0000000000
77780  7.067  37.658  -2.686 0.0000000000
77781  7.685  38.011  -2.412 0.0000000000
77940  6.907  1.444  30.409 0.0000000000
77941  6.955  0.686  30.617 0.0000000000
77942  6.487  0.865  30.258 0.0000000000
77943  4.956  -0.085  29.718 0.0000000000
77944  5.630  -0.198  30.013 0.0000000000
77945  5.149  -0.825  29.928 0.0000000000
77947  4.690  -1.538  29.885 0.0000000000
77948  1.998  0.293  28.606 0.0000000000
77949  2.724  0.160  28.856 0.0000000000
77950  2.292  -0.443  28.840 0.0000000000
77951  2.388  -2.496  29.285 0.0000000000
77952  2.773  -1.865  29.295 0.0000000000
77953  3.061  -2.576  29.481 0.0000000000
77954  3.786  -2.715  29.719 0.0000000000
77955  3.354  -3.291  29.621 0.0000000000
77957  2.971  -3.930  29.494 0.0000000000
77958  1.662  -5.143  29.039 0.0000000000
77959  2.305  -5.215  29.244 0.0000000000
84285  12.355  33.375  28.609 0.0000000000
84286  12.730  32.817  28.668 0.0000000000
84291  14.553  31.681  26.580 0.0000000000
84292  14.708  31.959  25.995 0.0000000000
84293  14.795  34.134  24.058 0.0000000000
84310  11.881  31.619  20.422 0.0000000000
84311  11.169  31.335  20.796 0.0000000000
84312  11.003  31.727  20.338 0.0000000000
84313  9.997  31.930  20.379 0.0000000000
84314  10.779  32.112  19.920 0.0000000000
84320  11.172  33.051  18.494 0.0000000000
84321  10.437  32.862  18.996 0.0000000000
84322  10.271  33.233  18.517 0.0000000000
84323  9.287  33.481  18.528 0.0000000000
84324  10.142  33.582  18.049 0.0000000000
84325  10.650  34.525  16.612 0.0000000000
84326  9.811  34.369  17.071 0.0000000000
84327  9.702  34.753  16.627 0.0000000000
84328  8.647  35.052  16.619 0.0000000000
84329  9.543  35.177  16.161 0.0000000000
84393  10.874  36.297  14.214 0.0000000000
84394  10.992  35.930  14.719 0.0000000000
84395  10.046  36.167  14.715 0.0000000000
84396  9.195  36.044  15.206 0.0000000000
84397  9.050  36.470  14.689 0.0000000000
84398  8.050  36.722  14.597 0.0000000000
84399  8.933  36.869  14.161 0.0000000000
84400  9.558  37.610  12.484 0.0000000000
84401  8.706  37.607  12.997 0.0000000000
84402  8.641  37.848  12.382 0.0000000000
84403  7.792  37.930  12.223 0.0000000000
84404  8.563  38.115  11.767 0.0000000000
84408  9.833  39.088  9.802 0.0000000000
84409  9.920  38.659  10.350 0.0000000000
84410  9.063  38.948  10.239 0.0000000000
84411  8.339  38.742  10.656 0.0000000000
84412  8.203  39.166  10.099 0.0000000000
84413  7.569  39.099  9.860 0.0000000000
84414  8.137  39.566  9.539 0.0000000000
84415  8.884  40.534  7.850 0.0000000000
84416  8.008  40.421  8.300 0.0000000000
84417  8.093  40.453  7.552 0.0000000000
84418  7.405  40.158  7.216 0.0000000000
84419  8.139  40.559  6.840 0.0000000000
84440  9.212  40.443  5.111 0.0000000000
84441  8.238  40.534  5.433 0.0000000000
84442  8.328  40.543  4.764 0.0000000000
84443  7.636  40.304  4.350 0.0000000000
84444  8.462  40.400  4.085 0.0000000000
84446  8.753  40.074  2.841 0.0000000000
84447  8.905  39.935  2.268 0.0000000000
84448  8.266  39.817  1.863 0.0000000000
84449  9.031  39.854  1.688 0.0000000000
84453  10.992  39.377  0.164 0.0000000000
84454  10.860  39.552  0.730 0.0000000000
84455  10.167  39.436  0.354 0.0000000000
84456  9.329  39.497  0.546 0.0000000000
84457  9.465  39.245  -0.018 0.0000000000
84458  8.786  39.066  -0.471 0.0000000000
84459  9.620  39.014  -0.609 0.0000000000
84460  10.793  38.529  -1.875 0.0000000000
84461  9.946  38.546  -1.703 0.0000000000
84462  10.132  38.266  -2.237 0.0000000000
84463  9.433  37.972  -2.609 0.0000000000
84464  10.359  37.951  -2.749 0.0000000000
84610  11.130  50.720  3.260 0.0000000000
84611  11.559  48.769  2.790 0.0000000000
84612  11.179  49.206  3.313 0.0000000000
84617  13.038  47.609  3.178 0.0000000000
84618  13.496  46.824  1.416 0.0000000000
84619  13.778  46.710  2.128 0.0000000000
84620  14.077  46.221  1.627 0.0000000000
84622  14.295  45.740  1.114 0.0000000000
84626  12.223  49.743  -1.468 0.0000000000
84628  12.390  49.734  -0.919 0.0000000000
84629  12.433  49.683  -0.379 0.0000000000
84630  12.222  49.144  -0.923 0.0000000000
84631  11.174  47.509  -3.476 0.0000000000
84632  11.421  48.099  -2.932 0.0000000000
84633  11.464  47.495  -2.947 0.0000000000
84634  12.328  46.688  -1.899 0.0000000000
84635  11.944  47.323  -1.864 0.0000000000
84636  12.205  47.244  -1.380 0.0000000000
84637  12.061  47.825  -0.890 0.0000000000
84638  12.432  47.197  -0.875 0.0000000000
84639  12.673  47.184  -0.381 0.0000000000
84640  12.892  46.601  -0.889 0.0000000000
84641  13.982  44.778  -1.238 0.0000000000
84642  13.839  45.349  -0.740 0.0000000000
84643  14.296  44.708  -0.610 0.0000000000
84644  14.623  44.612  0.054 0.0000000000
84654  13.350  42.624  -4.318 0.0000000000
84656  13.324  40.123  -4.439 0.0000000000
84657  13.532  40.705  -4.130 0.0000000000
84658  13.498  40.074  -3.757 0.0000000000
84660  13.298  39.518  -3.356 0.0000000000
84661  12.863  39.105  -2.909 0.0000000000
84662  12.907  39.058  -3.594 0.0000000000
84663  12.136  38.008  -4.833 0.0000000000
84664  12.094  38.070  -4.129 0.0000000000
84665  11.606  37.638  -4.419 0.0000000000
84666  10.920  37.380  -4.040 0.0000000000
84667  11.136  37.203  -4.712 0.0000000000
84668  10.572  36.811  -4.872 0.0000000000
84669  11.293  37.065  -5.265 0.0000000000
84671  11.559  36.792  -6.371 0.0000000000
84673  11.284  36.112  -6.998 0.0000000000
92362  6.321  36.479  -2.980 0.0000000000
92363  6.089  35.700  -3.231 0.0000000000
92364  6.197  36.335  -3.754 0.0000000000
92365  6.391  36.089  -4.473 0.0000000000
92366  6.738  35.794  -5.127 0.0000000000
92367  7.027  35.488  -5.598 0.0000000000
92368  7.528  35.960  -5.250 0.0000000000
92369  8.407  36.032  -5.266 0.0000000000
92370  9.402  36.090  -5.279 0.0000000000
92627  6.236  10.107  26.774 0.0000000000
92628  5.720  10.367  26.363 0.0000000000
92629  6.384  10.890  26.456 0.0000000000
92630  6.510  11.655  26.128 0.0000000000
92631  6.642  12.420  25.809 0.0000000000
92632  6.351  32.845  16.266 0.0000000000
92633  6.817  32.167  15.947 0.0000000000
92634  6.529  33.077  15.674 0.0000000000
92635  6.709  33.278  15.017 0.0000000000
92636  6.923  33.534  14.460 0.0000000000
92637  7.074  33.760  13.899 0.0000000000
92638  6.625  34.492  14.258 0.0000000000
92639  6.441  35.487  14.118 0.0000000000
92640  6.565  36.483  13.970 0.0000000000
93707  5.729  17.695  29.132 0.0000000000
93708  5.688  17.967  28.548 0.0000000000
93709  5.704  18.529  28.864 0.0000000000
93710  5.722  19.272  28.637 0.0000000000
93711  5.774  20.022  28.446 0.0000000000
93712  9.244  27.480  24.799 0.0000000000
93713  8.509  27.491  24.949 0.0000000000
93714  8.705  28.047  24.479 0.0000000000
93715  8.259  28.533  24.161 0.0000000000
93716  7.820  29.047  23.807 0.0000000000
93717  7.378  29.536  23.374 0.0000000000
93718  8.103  29.628  23.262 0.0000000000
93719  8.502  30.132  22.706 0.0000000000
93720  8.992  30.580  22.144 0.0000000000
93731  5.862  16.695  30.866 0.0000000000
93732  5.879  17.348  30.510 0.0000000000
93733  5.814  17.512  29.822 0.0000000000
94224  5.469  24.647  -6.924 0.0000000000
95022  4.355  26.235  14.354 0.0000000000
95023  3.992  25.570  14.878 0.0000000000
95024  3.559  25.829  14.454 0.0000000000
95025  2.779  25.422  14.594 0.0000000000
95026  2.081  25.095  14.750 0.0000000000
95027  1.399  24.757  14.938 0.0000000000
95028  1.687  25.444  14.336 0.0000000000
95029  1.401  25.697  13.932 0.0000000000
95030  1.064  25.970  13.498 0.0000000000
95042  7.172  38.179  4.080 0.0000000000
95043  7.044  39.075  3.625 0.0000000000
95076  0.319  2.665  27.322 0.0000000000
95077  0.458  1.972  27.634 0.0000000000
95078  0.048  1.884  27.005 0.0000000000
96340  12.572  30.688  30.464 0.0000000000
96343  13.040  31.359  29.340 0.0000000000
96344  13.291  31.681  28.791 0.0000000000
96359  14.896  43.301  12.965 0.0000000000
96360  14.697  43.067  13.555 0.0000000000
96361  15.022  42.686  12.997 0.0000000000
96362  15.083  42.075  13.126 0.0000000000
96363  15.123  41.383  13.164 0.0000000000
96364  15.124  40.661  13.219 0.0000000000
96366  15.127  40.403  12.074 0.0000000000
98027  8.370  20.079  30.073 0.0000000000
98028  8.027  20.609  29.812 0.0000000000
98029  8.643  20.717  29.626 0.0000000000
98030  8.983  21.359  29.166 0.0000000000
98031  9.382  21.973  28.712 0.0000000000
98037  10.816  25.490  26.058 0.0000000000
98038  11.439  25.591  26.034 0.0000000000
98039  11.778  26.149  25.649 0.0000000000
98049  10.507  18.712  30.686 0.0000000000
98050  9.929  18.603  30.791 0.0000000000
98051  9.365  18.516  30.920 0.0000000000
98052  9.420  19.092  30.501 0.0000000000
98053  8.921  19.568  30.289 0.0000000000
98527  3.737  31.600  1.074 0.0000000000
98528  2.844  31.152  0.879 0.0000000000
98529  4.033  31.389  0.414 0.0000000000
98530  4.385  31.149  -0.265 0.0000000000
98531  4.770  30.919  -0.950 0.0000000000
98532  6.320  32.486  -4.125 0.0000000000
98533  6.644  31.676  -3.552 0.0000000000
98534  6.442  31.647  -4.232 0.0000000000
98535  6.407  30.812  -4.246 0.0000000000
98536  6.126  29.973  -4.176 0.0000000000
98538  6.179  29.790  -4.827 0.0000000000
98539  5.964  29.660  -5.448 0.0000000000
98540  5.712  29.505  -6.071 0.0000000000
98541  5.525  29.312  -6.556 0.0000000000
98542  5.472  30.151  -6.609 0.0000000000
98543  5.441  30.751  -7.091 0.0000000000
98544  5.725  31.330  -7.472 0.0000000000
98545  8.524  33.998  -7.028 0.0000000000
98546  8.056  33.490  -7.337 0.0000000000
98547  8.840  33.706  -7.463 0.0000000000
98548  9.100  33.458  -7.887 0.0000000000
98549  9.395  33.211  -8.302 0.0000000000
98550  9.714  32.987  -8.690 0.0000000000
98551  10.053  33.592  -8.587 0.0000000000
99323  0.744  5.873  26.724 0.0000000000
99324  0.363  6.046  26.509 0.0000000000
99325  0.806  6.668  26.390 0.0000000000
99326  0.801  7.480  26.023 0.0000000000
99327  0.919  8.288  25.657 0.0000000000
99328  3.226  11.310  24.823 0.0000000000
99329  2.455  10.843  24.836 0.0000000000
99330  2.643  11.580  24.492 0.0000000000
99331  2.085  11.847  24.168 0.0000000000
99332  1.601  12.131  23.858 0.0000000000
99333  1.130  12.452  23.532 0.0000000000
99334  1.805  12.871  23.452 0.0000000000
99335  1.997  13.612  23.036 0.0000000000
99336  2.165  14.350  22.607 0.0000000000
99337  7.796  26.749  19.229 0.0000000000
99339  8.097  26.991  18.687 0.0000000000
99340  8.330  27.243  18.109 0.0000000000
99341  8.445  27.451  17.518 0.0000000000
99357  7.872  34.864  11.080 0.0000000000
99358  8.066  35.042  10.487 0.0000000000
99359  8.175  35.211  9.877 0.0000000000
99360  8.263  35.414  9.261 0.0000000000
99361  7.874  36.085  9.571 0.0000000000
99362  7.554  37.025  9.282 0.0000000000
99363  7.302  38.031  9.037 0.0000000000
99396  4.969  7.122  27.489 0.0000000000
99397  5.061  6.470  27.787 0.0000000000
99398  4.237  6.532  27.412 0.0000000000
99399  3.473  5.997  27.348 0.0000000000
99400  2.737  5.450  27.339 0.0000000000
99401  2.033  4.956  27.381 0.0000000000
99402  1.962  5.592  27.127 0.0000000000
99403  1.306  5.767  26.958 0.0000000000
100687  15.207  44.951  11.118 0.0000000000
102563  6.952  14.141  27.836 0.0000000000
102564  7.265  14.520  27.435 0.0000000000
102565  6.771  14.949  27.475 0.0000000000
102566  6.623  15.733  27.113 0.0000000000
102567  6.528  16.502  26.746 0.0000000000
102568  5.689  19.222  26.298 0.0000000000
102569  5.791  18.776  26.116 0.0000000000
102570  5.845  19.537  25.797 0.0000000000
102571  6.038  19.866  25.317 0.0000000000
102572  6.348  20.160  24.869 0.0000000000
102573  6.718  20.451  24.419 0.0000000000
102574  6.434  20.851  24.527 0.0000000000
102575  6.510  21.553  24.184 0.0000000000
102576  6.615  22.230  23.817 0.0000000000
102577  6.781  22.730  28.534 0.0000000000
102578  6.276  22.426  28.490 0.0000000000
102579  6.459  23.190  28.127 0.0000000000
102580  6.277  23.575  27.591 0.0000000000
102581  6.039  23.963  27.081 0.0000000000
102582  6.108  26.785  24.890 0.0000000000
102583  5.995  26.061  25.187 0.0000000000
102584  6.010  26.296  24.525 0.0000000000
102585  6.017  25.687  24.124 0.0000000000
102586  6.071  25.102  23.736 0.0000000000
102587  6.167  24.577  23.408 0.0000000000
102588  6.135  25.270  23.063 0.0000000000
102589  6.186  25.474  22.422 0.0000000000
102590  6.338  25.619  21.846 0.0000000000
102591  6.544  25.809  21.302 0.0000000000
102592  6.260  26.288  21.507 0.0000000000
102593  6.188  27.031  21.188 0.0000000000
102594  6.075  27.764  20.898 0.0000000000
102595  6.164  31.091  21.332 0.0000000000
102596  5.993  30.558  20.987 0.0000000000
102597  6.090  31.339  20.710 0.0000000000
102598  5.996  31.576  20.083 0.0000000000
102599  5.973  31.783  19.422 0.0000000000
102600  6.007  31.956  18.720 0.0000000000
102601  6.109  32.589  19.078 0.0000000000
102602  6.530  33.348  18.833 0.0000000000
102603  7.205  33.927  18.398 0.0000000000
102636  5.340  14.884  29.484 0.0000000000
102637  5.305  14.252  29.824 0.0000000000
102638  5.223  14.386  29.216 0.0000000000
102639  5.169  13.907  28.964 0.0000000000
102640  5.391  13.462  28.845 0.0000000000
102641  5.705  13.033  28.779 0.0000000000
102642  5.802  13.682  28.476 0.0000000000
102643  6.346  13.910  28.144 0.0000000000
104076  0.480  27.814  -0.052 0.0000000000
104078  0.329  26.769  -0.098 0.0000000000
104107  5.464  21.716  -7.191 0.0000000000
104108  5.373  20.803  -7.007 0.0000000000
104109  5.578  21.497  -7.572 0.0000000000
104110  5.682  21.307  -7.943 0.0000000000
104111  5.793  21.077  -8.344 0.0000000000
104112  5.889  20.889  -8.713 0.0000000000
104113  5.954  21.803  -8.911 0.0000000000
104116  5.513  28.433  -8.425 0.0000000000
104117  5.400  27.638  -8.374 0.0000000000
104118  5.684  28.218  -8.837 0.0000000000
104119  6.062  27.998  -9.149 0.0000000000
104120  6.459  27.790  -9.464 0.0000000000
104122  8.557  28.390  -10.718 0.0000000000
106465  0.091  6.569  23.659 0.0000000000
106467  0.197  6.739  23.058 0.0000000000
106492  7.931  15.618  25.555 0.0000000000
106493  7.768  15.032  25.389 0.0000000000
106495  7.642  15.992  24.484 0.0000000000
106497  6.601  18.657  21.746 0.0000000000
106498  6.542  17.992  22.184 0.0000000000
106499  6.033  18.194  21.702 0.0000000000
106500  5.408  17.700  21.681 0.0000000000
106501  4.693  17.228  21.650 0.0000000000
106502  3.967  16.738  21.647 0.0000000000
106503  4.102  17.479  21.192 0.0000000000
106504  3.524  17.685  20.813 0.0000000000
106505  2.962  17.922  20.437 0.0000000000
106509  6.366  23.296  18.048 0.0000000000
106510  5.708  22.845  18.023 0.0000000000
106511  2.828  22.797  16.876 0.0000000000
106512  3.285  22.469  17.238 0.0000000000
106513  2.597  22.092  17.361 0.0000000000
106514  2.449  21.382  17.847 0.0000000000
106515  2.301  20.670  18.339 0.0000000000
106516  2.121  19.925  18.808 0.0000000000
106517  1.640  20.214  18.481 0.0000000000
106518  1.096  19.800  18.595 0.0000000000
106521  0.299  19.541  18.068 0.0000000000
106562  5.197  32.529  3.049 0.0000000000
106564  7.479  36.597  1.810 0.0000000000
106565  7.661  35.702  1.597 0.0000000000
106566  7.315  36.719  1.189 0.0000000000
106567  7.174  36.759  0.587 0.0000000000
106568  7.008  36.758  -0.014 0.0000000000
106569  6.846  36.747  -0.597 0.0000000000
106570  6.790  37.577  -0.468 0.0000000000
106571  6.859  38.228  -0.911 0.0000000000
106572  7.492  38.555  -1.291 0.0000000000
106668  5.753  1.725  29.671 0.0000000000
106669  5.913  1.035  29.898 0.0000000000
106670  5.279  1.222  29.551 0.0000000000
106671  4.710  0.596  29.468 0.0000000000
106672  4.195  -0.021  29.413 0.0000000000
106676  1.745  -2.381  29.030 0.0000000000
106677  2.040  -3.128  29.180 0.0000000000
106678  2.314  -3.888  29.284 0.0000000000
106679  1.713  -3.750  29.049 0.0000000000
106680  1.408  -4.429  28.892 0.0000000000
110498  10.903  33.777  17.564 0.0000000000
110542  10.718  36.666  13.704 0.0000000000
110543  9.790  36.931  13.678 0.0000000000
110550  10.616  39.238  9.420 0.0000000000
110551  9.745  39.542  9.267 0.0000000000
110552  8.898  39.846  9.123 0.0000000000
110553  9.713  39.980  8.688 0.0000000000
110554  9.747  40.299  8.082 0.0000000000
110555  9.868  40.400  7.433 0.0000000000
110577  11.766  39.422  -0.082 0.0000000000
110578  11.127  39.186  -0.427 0.0000000000
110579  10.450  38.965  -0.790 0.0000000000
110580  11.289  38.992  -0.995 0.0000000000
110669  11.744  50.364  2.198 0.0000000000
110670  11.327  50.189  2.690 0.0000000000
110671  11.492  49.700  2.127 0.0000000000
110672  11.554  49.015  2.148 0.0000000000
110673  12.011  48.349  2.270 0.0000000000
110674  12.704  47.744  2.437 0.0000000000
110675  12.435  47.916  1.741 0.0000000000
110676  12.903  47.445  1.274 0.0000000000
110677  13.210  46.974  0.804 0.0000000000
110681  11.958  49.791  -1.979 0.0000000000
110682  11.936  49.178  -1.951 0.0000000000
110683  11.769  46.269  -3.501 0.0000000000
110684  11.643  46.854  -2.922 0.0000000000
110685  12.127  46.201  -2.967 0.0000000000
110686  12.450  46.159  -2.459 0.0000000000
110687  12.785  46.091  -1.932 0.0000000000
110688  13.074  46.038  -1.394 0.0000000000
110689  13.233  45.490  -1.903 0.0000000000
110690  13.664  44.862  -1.829 0.0000000000
110691  14.067  44.203  -1.702 0.0000000000
110692  14.402  43.564  -1.508 0.0000000000
110693  14.102  43.666  -2.181 0.0000000000
110694  14.079  43.066  -2.654 0.0000000000
110695  13.986  42.472  -3.060 0.0000000000
110699  13.100  40.198  -5.131 0.0000000000
110700  13.117  39.567  -4.766 0.0000000000
110701  12.933  39.000  -4.306 0.0000000000
110702  12.801  39.010  -5.020 0.0000000000
110703  12.515  38.455  -5.256 0.0000000000
110704  12.210  37.935  -5.528 0.0000000000
110705  11.847  37.420  -5.680 0.0000000000
110706  12.220  37.859  -6.101 0.0000000000
110707  12.152  37.834  -6.694 0.0000000000
115673  7.066  32.521  -1.273 0.0000000000
115674  7.125  33.299  -1.825 0.0000000000
115675  6.923  33.317  -2.562 0.0000000000
115676  6.563  33.330  -3.264 0.0000000000
115677  6.097  34.924  -3.488 0.0000000000
115678  6.126  34.156  -3.746 0.0000000000
115679  6.204  33.313  -3.950 0.0000000000
115680  5.902  33.242  -4.656 0.0000000000
115681  5.633  33.111  -5.368 0.0000000000
115682  5.572  32.912  -6.011 0.0000000000
115683  5.655  32.696  -6.503 0.0000000000
115684  5.814  33.577  -6.418 0.0000000000
115685  6.534  33.937  -6.576 0.0000000000
115686  7.319  34.171  -6.632 0.0000000000
115687  7.353  35.078  -5.981 0.0000000000
115688  7.739  34.695  -6.316 0.0000000000
115689  8.158  34.332  -6.658 0.0000000000
115690  9.019  34.477  -6.741 0.0000000000
115691  9.750  34.725  -6.951 0.0000000000
115692  10.413  35.057  -7.228 0.0000000000
116291  3.180  7.908  26.459 0.0000000000
116292  2.572  8.183  26.158 0.0000000000
116293  3.306  8.661  26.157 0.0000000000
116294  3.432  9.453  25.822 0.0000000000
116295  3.613  10.246  25.498 0.0000000000
116296  5.111  10.596  25.953 0.0000000000
116297  4.469  10.813  25.564 0.0000000000
116298  3.836  11.029  25.178 0.0000000000
116299  4.008  11.794  24.825 0.0000000000
116300  4.297  12.591  24.502 0.0000000000
116301  4.459  13.377  24.097 0.0000000000
116302  7.336  29.625  17.637 0.0000000000
116303  7.849  29.166  17.481 0.0000000000
116304  7.677  29.877  17.069 0.0000000000
116305  8.008  30.108  16.518 0.0000000000
116307  7.409  31.569  15.717 0.0000000000
116308  8.036  31.039  15.518 0.0000000000
116309  8.501  30.539  15.343 0.0000000000
116316  7.936  33.520  12.538 0.0000000000
116317  7.218  33.955  13.340 0.0000000000
116318  7.375  34.181  12.775 0.0000000000
116320  7.220  35.359  11.947 0.0000000000
116321  7.059  36.269  11.737 0.0000000000
116322  7.081  37.146  11.436 0.0000000000
116334  5.529  10.462  30.124 0.0000000000
116335  5.471  9.813  30.429 0.0000000000
116336  5.988  9.983  30.128 0.0000000000
116337  6.524  9.566  30.137 0.0000000000
116348  6.414  7.523  28.037 0.0000000000
116350  6.352  8.154  27.747 0.0000000000
116351  5.682  7.679  27.590 0.0000000000
116352  4.898  7.768  27.193 0.0000000000
116353  4.061  7.850  26.814 0.0000000000
117353  14.166  46.957  10.102 0.0000000000
117354  13.691  47.538  10.050 0.0000000000
117355  13.678  47.763  9.472 0.0000000000
118811  5.398  15.788  28.017 0.0000000000
118812  5.505  16.114  27.585 0.0000000000
118813  5.428  16.591  27.728 0.0000000000
118814  5.471  17.379  27.397 0.0000000000
118815  5.591  18.129  27.106 0.0000000000
118816  5.671  18.296  27.962 0.0000000000
118817  5.657  18.627  27.380 0.0000000000
118818  5.664  18.937  26.855 0.0000000000
118819  5.718  19.710  26.580 0.0000000000
118820  5.791  20.467  26.292 0.0000000000
118821  5.865  21.222  26.005 0.0000000000
118822  8.100  25.252  26.657 0.0000000000
118823  7.327  25.228  26.849 0.0000000000
118824  7.638  25.866  26.356 0.0000000000
118825  7.230  26.357  25.995 0.0000000000
118826  6.818  26.828  25.627 0.0000000000
118827  7.779  27.490  25.079 0.0000000000
118828  7.074  27.447  25.192 0.0000000000
118829  6.486  27.176  25.150 0.0000000000
118830  6.247  27.445  24.562 0.0000000000
118831  6.101  27.678  23.860 0.0000000000
118832  6.000  27.853  23.180 0.0000000000
118833  5.901  28.057  22.536 0.0000000000
118834  6.021  28.564  22.867 0.0000000000
118835  6.141  29.278  22.551 0.0000000000
118836  6.302  29.977  22.174 0.0000000000
118837  7.033  29.949  22.858 0.0000000000
118838  6.724  30.324  22.350 0.0000000000
118839  6.482  30.699  21.827 0.0000000000
118840  6.789  31.379  21.454 0.0000000000
118841  7.294  31.951  20.981 0.0000000000
118842  7.941  32.402  20.398 0.0000000000
118868  5.651  15.145  30.533 0.0000000000
118869  5.802  16.176  30.511 0.0000000000
118870  5.681  15.741  30.153 0.0000000000
118871  5.521  15.297  29.828 0.0000000000
118872  5.385  15.473  29.169 0.0000000000
118873  5.318  15.610  28.573 0.0000000000
119988  2.318  27.065  -2.243 0.0000000000
119989  1.544  26.451  -1.919 0.0000000000
119990  2.076  26.199  -2.369 0.0000000000
120016  5.525  22.644  -7.378 0.0000000000
120017  5.643  23.320  -7.981 0.0000000000
120018  5.719  23.957  -8.570 0.0000000000
120019  8.181  30.414  -9.284 0.0000000000
120020  7.844  29.738  -9.420 0.0000000000
120021  8.572  30.160  -9.655 0.0000000000
120022  8.887  30.007  -10.123 0.0000000000
120023  9.136  29.839  -10.646 0.0000000000
121875  6.680  19.311  21.317 0.0000000000
121877  5.599  19.699  20.330 0.0000000000
121878  6.085  25.195  16.252 0.0000000000
121879  5.718  24.508  16.672 0.0000000000
121880  5.281  24.757  16.229 0.0000000000
121881  4.481  24.327  16.240 0.0000000000
121882  3.757  23.900  16.294 0.0000000000
121883  3.692  24.898  15.383 0.0000000000
121884  3.316  24.193  15.901 0.0000000000
121885  3.094  23.500  16.389 0.0000000000
121886  2.412  23.098  16.529 0.0000000000
121887  1.757  22.722  16.725 0.0000000000
121888  1.153  22.304  16.883 0.0000000000
121889  0.654  21.873  16.929 0.0000000000
121890  0.850  22.575  16.505 0.0000000000
121891  0.544  22.718  15.928 0.0000000000
121892  0.284  22.897  15.357 0.0000000000
121893  0.804  24.268  15.005 0.0000000000
121894  0.339  23.710  14.974 0.0000000000
121922  8.083  34.657  3.240 0.0000000000
121923  7.959  35.584  2.809 0.0000000000
121925  7.658  36.524  3.038 0.0000000000
121926  7.572  36.565  2.416 0.0000000000
121927  7.288  37.459  2.014 0.0000000000
121928  7.135  38.340  1.567 0.0000000000
121929  7.300  39.019  1.160 0.0000000000
122004  2.783  2.113  28.366 0.0000000000
122005  2.941  1.430  28.605 0.0000000000
122006  2.203  1.555  28.362 0.0000000000
122007  1.747  0.993  28.384 0.0000000000
122008  1.329  0.385  28.394 0.0000000000
122009  0.585  1.213  27.929 0.0000000000
122010  0.789  0.429  28.175 0.0000000000
122011  1.008  -0.308  28.411 0.0000000000
124964  14.612  30.436  26.527 0.0000000000
125002  14.504  42.818  14.158 0.0000000000
125003  14.379  42.576  14.780 0.0000000000
125004  14.319  42.358  15.427 0.0000000000
125118  12.221  51.596  2.364 0.0000000000
125119  11.997  50.977  2.276 0.0000000000
125120  12.130  50.523  1.701 0.0000000000
125121  12.194  50.057  1.150 0.0000000000
125122  12.194  49.551  0.620 0.0000000000
125125  10.888  48.191  -3.863 0.0000000000
125126  10.981  47.608  -3.927 0.0000000000
125127  11.088  46.987  -4.021 0.0000000000
125129  11.002  46.444  -4.541 0.0000000000
125130  11.404  46.372  -4.046 0.0000000000
125131  11.781  45.772  -4.127 0.0000000000
125132  12.202  45.157  -4.116 0.0000000000
125133  12.657  44.505  -4.053 0.0000000000
125134  13.103  43.848  -3.958 0.0000000000
125135  12.625  43.937  -4.566 0.0000000000
128867  6.219  19.351  30.245 0.0000000000
128868  6.058  19.739  29.750 0.0000000000
128869  6.400  20.025  29.949 0.0000000000
128870  6.581  20.736  29.666 0.0000000000
128871  6.787  21.484  29.331 0.0000000000
128872  7.705  21.161  29.543 0.0000000000
128873  7.374  21.717  29.240 0.0000000000
128874  7.037  22.243  28.938 0.0000000000
128875  7.382  22.969  28.490 0.0000000000
128876  7.745  23.582  28.016 0.0000000000
128877  8.094  24.178  27.510 0.0000000000
128878  10.313  21.476  28.853 0.0000000000
128879  10.028  22.064  28.529 0.0000000000
128880  9.745  22.620  28.223 0.0000000000
128882  10.130  23.219  27.767 0.0000000000
128883  9.466  23.147  27.929 0.0000000000
128884  9.140  23.681  27.604 0.0000000000
128885  8.813  24.210  27.277 0.0000000000
128886  8.496  24.717  26.972 0.0000000000
128887  8.819  25.307  26.464 0.0000000000
128888  9.126  25.908  25.980 0.0000000000
128889  9.457  26.453  25.523 0.0000000000
128890  10.488  25.972  25.727 0.0000000000
128891  10.122  26.463  25.422 0.0000000000
128892  9.708  26.979  25.107 0.0000000000
128893  9.990  27.438  24.664 0.0000000000
128895  10.552  28.547  23.676 0.0000000000
128919  8.686  18.439  31.114 0.0000000000
128922  6.967  18.676  31.115 0.0000000000
128923  6.545  19.008  30.764 0.0000000000
129926  0.422  29.076  0.725 0.0000000000
129927  2.047  30.607  0.616 0.0000000000
129928  1.380  29.879  0.306 0.0000000000
129929  0.831  28.849  0.101 0.0000000000
129930  1.135  28.697  -0.527 0.0000000000
129931  1.655  28.416  -1.101 0.0000000000
129932  2.262  28.255  -1.690 0.0000000000
129933  6.484  31.862  -1.349 0.0000000000
129934  5.841  31.242  -1.445 0.0000000000
129935  5.131  30.681  -1.577 0.0000000000
129936  6.430  30.918  -2.833 0.0000000000
129937  5.501  30.448  -2.197 0.0000000000
129938  4.421  30.085  -1.722 0.0000000000
129939  3.765  29.468  -1.865 0.0000000000
129940  3.199  28.774  -2.024 0.0000000000
129941  2.709  27.923  -2.122 0.0000000000
129942  3.170  27.666  -2.562 0.0000000000
129943  3.682  27.434  -3.005 0.0000000000
129951  5.556  25.961  -6.206 0.0000000000
129952  5.651  26.833  -6.367 0.0000000000
129953  5.512  27.473  -6.949 0.0000000000
129954  5.375  28.099  -7.490 0.0000000000
129955  5.402  29.108  -7.030 0.0000000000
129956  5.327  28.922  -7.545 0.0000000000
129957  5.415  28.691  -7.983 0.0000000000
129958  5.699  29.242  -8.397 0.0000000000
129959  6.346  29.816  -8.648 0.0000000000
129960  7.032  30.281  -8.804 0.0000000000
129961  5.795  32.466  -6.948 0.0000000000
129962  6.085  32.127  -7.309 0.0000000000
129963  6.376  31.836  -7.668 0.0000000000
129964  7.564  32.936  -7.602 0.0000000000
129965  7.112  32.269  -7.822 0.0000000000
129966  6.658  31.554  -7.991 0.0000000000
129967  6.999  31.268  -8.311 0.0000000000
129968  7.363  30.994  -8.635 0.0000000000
129969  7.777  30.695  -8.951 0.0000000000
129970  8.562  31.080  -9.128 0.0000000000
129971  9.262  31.513  -9.455 0.0000000000
129972  9.832  32.025  -9.839 0.0000000000
131607  -0.024  5.640  24.638 0.0000000000
131608  0.125  6.207  25.795 0.0000000000
131609  -0.009  6.340  25.156 0.0000000000
131610  -0.006  6.422  24.364 0.0000000000
131611  0.024  7.293  23.988 0.0000000000
131612  -0.071  8.108  23.771 0.0000000000
131613  -0.117  8.939  23.571 0.0000000000
131614  2.007  8.502  25.846 0.0000000000
131615  1.505  8.813  25.573 0.0000000000
131616  1.051  9.097  25.317 0.0000000000
131617  1.758  10.364  24.912 0.0000000000
131618  1.169  9.879  24.984 0.0000000000
131619  0.642  9.376  25.075 0.0000000000
131620  0.261  9.551  24.569 0.0000000000
131621  -0.063  9.695  24.017 0.0000000000
131622  -0.131  9.799  23.287 0.0000000000
131626  0.721  12.710  23.154 0.0000000000
131630  0.421  14.558  21.508 0.0000000000
131631  0.493  15.335  21.076 0.0000000000
131643  8.262  28.727  17.319 0.0000000000
131649  7.963  26.533  16.500 0.0000000000
131650  7.459  26.044  16.385 0.0000000000
131651  6.792  25.602  16.304 0.0000000000
131652  6.415  25.862  15.805 0.0000000000
131653  6.019  26.111  15.300 0.0000000000
131654  5.612  26.382  14.793 0.0000000000
131655  6.686  27.478  14.336 0.0000000000
131656  5.972  27.046  14.309 0.0000000000
131657  5.155  26.621  14.292 0.0000000000
131658  4.747  26.885  13.849 0.0000000000
131659  4.320  27.140  13.399 0.0000000000
131682  8.597  34.990  7.745 0.0000000000
131683  8.317  35.564  8.656 0.0000000000
131684  8.310  35.737  8.009 0.0000000000
131685  8.267  35.971  7.398 0.0000000000
131686  7.876  36.750  7.069 0.0000000000
131687  7.467  37.732  6.775 0.0000000000
131688  7.125  38.731  6.425 0.0000000000
131729  5.398  9.165  30.716 0.0000000000
131730  5.350  8.468  30.970 0.0000000000
131732  6.320  7.578  30.935 0.0000000000
131748  7.431  1.685  30.980 0.0000000000
131749  7.195  1.892  30.581 0.0000000000
131750  6.808  2.061  30.189 0.0000000000
131751  7.132  3.267  30.122 0.0000000000
131752  6.741  2.724  29.963 0.0000000000
131753  6.245  2.207  29.814 0.0000000000
131754  5.644  2.415  29.446 0.0000000000
131755  4.977  2.558  29.092 0.0000000000
131756  4.183  2.622  28.712 0.0000000000
131758  6.542  5.560  28.910 0.0000000000
131759  5.962  5.013  28.789 0.0000000000
131760  5.127  5.818  28.078 0.0000000000
131761  5.248  5.165  28.372 0.0000000000
131762  5.387  4.514  28.663 0.0000000000
131763  4.727  3.945  28.563 0.0000000000
131764  4.049  3.317  28.481 0.0000000000
131765  3.395  2.688  28.407 0.0000000000
131766  2.587  2.834  28.159 0.0000000000
131767  1.827  3.034  27.945 0.0000000000
131768  1.208  3.159  27.756 0.0000000000
131769  1.505  4.421  27.442 0.0000000000
131770  1.058  3.884  27.519 0.0000000000
131771  0.646  3.304  27.477 0.0000000000
131772  0.201  3.333  27.009 0.0000000000
134425  11.223  32.917  30.205 0.0000000000
134426  11.860  32.690  29.716 0.0000000000
134427  11.466  33.279  29.630 0.0000000000
134429  11.946  33.935  28.531 0.0000000000
134432  12.212  34.278  27.995 0.0000000000
134479  14.745  43.906  12.932 0.0000000000
134480  15.142  43.482  12.405 0.0000000000
134493  14.616  46.545  9.590 0.0000000000
134494  15.060  46.118  9.088 0.0000000000
138420  7.736  12.481  26.816 0.0000000000
138421  7.856  13.024  27.028 0.0000000000
138422  7.910  13.830  26.696 0.0000000000
138423  7.932  14.652  26.389 0.0000000000
138424  7.572  14.860  27.027 0.0000000000
138425  7.779  15.179  26.552 0.0000000000
138426  7.916  15.439  26.080 0.0000000000
138427  7.888  16.177  25.739 0.0000000000
138428  7.869  16.911  25.364 0.0000000000
138430  5.711  16.497  27.160 0.0000000000
138431  6.022  16.861  26.753 0.0000000000
138432  6.356  17.227  26.380 0.0000000000
138433  5.941  18.356  26.005 0.0000000000
138434  6.280  17.955  25.968 0.0000000000
138435  6.750  17.562  25.962 0.0000000000
138436  7.130  17.903  25.562 0.0000000000
138437  7.450  18.170  25.112 0.0000000000
138439  7.701  19.175  24.220 0.0000000000
138448  5.882  20.160  29.308 0.0000000000
138449  5.870  20.482  28.797 0.0000000000
138450  5.824  20.801  28.227 0.0000000000
138451  6.000  22.026  28.243 0.0000000000
138452  5.852  21.592  27.952 0.0000000000
138453  5.824  21.146  27.621 0.0000000000
138454  5.846  21.450  26.991 0.0000000000
138455  5.871  21.707  26.341 0.0000000000
138456  5.898  21.977  25.706 0.0000000000
138457  6.677  24.997  26.876 0.0000000000
138458  6.156  24.700  26.762 0.0000000000
138459  5.947  24.243  26.444 0.0000000000
138460  5.931  25.284  25.480 0.0000000000
138461  5.901  24.501  25.774 0.0000000000
138462  5.871  23.740  26.112 0.0000000000
138463  5.888  23.206  25.749 0.0000000000
138464  5.920  22.750  25.407 0.0000000000
138465  5.968  22.275  25.070 0.0000000000
138466  6.136  22.517  24.490 0.0000000000
138467  6.320  22.711  23.919 0.0000000000
138468  6.574  22.878  23.430 0.0000000000
138469  6.300  24.067  23.175 0.0000000000
138470  6.536  23.578  23.023 0.0000000000
138473  7.402  23.554  21.842 0.0000000000
138474  7.719  23.806  21.326 0.0000000000
138475  7.679  24.523  20.918 0.0000000000
138476  7.660  25.188  20.508 0.0000000000
138477  7.611  25.840  20.142 0.0000000000
138478  6.828  26.065  20.783 0.0000000000
138479  7.149  26.282  20.262 0.0000000000
138480  7.460  26.492  19.724 0.0000000000
138481  7.368  27.233  19.359 0.0000000000
138482  7.223  27.954  18.978 0.0000000000
138483  7.099  28.670  18.605 0.0000000000
138484  5.910  28.220  21.905 0.0000000000
138485  5.937  28.363  21.252 0.0000000000
138486  5.998  28.565  20.571 0.0000000000
138487  5.921  29.966  20.635 0.0000000000
138488  5.960  29.349  20.288 0.0000000000
138489  6.135  28.767  19.972 0.0000000000
138490  6.306  28.930  19.382 0.0000000000
138491  6.636  29.167  18.799 0.0000000000
138492  6.959  29.399  18.192 0.0000000000
138493  6.781  30.123  17.750 0.0000000000
138494  6.587  30.848  17.354 0.0000000000
138495  6.396  31.695  17.037 0.0000000000
138496  5.984  32.131  18.054 0.0000000000
138497  6.124  32.388  17.436 0.0000000000
138498  6.212  32.643  16.841 0.0000000000
138499  6.125  33.583  16.682 0.0000000000
138500  6.263  34.501  16.526 0.0000000000
138501  6.695  35.278  16.282 0.0000000000
138566  5.038  10.731  30.628 0.0000000000
138570  5.254  13.588  30.179 0.0000000000
138571  5.217  12.918  30.521 0.0000000000
138572  5.213  12.292  30.836 0.0000000000
138573  5.068  11.800  30.526 0.0000000000
138574  5.069  11.346  30.292 0.0000000000
138575  5.150  10.902  30.144 0.0000000000
138576  5.577  11.115  29.800 0.0000000000
138577  6.084  11.379  29.471 0.0000000000
138578  6.626  11.610  29.169 0.0000000000
138579  6.185  12.658  28.796 0.0000000000
138580  6.683  12.255  28.834 0.0000000000
138581  7.197  11.853  28.859 0.0000000000
138582  7.603  11.964  28.413 0.0000000000
141510  0.992  25.609  -1.434 0.0000000000
141575  5.949  18.851  -8.457 0.0000000000
141583  5.536  25.720  -6.666 0.0000000000
141584  5.474  25.513  -7.113 0.0000000000
141585  5.481  25.281  -7.534 0.0000000000
141586  5.314  26.792  -8.316 0.0000000000
141587  5.392  25.928  -8.159 0.0000000000
141588  5.513  25.094  -7.943 0.0000000000
141589  5.586  24.929  -8.365 0.0000000000
141590  5.696  24.789  -8.770 0.0000000000
141591  5.890  24.608  -9.151 0.0000000000
141592  7.504  28.993  -9.532 0.0000000000
141593  7.213  28.311  -9.675 0.0000000000
141594  6.895  27.597  -9.786 0.0000000000
141595  7.967  27.859  -10.382 0.0000000000
141596  7.315  27.360  -10.116 0.0000000000
141597  6.645  26.870  -9.860 0.0000000000
141598  6.397  26.048  -9.803 0.0000000000
141599  6.195  25.262  -9.706 0.0000000000
141600  6.110  24.444  -9.522 0.0000000000
141601  6.335  24.261  -9.875 0.0000000000
146398  7.490  12.730  26.356 0.0000000000
146399  7.215  12.948  25.923 0.0000000000
146400  6.817  13.221  25.490 0.0000000000
146401  7.468  14.451  25.265 0.0000000000
146402  6.948  13.946  25.156 0.0000000000
146403  6.361  13.448  25.050 0.0000000000
146404  5.817  13.659  24.610 0.0000000000
146405  5.237  13.907  24.163 0.0000000000
146406  4.668  14.167  23.698 0.0000000000
146410  6.457  17.280  22.632 0.0000000000
146411  6.451  16.605  23.068 0.0000000000
146412  6.296  15.875  23.461 0.0000000000
146413  5.619  15.383  23.403 0.0000000000
146414  4.878  14.909  23.319 0.0000000000
146415  4.019  14.355  23.304 0.0000000000
146416  3.429  14.560  22.922 0.0000000000
146417  2.871  14.811  22.543 0.0000000000
146418  2.362  15.094  22.176 0.0000000000
146419  3.253  16.259  21.696 0.0000000000
146420  2.555  15.813  21.753 0.0000000000
146421  1.865  15.378  21.819 0.0000000000
146422  1.390  15.626  21.499 0.0000000000
146423  0.949  15.895  21.120 0.0000000000
146434  5.435  23.812  17.119 0.0000000000
146435  5.238  23.105  17.573 0.0000000000
146437  3.790  22.202  17.626 0.0000000000
146439  4.758  21.694  18.435 0.0000000000
146446  1.973  19.213  19.230 0.0000000000
146447  1.880  18.506  19.700 0.0000000000
146448  1.772  17.783  20.174 0.0000000000
146539  4.688  31.962  1.167 0.0000000000
146541  6.871  32.609  0.072 0.0000000000
146545  7.805  34.823  1.441 0.0000000000
146548  7.464  33.313  0.672 0.0000000000
146551  7.371  34.075  -1.022 0.0000000000
146552  7.025  34.958  -1.465 0.0000000000
146553  6.619  35.830  -1.915 0.0000000000
146554  6.725  36.697  -1.192 0.0000000000
146555  6.591  36.651  -1.812 0.0000000000
146556  6.408  36.605  -2.411 0.0000000000
146557  6.588  37.175  -2.865 0.0000000000
146558  7.213  37.395  -3.221 0.0000000000
146559  8.097  37.387  -3.466 0.0000000000
146751  7.269  0.467  30.968 0.0000000000
146754  6.081  0.325  30.129 0.0000000000
146755  6.231  -0.410  30.345 0.0000000000
146756  6.369  -1.123  30.548 0.0000000000
146760  3.155  0.742  28.858 0.0000000000
146761  3.439  0.058  29.123 0.0000000000
146762  3.683  -0.674  29.379 0.0000000000
146763  2.496  -1.148  29.066 0.0000000000
146764  3.209  -1.270  29.331 0.0000000000
146765  3.954  -1.389  29.603 0.0000000000
146766  4.225  -2.121  29.803 0.0000000000
146767  4.488  -2.846  29.979 0.0000000000
149274  12.672  29.519  31.165 0.0000000000
149277  12.395  30.130  31.077 0.0000000000
149278  12.127  30.727  30.990 0.0000000000
149279  11.798  31.264  30.965 0.0000000000
154381  12.723  26.702  25.498 0.0000000000
154389  12.468  32.473  29.218 0.0000000000
154390  13.032  32.259  28.720 0.0000000000
154391  13.580  32.033  28.248 0.0000000000
154394  14.013  31.713  27.705 0.0000000000
154395  14.360  31.400  27.134 0.0000000000
154396  14.608  31.066  26.539 0.0000000000
154397  14.748  30.746  25.936 0.0000000000
154400  14.735  32.885  25.364 0.0000000000
154403  14.824  32.244  25.363 0.0000000000
154404  14.861  31.615  25.333 0.0000000000
154415  10.652  29.342  22.926 0.0000000000
154416  10.330  29.826  22.506 0.0000000000
154417  9.984  30.348  22.107 0.0000000000
154418  9.659  30.835  21.703 0.0000000000
154420  10.405  31.105  21.225 0.0000000000
154421  9.427  31.321  21.266 0.0000000000
154422  9.210  31.778  20.835 0.0000000000
154423  8.986  32.185  20.407 0.0000000000
154424  8.810  32.566  19.933 0.0000000000
154430  11.531  32.339  19.477 0.0000000000
154431  10.607  32.484  19.476 0.0000000000
154432  9.640  32.714  19.474 0.0000000000
154433  8.645  32.958  19.460 0.0000000000
154434  8.423  33.345  18.988 0.0000000000
154435  8.209  33.748  18.527 0.0000000000
154436  8.069  34.152  17.988 0.0000000000
154437  9.969  33.980  17.546 0.0000000000
154438  8.977  34.270  17.524 0.0000000000
154439  7.919  34.540  17.484 0.0000000000
154440  7.761  34.923  17.046 0.0000000000
154441  7.604  35.295  16.532 0.0000000000
154442  7.438  35.743  16.069 0.0000000000
154520  10.348  35.342  15.689 0.0000000000
154521  9.400  35.625  15.665 0.0000000000
154522  8.333  35.920  15.665 0.0000000000
154523  7.290  36.069  15.499 0.0000000000
154524  7.191  36.431  14.942 0.0000000000
154525  7.091  36.805  14.414 0.0000000000
154526  7.119  37.072  13.797 0.0000000000
154527  8.812  37.261  13.594 0.0000000000
154528  7.874  37.430  13.467 0.0000000000
154529  7.010  37.389  13.204 0.0000000000
154530  7.135  37.509  12.521 0.0000000000
154531  7.224  37.701  11.876 0.0000000000
154532  7.271  37.899  11.222 0.0000000000
154536  10.743  38.420  10.471 0.0000000000
154537  10.048  38.277  10.880 0.0000000000
154538  9.321  38.195  11.317 0.0000000000
154539  8.445  38.424  11.217 0.0000000000
154540  7.699  38.416  11.031 0.0000000000
154541  7.352  38.104  10.631 0.0000000000
154542  7.305  38.391  10.058 0.0000000000
154543  7.302  38.655  9.481 0.0000000000
154544  7.238  38.923  8.848 0.0000000000
154545  8.086  39.986  8.920 0.0000000000
154546  7.461  39.761  8.605 0.0000000000
154547  7.179  39.116  8.166 0.0000000000
154548  7.187  39.339  7.481 0.0000000000
154549  7.081  39.548  6.808 0.0000000000
154550  7.023  39.653  6.140 0.0000000000
154571  10.009  40.392  6.738 0.0000000000
154574  9.118  40.507  6.422 0.0000000000
154575  8.144  40.557  6.154 0.0000000000
154576  7.362  40.392  5.787 0.0000000000
154577  7.038  39.755  5.392 0.0000000000
154578  7.002  39.848  4.624 0.0000000000
154579  7.213  39.769  3.960 0.0000000000
154580  7.356  39.698  3.274 0.0000000000
154581  8.597  40.254  3.425 0.0000000000
154582  7.952  40.018  3.024 0.0000000000
154583  7.459  39.619  2.663 0.0000000000
154584  7.635  39.519  2.091 0.0000000000
154585  7.679  39.513  1.477 0.0000000000
154586  7.775  39.434  0.910 0.0000000000
154591  10.705  39.709  1.283 0.0000000000
154593  9.185  39.687  1.119 0.0000000000
154594  8.515  39.531  0.715 0.0000000000
154595  7.896  39.273  0.323 0.0000000000
154596  7.969  39.084  -0.338 0.0000000000
154597  8.122  38.835  -0.909 0.0000000000
154598  8.292  38.550  -1.452 0.0000000000
154599  9.758  38.798  -1.162 0.0000000000
154600  9.116  38.543  -1.584 0.0000000000
154601  8.400  38.303  -2.007 0.0000000000
154602  8.537  38.029  -2.529 0.0000000000
154603  8.794  37.676  -3.074 0.0000000000
154604  9.062  37.348  -3.570 0.0000000000
154779  10.960  49.956  3.219 0.0000000000
154788  13.445  47.164  2.649 0.0000000000
154789  14.043  46.593  2.880 0.0000000000
154801  12.362  49.639  0.130 0.0000000000
154802  12.148  48.998  0.115 0.0000000000
154804  11.666  48.668  -2.425 0.0000000000
154805  11.898  48.577  -1.917 0.0000000000
154806  11.681  47.469  -2.392 0.0000000000
154807  11.871  47.970  -1.887 0.0000000000
154808  12.003  48.557  -1.431 0.0000000000
154809  12.055  48.496  -0.916 0.0000000000
154810  12.022  48.433  -0.401 0.0000000000
154811  12.110  48.331  0.112 0.0000000000
154812  12.400  47.702  0.111 0.0000000000
154813  12.915  47.110  0.190 0.0000000000
154814  13.470  46.459  0.325 0.0000000000
154815  13.357  45.980  -0.829 0.0000000000
154816  13.720  45.899  -0.197 0.0000000000
154817  13.983  45.835  0.438 0.0000000000
154818  14.461  45.216  0.568 0.0000000000
154819  14.879  44.592  0.751 0.0000000000
154830  13.478  43.213  -3.853 0.0000000000
154831  13.702  42.532  -3.705 0.0000000000
154832  13.875  41.861  -3.459 0.0000000000
154833  13.429  41.379  -4.459 0.0000000000
154834  13.733  41.284  -3.813 0.0000000000
154835  13.942  41.229  -3.135 0.0000000000
154836  13.867  40.638  -2.769 0.0000000000
154841  11.793  38.365  -2.760 0.0000000000
154842  12.537  38.536  -3.852 0.0000000000
154844  11.231  38.013  -3.073 0.0000000000
154845  10.671  37.650  -3.408 0.0000000000
154846  10.076  37.304  -3.769 0.0000000000
154847  9.339  37.014  -4.108 0.0000000000
154848  9.704  36.720  -4.569 0.0000000000
154849  9.992  36.465  -5.055 0.0000000000
154850  10.278  36.192  -5.562 0.0000000000
154851  11.469  36.910  -5.820 0.0000000000
154852  10.997  36.428  -5.938 0.0000000000
154853  10.537  35.944  -6.058 0.0000000000
154854  10.724  35.753  -6.583 0.0000000000
154855  10.899  35.581  -7.112 0.0000000000
154856  11.000  35.474  -7.692 0.0000000000
154864  11.337  36.000  -8.251 0.0000000000
154865  11.052  35.404  -8.268 0.0000000000
