#!ascii label  , from subject fsaverage vox2ras=TkReg
458
145  37.599  -29.330  12.569 0.0000000000
589  34.113  -24.431  5.199 0.0000000000
590  42.383  -23.404  7.683 0.0000000000
1307  32.996  -28.318  13.494 0.0000000000
1308  35.340  -27.595  9.237 0.0000000000
1309  39.979  -26.192  10.456 0.0000000000
3227  35.214  -29.050  13.361 0.0000000000
3228  36.420  -28.103  11.592 0.0000000000
3229  38.856  -27.782  11.532 0.0000000000
3230  42.488  -26.288  9.685 0.0000000000
3231  40.985  -28.141  10.230 0.0000000000
5359  35.131  -24.386  3.248 0.0000000000
5361  36.987  -25.948  3.081 0.0000000000
5365  39.007  -26.162  8.172 0.0000000000
5366  36.667  -27.135  7.314 0.0000000000
5367  40.270  -25.447  6.334 0.0000000000
5369  43.428  -22.315  6.212 0.0000000000
5370  46.676  -19.559  6.231 0.0000000000
6961  31.827  -26.720  13.611 0.0000000000
6962  32.349  -26.683  11.306 0.0000000000
6963  34.001  -28.003  11.348 0.0000000000
6964  37.740  -27.051  9.917 0.0000000000
6965  41.228  -24.666  9.140 0.0000000000
7860  34.412  -29.932  15.008 0.0000000000
9768  33.169  -24.494  7.227 0.0000000000
9769  33.315  -26.565  9.120 0.0000000000
9770  34.455  -26.392  7.030 0.0000000000
9771  35.690  -26.193  5.066 0.0000000000
9792  36.485  -31.063  13.667 0.0000000000
9801  39.684  -30.135  10.627 0.0000000000
10907  36.387  -29.201  13.120 0.0000000000
10908  36.930  -28.592  12.403 0.0000000000
10909  38.183  -28.595  12.054 0.0000000000
10910  39.986  -27.907  11.074 0.0000000000
10911  39.298  -28.772  11.452 0.0000000000
13037  33.676  -23.175  5.554 0.0000000000
13039  34.598  -24.385  4.222 0.0000000000
13040  35.987  -25.312  3.080 0.0000000000
13041  35.375  -25.360  4.080 0.0000000000
13045  40.647  -24.765  7.848 0.0000000000
13046  39.664  -25.735  7.259 0.0000000000
13047  41.269  -24.302  6.976 0.0000000000
13048  41.812  -23.917  6.098 0.0000000000
13049  42.914  -22.864  6.953 0.0000000000
13050  44.734  -21.515  7.018 0.0000000000
15442  32.241  -27.607  13.558 0.0000000000
15443  32.610  -27.589  12.386 0.0000000000
15444  33.447  -28.165  12.459 0.0000000000
15445  38.215  -27.213  11.028 0.0000000000
15446  37.079  -27.586  10.773 0.0000000000
15447  38.799  -26.523  10.343 0.0000000000
15448  39.419  -25.811  9.539 0.0000000000
15449  40.552  -25.419  9.842 0.0000000000
15450  42.516  -24.524  9.362 0.0000000000
15451  41.867  -25.309  9.882 0.0000000000
21855  33.572  -27.363  10.216 0.0000000000
21856  32.810  -26.622  10.176 0.0000000000
21857  34.208  -27.231  9.135 0.0000000000
21858  37.364  -26.927  6.333 0.0000000000
21859  35.463  -26.945  7.116 0.0000000000
21860  36.114  -26.794  6.137 0.0000000000
21861  35.090  -26.294  6.012 0.0000000000
21862  36.766  -26.655  5.168 0.0000000000
21863  37.484  -26.466  4.212 0.0000000000
21914  36.043  -31.907  14.440 0.0000000000
24241  33.999  -28.787  13.514 0.0000000000
24242  34.576  -28.541  12.461 0.0000000000
24243  35.779  -28.599  12.492 0.0000000000
24244  37.646  -27.914  11.713 0.0000000000
24245  39.472  -26.957  11.016 0.0000000000
24246  41.277  -26.160  10.269 0.0000000000
24247  40.714  -27.041  10.626 0.0000000000
24248  41.759  -27.219  9.939 0.0000000000
28089  37.213  -27.221  8.619 0.0000000000
28090  35.977  -27.361  8.293 0.0000000000
28091  37.929  -26.894  7.675 0.0000000000
28092  38.599  -26.565  6.749 0.0000000000
28094  39.829  -25.972  4.934 0.0000000000
28095  40.903  -25.057  5.426 0.0000000000
28096  42.425  -23.528  5.240 0.0000000000
28097  43.959  -21.799  5.466 0.0000000000
28098  45.517  -20.181  5.549 0.0000000000
28099  45.089  -20.847  6.308 0.0000000000
28101  47.718  -20.117  7.050 0.0000000000
31602  33.298  -23.177  6.556 0.0000000000
31605  32.016  -26.688  12.457 0.0000000000
31606  33.038  -27.462  11.290 0.0000000000
31607  34.664  -27.864  10.277 0.0000000000
31608  35.165  -28.242  11.493 0.0000000000
31609  35.884  -27.887  10.470 0.0000000000
31610  36.563  -27.536  9.528 0.0000000000
31611  38.357  -26.574  9.040 0.0000000000
31612  39.989  -25.301  8.714 0.0000000000
31613  41.772  -24.027  8.462 0.0000000000
31614  43.700  -22.995  8.220 0.0000000000
31615  43.006  -23.762  8.810 0.0000000000
33948  32.039  -27.712  14.649 0.0000000000
33951  32.672  -28.501  14.572 0.0000000000
33952  33.636  -29.112  14.434 0.0000000000
33953  34.731  -29.495  14.256 0.0000000000
33954  35.905  -29.780  13.785 0.0000000000
39539  32.988  -23.201  7.537 0.0000000000
39540  33.612  -24.428  6.180 0.0000000000
39544  34.833  -27.065  8.064 0.0000000000
39545  33.832  -26.490  8.055 0.0000000000
39546  33.232  -25.635  8.059 0.0000000000
39547  33.716  -25.612  7.002 0.0000000000
39548  34.205  -25.479  6.058 0.0000000000
39549  34.807  -25.442  5.059 0.0000000000
39550  36.273  -26.089  4.093 0.0000000000
39562  47.094  -18.776  5.480 0.0000000000
39611  35.423  -30.503  14.544 0.0000000000
39612  37.009  -30.205  13.079 0.0000000000
39640  40.375  -29.112  10.375 0.0000000000
41627  36.984  -29.264  12.886 0.0000000000
41628  37.268  -28.924  12.594 0.0000000000
41629  37.893  -28.965  12.321 0.0000000000
41630  38.760  -28.668  11.789 0.0000000000
41631  38.444  -29.070  11.985 0.0000000000
43757  33.842  -23.865  5.352 0.0000000000
43759  34.333  -24.395  4.725 0.0000000000
43760  34.965  -24.906  4.142 0.0000000000
43761  34.671  -24.934  4.625 0.0000000000
43765  41.497  -24.047  7.718 0.0000000000
43766  40.953  -24.520  7.440 0.0000000000
43767  41.815  -23.782  7.333 0.0000000000
43768  42.030  -23.589  6.947 0.0000000000
43769  42.651  -23.120  7.312 0.0000000000
43770  43.556  -22.497  7.314 0.0000000000
43771  43.279  -22.854  7.637 0.0000000000
46162  32.577  -27.993  13.524 0.0000000000
46163  32.737  -27.939  13.017 0.0000000000
46164  33.230  -28.248  12.977 0.0000000000
46165  39.068  -26.674  10.779 0.0000000000
46166  38.487  -26.870  10.708 0.0000000000
46167  39.356  -26.329  10.445 0.0000000000
46168  39.626  -25.956  10.101 0.0000000000
46169  40.242  -25.796  10.193 0.0000000000
46170  41.193  -25.340  9.922 0.0000000000
46171  40.911  -25.734  10.171 0.0000000000
52575  34.397  -27.541  9.691 0.0000000000
52576  33.872  -27.307  9.675 0.0000000000
52577  34.733  -27.456  9.182 0.0000000000
52578  37.677  -26.821  5.865 0.0000000000
52579  36.732  -26.950  6.218 0.0000000000
52580  37.059  -26.830  5.733 0.0000000000
52581  36.458  -26.720  5.650 0.0000000000
52582  37.407  -26.742  5.253 0.0000000000
52583  37.770  -26.625  4.791 0.0000000000
52592  48.723  -19.179  6.459 0.0000000000
55762  34.602  -28.941  13.454 0.0000000000
55763  34.826  -28.782  12.994 0.0000000000
55764  35.486  -28.827  12.915 0.0000000000
55765  37.900  -28.196  11.950 0.0000000000
55766  37.307  -28.247  12.048 0.0000000000
55767  38.206  -27.821  11.664 0.0000000000
55768  38.486  -27.453  11.352 0.0000000000
55769  39.116  -27.398  11.279 0.0000000000
55770  40.138  -26.974  10.858 0.0000000000
55771  39.790  -27.419  11.125 0.0000000000
55772  40.534  -28.016  10.684 0.0000000000
55773  40.865  -27.590  10.501 0.0000000000
55774  41.351  -27.700  10.076 0.0000000000
55775  42.218  -27.300  9.480 0.0000000000
55776  41.814  -27.783  9.590 0.0000000000
62175  38.117  -26.753  8.374 0.0000000000
62176  37.544  -27.047  8.140 0.0000000000
62177  38.462  -26.593  7.899 0.0000000000
62178  39.936  -25.580  6.816 0.0000000000
62179  39.133  -26.217  6.986 0.0000000000
62180  39.421  -26.056  6.549 0.0000000000
62181  38.912  -26.432  6.267 0.0000000000
62182  39.781  -25.895  6.059 0.0000000000
62183  40.120  -25.735  5.607 0.0000000000
62184  40.600  -25.249  5.870 0.0000000000
62185  42.583  -23.130  6.135 0.0000000000
62186  42.105  -23.715  5.674 0.0000000000
62187  42.850  -22.909  5.746 0.0000000000
62188  43.174  -22.704  5.337 0.0000000000
62189  43.684  -22.073  5.835 0.0000000000
62190  44.501  -21.274  5.917 0.0000000000
62191  44.266  -21.550  6.284 0.0000000000
62193  45.541  -20.909  6.974 0.0000000000
62195  47.044  -20.171  7.046 0.0000000000
69367  31.726  -26.216  13.694 0.0000000000
69368  31.765  -26.231  13.106 0.0000000000
69369  31.920  -26.723  13.021 0.0000000000
69370  33.231  -27.828  11.863 0.0000000000
69371  32.813  -27.505  11.846 0.0000000000
69372  33.447  -27.766  11.326 0.0000000000
69373  33.738  -27.709  10.775 0.0000000000
69374  34.274  -27.923  10.823 0.0000000000
69375  35.501  -28.403  11.995 0.0000000000
69376  34.858  -28.379  11.957 0.0000000000
69377  35.821  -28.205  11.517 0.0000000000
69378  37.425  -27.319  10.347 0.0000000000
69379  36.487  -27.780  10.603 0.0000000000
69380  36.845  -27.543  10.171 0.0000000000
69381  36.231  -27.728  9.992 0.0000000000
69382  37.168  -27.326  9.707 0.0000000000
69383  37.509  -27.128  9.244 0.0000000000
69384  38.050  -26.806  9.468 0.0000000000
69385  40.263  -25.253  9.297 0.0000000000
69386  39.685  -25.569  9.118 0.0000000000
69387  40.548  -24.949  8.943 0.0000000000
69388  40.876  -24.665  8.542 0.0000000000
69389  41.508  -24.370  8.811 0.0000000000
69390  42.424  -23.852  8.693 0.0000000000
69391  42.166  -24.175  9.012 0.0000000000
69392  43.184  -24.506  9.319 0.0000000000
69393  43.471  -24.104  9.068 0.0000000000
69397  41.906  -26.222  10.018 0.0000000000
69398  42.235  -25.749  9.865 0.0000000000
74795  31.827  -27.231  14.671 0.0000000000
74805  33.119  -28.833  14.508 0.0000000000
74806  33.035  -28.970  14.946 0.0000000000
74808  34.020  -29.491  14.785 0.0000000000
74809  34.559  -29.701  14.640 0.0000000000
74810  35.323  -29.635  14.047 0.0000000000
74811  35.135  -29.891  14.415 0.0000000000
88600  32.849  -23.919  7.840 0.0000000000
88602  33.040  -23.869  7.360 0.0000000000
88603  33.216  -23.838  6.842 0.0000000000
88604  33.371  -24.444  6.711 0.0000000000
88605  32.001  -26.159  11.918 0.0000000000
88607  32.151  -26.200  11.282 0.0000000000
88608  33.074  -26.608  9.631 0.0000000000
88609  32.531  -26.190  10.182 0.0000000000
88610  32.747  -26.165  9.650 0.0000000000
88612  33.004  -26.140  9.107 0.0000000000
88613  36.290  -27.267  7.783 0.0000000000
88614  35.371  -27.256  8.178 0.0000000000
88615  35.688  -27.178  7.688 0.0000000000
88616  34.926  -26.703  7.064 0.0000000000
88617  34.615  -26.756  7.558 0.0000000000
88618  34.144  -26.448  7.549 0.0000000000
88619  33.504  -26.090  8.037 0.0000000000
88620  33.779  -26.057  7.521 0.0000000000
88621  33.480  -25.626  7.531 0.0000000000
88622  34.048  -26.022  7.007 0.0000000000
88623  35.381  -26.243  5.542 0.0000000000
88624  34.618  -25.931  6.028 0.0000000000
88625  34.923  -25.880  5.523 0.0000000000
88626  34.509  -25.461  5.548 0.0000000000
88627  35.215  -25.836  5.038 0.0000000000
88628  35.519  -25.794  4.554 0.0000000000
88629  35.997  -26.128  4.586 0.0000000000
88631  37.818  -26.381  3.698 0.0000000000
88657  46.073  -19.812  5.921 0.0000000000
88658  46.270  -19.433  5.526 0.0000000000
88659  46.889  -19.162  5.886 0.0000000000
88661  48.581  -17.858  5.555 0.0000000000
88662  49.378  -17.219  5.364 0.0000000000
88672  44.354  -22.920  8.322 0.0000000000
88780  35.753  -31.173  14.523 0.0000000000
88781  35.268  -30.833  14.928 0.0000000000
88782  35.955  -30.784  14.151 0.0000000000
88783  36.207  -30.393  13.792 0.0000000000
88784  36.755  -30.641  13.343 0.0000000000
88848  39.414  -30.668  10.805 0.0000000000
88853  39.550  -29.429  11.043 0.0000000000
88854  40.030  -29.611  10.480 0.0000000000
93361  35.803  -29.137  13.285 0.0000000000
93362  36.105  -28.864  12.846 0.0000000000
93363  36.685  -28.896  12.748 0.0000000000
93364  37.546  -28.583  12.268 0.0000000000
93365  38.525  -28.160  11.800 0.0000000000
93366  39.436  -27.825  11.347 0.0000000000
93367  39.081  -28.256  11.601 0.0000000000
93368  39.664  -28.325  11.257 0.0000000000
93369  40.192  -28.422  10.857 0.0000000000
97197  33.856  -23.144  5.072 0.0000000000
97199  34.881  -24.402  3.735 0.0000000000
97200  35.489  -24.864  3.193 0.0000000000
97201  35.248  -24.894  3.637 0.0000000000
97202  35.686  -25.352  3.574 0.0000000000
97203  36.171  -25.708  3.545 0.0000000000
97209  39.812  -25.462  8.007 0.0000000000
97210  39.344  -25.927  7.720 0.0000000000
97211  40.135  -25.243  7.568 0.0000000000
97212  40.450  -25.049  7.103 0.0000000000
97213  40.742  -24.894  6.607 0.0000000000
97214  41.059  -24.699  6.170 0.0000000000
97215  41.531  -24.126  6.536 0.0000000000
97216  42.299  -23.368  6.542 0.0000000000
97217  43.185  -22.541  6.581 0.0000000000
97218  44.073  -21.855  6.643 0.0000000000
97219  43.850  -22.129  6.992 0.0000000000
97220  44.470  -21.889  7.337 0.0000000000
101524  32.004  -27.181  13.570 0.0000000000
101525  32.148  -27.178  12.982 0.0000000000
101526  32.425  -27.588  12.976 0.0000000000
101527  32.981  -27.894  12.438 0.0000000000
101528  33.713  -28.109  11.899 0.0000000000
101529  37.352  -27.696  11.300 0.0000000000
101530  36.760  -27.843  11.187 0.0000000000
101531  37.652  -27.392  10.928 0.0000000000
101532  37.958  -27.094  10.533 0.0000000000
101533  38.291  -26.751  10.144 0.0000000000
101534  38.591  -26.461  9.717 0.0000000000
101535  39.111  -26.170  9.940 0.0000000000
101536  39.936  -25.583  9.702 0.0000000000
101537  40.913  -25.010  9.444 0.0000000000
101538  41.875  -24.558  9.297 0.0000000000
101539  41.544  -24.938  9.636 0.0000000000
101540  42.168  -24.918  9.643 0.0000000000
101541  42.844  -24.924  9.512 0.0000000000
113066  32.962  -24.514  7.728 0.0000000000
113067  32.834  -27.091  10.795 0.0000000000
113068  32.544  -26.640  10.748 0.0000000000
113069  33.154  -27.027  10.205 0.0000000000
113070  33.467  -26.994  9.625 0.0000000000
113071  33.764  -26.933  9.091 0.0000000000
113072  37.023  -27.030  6.817 0.0000000000
113073  36.054  -27.089  7.194 0.0000000000
113074  36.399  -27.006  6.712 0.0000000000
113075  35.784  -26.868  6.633 0.0000000000
113076  35.234  -26.646  6.543 0.0000000000
113077  34.780  -26.367  6.486 0.0000000000
113078  35.585  -26.579  6.052 0.0000000000
113079  35.895  -26.532  5.564 0.0000000000
113080  36.195  -26.467  5.109 0.0000000000
113081  36.544  -26.399  4.631 0.0000000000
113082  37.133  -26.569  4.689 0.0000000000
113098  47.337  -19.337  6.444 0.0000000000
113099  47.529  -18.929  6.090 0.0000000000
113173  35.580  -31.551  14.911 0.0000000000
113174  36.245  -31.498  14.054 0.0000000000
113216  40.471  -29.816  9.923 0.0000000000
118003  33.424  -28.582  13.545 0.0000000000
118004  33.726  -28.498  12.978 0.0000000000
118005  34.254  -28.678  12.982 0.0000000000
118006  35.171  -28.590  12.490 0.0000000000
118007  36.094  -28.357  12.056 0.0000000000
118008  36.386  -28.590  12.466 0.0000000000
118009  36.724  -28.297  12.086 0.0000000000
118010  37.034  -28.006  11.676 0.0000000000
118011  37.950  -27.567  11.354 0.0000000000
118012  38.811  -27.059  11.063 0.0000000000
118013  39.750  -26.571  10.733 0.0000000000
118014  40.625  -26.140  10.406 0.0000000000
118015  40.403  -26.550  10.626 0.0000000000
118016  41.022  -26.590  10.452 0.0000000000
118017  41.616  -26.677  10.167 0.0000000000
118018  40.343  -27.466  10.865 0.0000000000
118019  41.252  -27.129  10.316 0.0000000000
118020  42.134  -26.753  9.803 0.0000000000
118021  42.606  -26.836  9.362 0.0000000000
126981  36.300  -27.500  8.909 0.0000000000
126982  35.688  -27.481  8.779 0.0000000000
126983  36.629  -27.362  8.411 0.0000000000
126984  36.940  -27.226  7.924 0.0000000000
126985  37.294  -27.074  7.480 0.0000000000
126986  38.823  -26.366  7.449 0.0000000000
126987  38.261  -26.718  7.208 0.0000000000
126988  37.650  -26.946  7.013 0.0000000000
126989  38.003  -26.800  6.532 0.0000000000
126994  40.372  -25.567  5.171 0.0000000000
126996  41.381  -24.468  5.706 0.0000000000
126997  41.666  -24.295  5.280 0.0000000000
127003  44.746  -20.988  5.537 0.0000000000
127004  45.299  -20.471  5.953 0.0000000000
127005  45.858  -20.174  6.281 0.0000000000
127006  44.917  -21.168  6.678 0.0000000000
127007  45.696  -20.543  6.640 0.0000000000
127008  46.516  -19.942  6.578 0.0000000000
127009  47.213  -19.761  6.769 0.0000000000
127010  47.884  -19.656  6.820 0.0000000000
136247  33.485  -23.175  6.072 0.0000000000
136248  33.645  -23.839  5.855 0.0000000000
136252  31.858  -26.156  12.526 0.0000000000
136253  32.153  -26.685  11.888 0.0000000000
136254  32.280  -27.183  12.409 0.0000000000
136255  32.454  -27.128  11.854 0.0000000000
136256  32.647  -27.102  11.305 0.0000000000
136257  33.281  -27.425  10.754 0.0000000000
136258  34.060  -27.636  10.223 0.0000000000
136259  34.987  -27.704  9.765 0.0000000000
136260  33.979  -28.386  12.452 0.0000000000
136261  34.219  -28.273  11.925 0.0000000000
136262  34.575  -28.164  11.409 0.0000000000
136263  36.140  -27.985  11.077 0.0000000000
136264  35.517  -28.071  10.984 0.0000000000
136265  34.922  -28.042  10.871 0.0000000000
136266  35.275  -27.919  10.367 0.0000000000
136267  35.597  -27.771  9.880 0.0000000000
136268  35.922  -27.634  9.393 0.0000000000
136269  36.898  -27.393  9.065 0.0000000000
136270  37.804  -26.930  8.813 0.0000000000
136271  38.685  -26.366  8.609 0.0000000000
136272  38.885  -26.185  9.293 0.0000000000
136273  39.159  -25.949  8.890 0.0000000000
136274  39.494  -25.716  8.453 0.0000000000
136275  40.340  -25.011  8.264 0.0000000000
136276  41.194  -24.346  8.122 0.0000000000
136277  42.082  -23.726  8.069 0.0000000000
136279  42.716  -23.514  8.344 0.0000000000
136280  43.390  -23.369  8.522 0.0000000000
136282  42.766  -24.137  9.101 0.0000000000
136283  43.662  -23.709  8.826 0.0000000000
136288  41.579  -25.727  10.064 0.0000000000
136289  42.557  -25.330  9.693 0.0000000000
136290  43.516  -24.937  9.272 0.0000000000
142936  31.895  -27.204  14.135 0.0000000000
142937  32.122  -27.665  14.095 0.0000000000
142938  32.443  -28.056  14.084 0.0000000000
142946  32.310  -28.135  14.635 0.0000000000
142947  32.818  -28.393  14.065 0.0000000000
142948  33.264  -28.688  14.043 0.0000000000
142949  33.813  -28.946  13.990 0.0000000000
142950  34.399  -29.129  13.886 0.0000000000
142951  33.512  -29.252  14.883 0.0000000000
142952  34.208  -29.328  14.331 0.0000000000
142953  34.953  -29.283  13.806 0.0000000000
142954  35.522  -29.404  13.682 0.0000000000
142955  36.135  -29.484  13.470 0.0000000000
142956  36.738  -29.578  13.150 0.0000000000
159574  33.136  -23.168  7.036 0.0000000000
159575  33.431  -23.848  6.341 0.0000000000
159576  33.874  -24.447  5.685 0.0000000000
159580  32.329  -26.182  10.746 0.0000000000
159586  35.033  -27.369  8.705 0.0000000000
159587  34.538  -27.141  8.585 0.0000000000
159588  34.042  -26.862  8.567 0.0000000000
159589  35.139  -27.000  7.601 0.0000000000
159590  34.303  -26.819  8.037 0.0000000000
159591  33.588  -26.517  8.580 0.0000000000
159592  33.232  -26.112  8.574 0.0000000000
159593  32.965  -25.637  8.598 0.0000000000
159595  32.982  -25.121  8.134 0.0000000000
159596  33.189  -25.099  7.614 0.0000000000
159597  33.376  -25.071  7.120 0.0000000000
159598  34.338  -25.984  6.505 0.0000000000
159599  33.955  -25.531  6.547 0.0000000000
159600  33.622  -25.013  6.621 0.0000000000
159601  33.868  -24.965  6.094 0.0000000000
159602  34.155  -24.997  5.605 0.0000000000
159603  34.437  -24.969  5.109 0.0000000000
159604  35.091  -25.405  4.558 0.0000000000
159605  35.826  -25.757  4.045 0.0000000000
159606  36.646  -26.008  3.588 0.0000000000
159607  36.872  -26.334  4.146 0.0000000000
159608  37.188  -26.238  3.644 0.0000000000
159609  37.497  -26.152  3.153 0.0000000000
159643  47.754  -18.497  5.727 0.0000000000
159644  47.920  -18.085  5.370 0.0000000000
159789  34.922  -30.221  14.824 0.0000000000
159790  35.661  -30.146  14.173 0.0000000000
159791  36.468  -29.985  13.478 0.0000000000
159792  37.286  -29.755  12.813 0.0000000000
159870  37.311  -30.887  12.834 0.0000000000
159871  37.589  -30.455  12.582 0.0000000000
159872  37.846  -29.989  12.375 0.0000000000
159873  38.198  -29.499  12.130 0.0000000000
159875  39.871  -28.927  10.957 0.0000000000
159876  40.666  -28.622  10.353 0.0000000000
159878  41.148  -28.807  9.706 0.0000000000
159879  41.473  -28.284  9.636 0.0000000000
