#!ascii label  , from subject fsaverage vox2ras=TkReg
1950
87  44.040  -76.068  -7.930 0.0000000000
208  23.197  -98.896  -6.179 0.0000000000
349  41.777  -75.819  -14.124 0.0000000000
445  39.190  -87.058  -13.050 0.0000000000
446  28.841  -84.303  -11.645 0.0000000000
616  16.947  -97.599  -7.463 0.0000000000
830  43.269  -69.574  -15.108 0.0000000000
979  29.208  -94.718  -10.901 0.0000000000
980  34.449  -89.574  -9.992 0.0000000000
982  33.176  -85.770  -13.758 0.0000000000
983  26.368  -89.296  -11.294 0.0000000000
1406  42.105  -69.229  -5.447 0.0000000000
1526  24.309  -98.732  -11.410 0.0000000000
1779  44.691  -76.197  -11.922 0.0000000000
1781  46.700  -68.979  -12.883 0.0000000000
1994  43.668  -79.983  -6.149 0.0000000000
1996  40.605  -84.786  -8.082 0.0000000000
1997  43.915  -81.606  -11.257 0.0000000000
1998  40.618  -81.295  -12.955 0.0000000000
1999  35.695  -80.221  -12.130 0.0000000000
2000  32.900  -79.130  -9.986 0.0000000000
2483  17.973  -100.128  -8.597 0.0000000000
2484  18.916  -98.046  -13.155 0.0000000000
2486  15.198  -95.228  -10.531 0.0000000000
2487  21.141  -94.407  -10.172 0.0000000000
2488  23.619  -88.250  -7.022 0.0000000000
2489  25.916  -83.242  -9.791 0.0000000000
2490  30.699  -78.095  -8.178 0.0000000000
2498  28.843  -76.162  -7.993 0.0000000000
2899  28.134  -95.224  -13.513 0.0000000000
2900  30.765  -93.346  -13.248 0.0000000000
2902  28.410  -90.173  -13.489 0.0000000000
2903  26.194  -92.217  -12.586 0.0000000000
3324  42.363  -76.229  -5.990 0.0000000000
3325  41.472  -72.783  -4.499 0.0000000000
3326  42.735  -72.925  -6.582 0.0000000000
3502  26.538  -97.957  -8.534 0.0000000000
3503  23.849  -99.368  -8.670 0.0000000000
3924  43.580  -75.908  -13.535 0.0000000000
3925  46.000  -72.823  -12.587 0.0000000000
3926  44.832  -72.669  -14.630 0.0000000000
3928  43.889  -66.576  -13.298 0.0000000000
3929  41.947  -63.765  -11.487 0.0000000000
3931  40.877  -60.277  -10.456 0.0000000000
4373  42.382  -81.208  -4.415 0.0000000000
4377  37.183  -88.792  -11.540 0.0000000000
4378  37.523  -86.905  -9.102 0.0000000000
4379  40.288  -86.328  -10.677 0.0000000000
4380  42.512  -83.545  -9.925 0.0000000000
4381  41.776  -84.498  -12.350 0.0000000000
4382  42.531  -81.830  -12.803 0.0000000000
4383  39.798  -84.495  -13.460 0.0000000000
4384  30.762  -85.252  -12.901 0.0000000000
4385  34.413  -83.188  -13.348 0.0000000000
4386  32.084  -82.454  -12.750 0.0000000000
4387  33.895  -79.760  -11.350 0.0000000000
4388  30.940  -82.018  -11.219 0.0000000000
5563  16.779  -99.423  -8.206 0.0000000000
5564  18.651  -99.566  -11.445 0.0000000000
5565  17.059  -98.466  -10.697 0.0000000000
5571  16.091  -93.037  -9.057 0.0000000000
5572  17.729  -94.647  -10.897 0.0000000000
5573  19.242  -92.773  -8.311 0.0000000000
5574  22.561  -91.652  -7.924 0.0000000000
5575  20.421  -89.884  -6.377 0.0000000000
5578  25.025  -82.482  -9.240 0.0000000000
5579  28.521  -80.947  -8.632 0.0000000000
5580  27.553  -80.355  -8.007 0.0000000000
6369  29.602  -92.908  -8.095 0.0000000000
6370  32.435  -90.379  -7.885 0.0000000000
6371  31.732  -92.269  -10.634 0.0000000000
6372  33.872  -91.091  -12.438 0.0000000000
6373  35.462  -88.923  -13.310 0.0000000000
6376  29.194  -87.239  -12.973 0.0000000000
6377  27.303  -86.701  -11.189 0.0000000000
7137  41.082  -68.723  -3.559 0.0000000000
7398  27.942  -95.451  -8.357 0.0000000000
7399  26.994  -96.885  -11.110 0.0000000000
7400  24.916  -97.105  -13.251 0.0000000000
7989  44.900  -76.225  -9.984 0.0000000000
7990  44.161  -73.076  -8.257 0.0000000000
7991  45.223  -72.884  -10.358 0.0000000000
7994  45.157  -69.338  -14.702 0.0000000000
7995  45.381  -65.749  -12.404 0.0000000000
8563  42.688  -78.138  -4.707 0.0000000000
8564  43.829  -78.405  -7.262 0.0000000000
8568  34.929  -87.594  -7.003 0.0000000000
8569  37.996  -85.200  -6.303 0.0000000000
8570  40.581  -83.107  -5.344 0.0000000000
8571  42.696  -82.495  -7.340 0.0000000000
8572  44.181  -80.733  -8.886 0.0000000000
8573  44.787  -78.549  -9.739 0.0000000000
8574  44.657  -79.045  -11.586 0.0000000000
8575  43.198  -78.647  -12.726 0.0000000000
8576  41.216  -78.333  -13.012 0.0000000000
8577  37.132  -83.935  -13.317 0.0000000000
8578  38.050  -80.717  -12.421 0.0000000000
8579  38.722  -77.808  -13.010 0.0000000000
8580  36.508  -77.426  -12.503 0.0000000000
8581  34.946  -76.906  -11.815 0.0000000000
8582  33.751  -76.050  -10.942 0.0000000000
10005  20.500  -99.826  -8.053 0.0000000000
10006  21.112  -100.039  -10.743 0.0000000000
10007  21.576  -98.800  -13.103 0.0000000000
10008  22.105  -96.770  -13.499 0.0000000000
10014  15.734  -96.409  -9.453 0.0000000000
10015  16.676  -96.713  -11.993 0.0000000000
10016  19.553  -96.243  -12.669 0.0000000000
10017  23.196  -94.740  -11.984 0.0000000000
10018  24.480  -92.228  -9.950 0.0000000000
10019  25.166  -89.130  -8.932 0.0000000000
10020  25.794  -86.234  -9.515 0.0000000000
10021  21.589  -86.826  -6.256 0.0000000000
10022  24.407  -85.738  -8.201 0.0000000000
10023  27.132  -83.909  -10.557 0.0000000000
10024  29.587  -81.607  -9.885 0.0000000000
10025  31.860  -78.537  -8.799 0.0000000000
10026  32.591  -75.657  -10.366 0.0000000000
10051  29.911  -77.097  -8.298 0.0000000000
10117  43.769  -69.394  -6.941 0.0000000000
10583  26.050  -93.532  -13.304 0.0000000000
11004  43.101  -76.163  -7.166 0.0000000000
11005  42.540  -74.612  -6.401 0.0000000000
11006  43.277  -74.595  -7.308 0.0000000000
11183  23.502  -99.269  -7.372 0.0000000000
11604  42.816  -75.772  -13.908 0.0000000000
11605  44.181  -74.316  -14.111 0.0000000000
11606  43.380  -74.214  -14.600 0.0000000000
11607  41.253  -65.395  -12.572 0.0000000000
11608  42.035  -65.472  -12.444 0.0000000000
11609  41.157  -63.815  -11.643 0.0000000000
11611  40.592  -61.992  -11.159 0.0000000000
11612  40.304  -60.306  -11.015 0.0000000000
12053  41.611  -81.831  -3.458 0.0000000000
12057  38.297  -88.054  -12.281 0.0000000000
12058  38.792  -87.627  -11.075 0.0000000000
12059  39.958  -86.935  -11.927 0.0000000000
12060  41.232  -85.651  -11.562 0.0000000000
12061  40.609  -85.932  -12.732 0.0000000000
12062  40.895  -84.634  -13.138 0.0000000000
12063  39.553  -85.885  -13.484 0.0000000000
12064  29.696  -84.820  -12.248 0.0000000000
12065  31.314  -83.920  -12.926 0.0000000000
12066  30.334  -83.523  -12.451 0.0000000000
12067  31.317  -82.272  -12.061 0.0000000000
12068  29.647  -83.178  -11.767 0.0000000000
13244  16.939  -99.077  -9.577 0.0000000000
13245  16.720  -98.189  -9.023 0.0000000000
13252  17.535  -92.878  -8.631 0.0000000000
13254  19.884  -91.513  -7.166 0.0000000000
13255  18.607  -90.281  -6.535 0.0000000000
13259  26.289  -81.422  -8.662 0.0000000000
13260  25.681  -81.036  -8.226 0.0000000000
14454  29.430  -94.030  -9.509 0.0000000000
14455  30.692  -92.702  -9.362 0.0000000000
14456  30.454  -93.599  -10.835 0.0000000000
14458  32.240  -92.237  -12.914 0.0000000000
14459  32.879  -91.108  -13.446 0.0000000000
14460  34.772  -90.144  -13.068 0.0000000000
14462  33.845  -88.522  -13.602 0.0000000000
14464  27.257  -89.717  -12.605 0.0000000000
14465  28.636  -88.644  -13.196 0.0000000000
14466  27.578  -88.235  -12.186 0.0000000000
14467  28.209  -86.890  -12.032 0.0000000000
14468  26.706  -87.888  -11.090 0.0000000000
15732  41.726  -71.061  -5.053 0.0000000000
15733  41.274  -70.870  -4.039 0.0000000000
15734  41.522  -69.145  -4.537 0.0000000000
15735  41.582  -67.099  -3.927 0.0000000000
15736  42.161  -67.411  -4.898 0.0000000000
16262  28.123  -94.512  -6.933 0.0000000000
16263  27.848  -95.859  -7.044 0.0000000000
16264  25.462  -98.541  -9.892 0.0000000000
16265  26.763  -97.499  -9.907 0.0000000000
16266  25.723  -97.943  -11.257 0.0000000000
16267  26.125  -97.106  -12.303 0.0000000000
16268  24.574  -98.009  -12.507 0.0000000000
17529  44.822  -76.261  -10.963 0.0000000000
17530  44.855  -74.624  -10.226 0.0000000000
17531  45.083  -74.594  -11.238 0.0000000000
17532  46.609  -70.895  -12.783 0.0000000000
17533  46.294  -71.110  -11.487 0.0000000000
17534  46.580  -69.242  -11.583 0.0000000000
17536  46.521  -67.459  -11.751 0.0000000000
17537  43.135  -71.037  -15.480 0.0000000000
17538  44.188  -70.956  -15.335 0.0000000000
17539  44.278  -69.495  -15.118 0.0000000000
17540  43.591  -64.874  -12.165 0.0000000000
17541  44.618  -66.170  -12.996 0.0000000000
17542  44.374  -64.512  -11.885 0.0000000000
17543  45.055  -64.271  -11.484 0.0000000000
18874  43.547  -79.764  -4.761 0.0000000000
18875  43.210  -78.832  -4.038 0.0000000000
18876  43.379  -79.001  -5.483 0.0000000000
18877  43.216  -78.245  -6.133 0.0000000000
18878  43.803  -79.187  -6.749 0.0000000000
18887  33.270  -89.939  -8.997 0.0000000000
18888  33.558  -88.965  -7.479 0.0000000000
18889  34.629  -88.474  -8.784 0.0000000000
18890  39.176  -85.870  -8.557 0.0000000000
18891  37.713  -85.951  -7.749 0.0000000000
18892  39.274  -85.021  -7.268 0.0000000000
18893  39.392  -84.239  -5.899 0.0000000000
18894  40.673  -84.038  -6.854 0.0000000000
18895  41.671  -82.890  -6.368 0.0000000000
18896  41.747  -83.736  -7.777 0.0000000000
18897  43.341  -82.669  -10.689 0.0000000000
18898  43.589  -82.239  -9.418 0.0000000000
18899  44.237  -81.219  -10.014 0.0000000000
18900  44.532  -79.647  -9.340 0.0000000000
18901  44.635  -80.101  -10.563 0.0000000000
18902  44.877  -78.848  -10.797 0.0000000000
18903  44.327  -80.403  -11.616 0.0000000000
18904  41.538  -81.594  -12.958 0.0000000000
18905  42.939  -80.249  -12.737 0.0000000000
18906  41.962  -79.983  -12.868 0.0000000000
18907  42.198  -78.464  -12.916 0.0000000000
18908  40.935  -79.736  -12.855 0.0000000000
18912  35.054  -81.669  -12.753 0.0000000000
18913  36.216  -82.078  -12.805 0.0000000000
18914  36.866  -80.496  -12.359 0.0000000000
18915  38.459  -79.121  -12.506 0.0000000000
18916  37.323  -78.931  -12.280 0.0000000000
18917  37.550  -77.652  -12.823 0.0000000000
18918  36.257  -78.830  -11.953 0.0000000000
18919  33.297  -79.505  -10.632 0.0000000000
18920  34.574  -78.200  -11.215 0.0000000000
18921  33.973  -77.884  -10.812 0.0000000000
18922  34.323  -76.505  -11.444 0.0000000000
18923  33.450  -77.434  -10.321 0.0000000000
22447  18.838  -100.055  -6.956 0.0000000000
22448  19.161  -100.060  -8.531 0.0000000000
22449  20.818  -100.083  -9.455 0.0000000000
22450  19.490  -100.189  -10.029 0.0000000000
22451  18.868  -98.951  -12.534 0.0000000000
22452  20.002  -99.352  -12.460 0.0000000000
22453  20.156  -98.514  -13.362 0.0000000000
22454  21.764  -97.864  -13.688 0.0000000000
22455  20.331  -97.536  -13.447 0.0000000000
22471  15.208  -95.941  -10.237 0.0000000000
22472  15.968  -96.765  -10.907 0.0000000000
22473  15.855  -95.883  -11.284 0.0000000000
22474  19.402  -94.645  -10.617 0.0000000000
22475  18.610  -95.528  -11.916 0.0000000000
22476  20.279  -95.414  -11.530 0.0000000000
22477  21.323  -95.643  -12.245 0.0000000000
22478  22.159  -94.738  -11.040 0.0000000000
22479  23.931  -93.621  -10.845 0.0000000000
22480  22.921  -93.598  -9.875 0.0000000000
22481  23.168  -89.917  -7.288 0.0000000000
22482  24.103  -90.418  -8.170 0.0000000000
22483  24.490  -88.811  -7.999 0.0000000000
22484  25.396  -87.670  -9.098 0.0000000000
22485  24.728  -87.258  -8.162 0.0000000000
22489  24.468  -84.174  -9.139 0.0000000000
22490  23.822  -85.238  -8.060 0.0000000000
22491  25.011  -84.655  -9.166 0.0000000000
22492  25.664  -84.892  -9.487 0.0000000000
22493  26.414  -83.630  -10.102 0.0000000000
22494  28.295  -82.633  -10.607 0.0000000000
22495  27.698  -82.318  -9.948 0.0000000000
22496  29.765  -79.644  -8.093 0.0000000000
22497  30.316  -79.924  -8.521 0.0000000000
22498  31.288  -78.311  -8.368 0.0000000000
22499  32.360  -76.971  -9.337 0.0000000000
22500  31.665  -76.673  -9.058 0.0000000000
22562  28.423  -78.067  -7.639 0.0000000000
22563  29.436  -76.658  -8.171 0.0000000000
22727  44.460  -71.318  -8.470 0.0000000000
22728  43.860  -71.201  -7.579 0.0000000000
22729  44.356  -69.561  -7.620 0.0000000000
23379  36.348  -74.936  -13.202 0.0000000000
23381  37.037  -73.224  -13.217 0.0000000000
23649  28.886  -95.176  -12.331 0.0000000000
23650  30.133  -94.144  -12.212 0.0000000000
23651  29.567  -94.325  -13.553 0.0000000000
23656  27.148  -91.081  -13.218 0.0000000000
23657  26.307  -90.762  -11.850 0.0000000000
24414  41.796  -76.241  -4.550 0.0000000000
24415  41.480  -74.609  -3.774 0.0000000000
24416  41.900  -74.690  -5.090 0.0000000000
24417  42.049  -72.887  -5.569 0.0000000000
24418  42.399  -71.087  -5.946 0.0000000000
24733  27.295  -97.291  -5.867 0.0000000000
24734  27.331  -97.110  -7.194 0.0000000000
24736  25.273  -98.870  -8.561 0.0000000000
24737  24.049  -99.201  -10.035 0.0000000000
25494  44.389  -76.053  -12.771 0.0000000000
25495  45.247  -74.532  -12.246 0.0000000000
25496  44.930  -74.432  -13.256 0.0000000000
25497  45.608  -72.700  -13.725 0.0000000000
25498  46.112  -71.052  -13.986 0.0000000000
25499  43.129  -68.138  -14.335 0.0000000000
25500  43.952  -68.085  -14.343 0.0000000000
25501  43.050  -66.811  -13.358 0.0000000000
25502  42.839  -65.302  -12.392 0.0000000000
25503  42.723  -63.491  -11.441 0.0000000000
25510  40.485  -58.672  -10.978 0.0000000000
26302  43.276  -80.467  -3.912 0.0000000000
26303  43.256  -80.658  -5.369 0.0000000000
26309  35.851  -89.196  -10.820 0.0000000000
26310  35.970  -88.148  -9.686 0.0000000000
26311  37.460  -87.964  -10.363 0.0000000000
26312  39.014  -86.736  -9.844 0.0000000000
26313  40.514  -85.497  -9.344 0.0000000000
26314  41.594  -84.294  -9.052 0.0000000000
26315  41.549  -84.861  -10.315 0.0000000000
26316  42.292  -84.154  -11.260 0.0000000000
26317  42.921  -83.141  -11.906 0.0000000000
26318  43.327  -81.855  -12.219 0.0000000000
26319  42.188  -83.215  -12.812 0.0000000000
26320  41.194  -83.129  -13.161 0.0000000000
26321  40.092  -83.000  -13.227 0.0000000000
26322  31.870  -85.575  -13.380 0.0000000000
26323  33.697  -84.511  -13.613 0.0000000000
26324  32.410  -84.248  -13.393 0.0000000000
26325  33.090  -82.823  -13.149 0.0000000000
26326  33.958  -81.428  -12.517 0.0000000000
26327  34.749  -80.027  -11.829 0.0000000000
26328  32.989  -81.076  -12.035 0.0000000000
26329  32.403  -80.914  -11.169 0.0000000000
26330  32.011  -80.729  -10.351 0.0000000000
28445  17.117  -99.987  -8.459 0.0000000000
28446  18.293  -100.006  -10.139 0.0000000000
28447  17.487  -99.634  -9.994 0.0000000000
28448  17.744  -99.139  -11.171 0.0000000000
28449  17.837  -98.409  -12.207 0.0000000000
28458  14.603  -93.403  -9.190 0.0000000000
28459  15.509  -94.171  -10.077 0.0000000000
28460  16.242  -94.947  -10.939 0.0000000000
28461  16.897  -93.897  -9.900 0.0000000000
28462  18.510  -93.808  -9.676 0.0000000000
28463  20.222  -93.665  -9.295 0.0000000000
28464  21.941  -93.138  -8.932 0.0000000000
28465  20.897  -92.442  -8.008 0.0000000000
28466  21.584  -90.903  -7.044 0.0000000000
28467  22.119  -89.164  -6.352 0.0000000000
28472  25.442  -82.825  -9.558 0.0000000000
28473  27.230  -81.920  -9.409 0.0000000000
28474  26.741  -81.704  -8.999 0.0000000000
28475  27.980  -80.754  -8.312 0.0000000000
28476  29.209  -79.359  -7.908 0.0000000000
28514  29.915  -75.128  -9.216 0.0000000000
29590  42.207  -74.243  -14.828 0.0000000000
29591  40.995  -74.342  -14.994 0.0000000000
29592  41.580  -72.630  -15.338 0.0000000000
29593  42.004  -71.065  -15.187 0.0000000000
30221  30.964  -91.829  -8.029 0.0000000000
30222  32.029  -91.338  -9.215 0.0000000000
30223  33.028  -90.916  -10.335 0.0000000000
30224  31.462  -93.023  -11.995 0.0000000000
30225  32.782  -91.752  -11.712 0.0000000000
30226  34.284  -90.483  -11.193 0.0000000000
30227  35.489  -89.960  -11.934 0.0000000000
30228  36.523  -89.175  -12.638 0.0000000000
30229  37.381  -88.021  -13.197 0.0000000000
30230  37.874  -86.857  -13.740 0.0000000000
30233  32.824  -86.882  -13.697 0.0000000000
30235  30.638  -87.598  -13.480 0.0000000000
30236  31.253  -86.501  -13.399 0.0000000000
30237  30.016  -86.201  -12.872 0.0000000000
30238  28.940  -85.945  -12.145 0.0000000000
30239  28.094  -85.586  -11.463 0.0000000000
32009  41.246  -72.669  -3.364 0.0000000000
32695  28.511  -94.243  -8.263 0.0000000000
32696  28.483  -95.148  -9.597 0.0000000000
32697  27.398  -96.771  -8.478 0.0000000000
32698  27.644  -96.335  -9.744 0.0000000000
32699  28.153  -95.793  -11.041 0.0000000000
32700  27.536  -96.182  -12.308 0.0000000000
32701  26.639  -96.184  -13.328 0.0000000000
32702  25.356  -96.041  -13.701 0.0000000000
34299  44.652  -76.112  -8.877 0.0000000000
34300  44.034  -74.571  -8.054 0.0000000000
34301  44.481  -74.659  -9.016 0.0000000000
34302  44.636  -73.040  -9.257 0.0000000000
34303  45.079  -71.185  -9.371 0.0000000000
34304  45.711  -72.822  -11.489 0.0000000000
34305  45.727  -71.166  -10.430 0.0000000000
34310  43.931  -72.673  -15.169 0.0000000000
34311  45.223  -71.034  -14.826 0.0000000000
34312  46.226  -69.224  -13.962 0.0000000000
34313  44.865  -67.822  -14.204 0.0000000000
34314  45.526  -67.501  -13.598 0.0000000000
34315  46.190  -67.308  -12.834 0.0000000000
34316  45.942  -65.671  -11.717 0.0000000000
35951  41.898  -77.121  -3.915 0.0000000000
35952  42.365  -77.270  -5.395 0.0000000000
35953  43.017  -77.390  -6.714 0.0000000000
35954  43.832  -77.368  -7.729 0.0000000000
35964  33.026  -89.473  -6.278 0.0000000000
35965  34.380  -88.355  -5.917 0.0000000000
35966  35.735  -87.138  -5.573 0.0000000000
35967  36.067  -87.021  -8.161 0.0000000000
35968  36.396  -86.173  -6.627 0.0000000000
35971  39.660  -83.887  -4.330 0.0000000000
35972  40.634  -82.736  -3.845 0.0000000000
35973  41.464  -82.049  -4.889 0.0000000000
35974  42.421  -81.716  -6.008 0.0000000000
35975  43.394  -81.072  -6.856 0.0000000000
35976  42.658  -83.053  -8.627 0.0000000000
35977  43.554  -81.652  -8.181 0.0000000000
35978  43.937  -80.227  -7.549 0.0000000000
35979  44.189  -79.370  -8.053 0.0000000000
35980  44.376  -78.448  -8.510 0.0000000000
35981  44.603  -77.329  -8.847 0.0000000000
35982  44.920  -77.479  -9.848 0.0000000000
35983  44.872  -77.635  -10.800 0.0000000000
35984  44.536  -77.623  -11.668 0.0000000000
35985  43.777  -80.412  -12.346 0.0000000000
35986  44.062  -78.900  -12.276 0.0000000000
35987  44.059  -77.455  -12.407 0.0000000000
35988  43.286  -77.203  -12.989 0.0000000000
35989  42.376  -77.095  -13.268 0.0000000000
35990  41.480  -77.034  -13.530 0.0000000000
35992  38.466  -84.298  -13.473 0.0000000000
35993  38.928  -82.773  -13.083 0.0000000000
35994  35.642  -83.525  -13.349 0.0000000000
35995  37.541  -82.344  -12.909 0.0000000000
35996  39.398  -81.036  -12.755 0.0000000000
35997  39.695  -79.406  -12.670 0.0000000000
35998  39.958  -78.116  -13.124 0.0000000000
36002  36.658  -76.363  -13.219 0.0000000000
36003  35.392  -78.501  -11.653 0.0000000000
36004  35.634  -77.164  -12.156 0.0000000000
36005  35.891  -76.084  -12.770 0.0000000000
36006  35.240  -75.775  -12.421 0.0000000000
40250  20.107  -99.528  -6.594 0.0000000000
40251  21.851  -99.397  -7.146 0.0000000000
40252  22.092  -99.750  -8.420 0.0000000000
40253  22.472  -99.771  -9.730 0.0000000000
40254  22.761  -99.470  -11.014 0.0000000000
40255  19.761  -99.948  -11.323 0.0000000000
40256  21.406  -99.538  -12.019 0.0000000000
40257  22.955  -98.906  -12.358 0.0000000000
40258  23.215  -98.003  -13.213 0.0000000000
40259  23.529  -97.044  -13.573 0.0000000000
40260  23.903  -96.020  -13.483 0.0000000000
40269  17.008  -96.209  -7.041 0.0000000000
40277  16.118  -95.717  -8.100 0.0000000000
40278  16.474  -97.037  -8.566 0.0000000000
40279  16.421  -97.548  -10.047 0.0000000000
40280  16.929  -97.623  -11.632 0.0000000000
40281  17.772  -97.503  -12.726 0.0000000000
40282  17.077  -95.617  -11.794 0.0000000000
40283  18.011  -96.510  -12.669 0.0000000000
40284  19.082  -97.127  -13.259 0.0000000000
40285  20.722  -96.493  -13.101 0.0000000000
40286  22.510  -95.803  -12.906 0.0000000000
40287  24.393  -94.772  -12.926 0.0000000000
40288  24.962  -93.610  -12.093 0.0000000000
40289  25.371  -92.315  -11.279 0.0000000000
40290  25.600  -90.696  -10.562 0.0000000000
40291  23.556  -91.973  -8.906 0.0000000000
40292  24.875  -90.602  -9.274 0.0000000000
40293  25.656  -89.305  -10.066 0.0000000000
40294  25.928  -87.820  -10.028 0.0000000000
40295  26.489  -86.529  -10.379 0.0000000000
40296  27.099  -85.363  -10.733 0.0000000000
40298  20.942  -88.204  -6.089 0.0000000000
40299  22.651  -87.612  -6.386 0.0000000000
40301  23.182  -86.367  -6.903 0.0000000000
40302  23.990  -86.918  -7.335 0.0000000000
40303  25.105  -85.992  -8.703 0.0000000000
40304  26.348  -85.123  -10.028 0.0000000000
40305  27.887  -84.170  -11.113 0.0000000000
40306  28.984  -82.921  -11.203 0.0000000000
40307  30.333  -81.844  -10.510 0.0000000000
40308  31.466  -80.495  -9.763 0.0000000000
40309  29.084  -81.280  -9.159 0.0000000000
40310  30.909  -80.256  -9.017 0.0000000000
40311  32.380  -78.850  -9.376 0.0000000000
40312  32.925  -77.159  -9.702 0.0000000000
40313  33.133  -75.817  -10.574 0.0000000000
40314  33.351  -74.592  -11.383 0.0000000000
40387  27.090  -79.631  -7.631 0.0000000000
40388  28.898  -78.716  -7.743 0.0000000000
40389  30.264  -77.618  -8.235 0.0000000000
40390  30.430  -75.590  -9.306 0.0000000000
40391  30.817  -75.932  -9.380 0.0000000000
40392  31.271  -76.282  -9.168 0.0000000000
40393  32.044  -75.238  -10.375 0.0000000000
40585  43.508  -73.002  -7.439 0.0000000000
40586  43.187  -71.043  -6.815 0.0000000000
40587  43.036  -69.335  -6.227 0.0000000000
40590  42.809  -67.647  -5.704 0.0000000000
41303  25.909  -94.123  -13.620 0.0000000000
41724  43.489  -76.117  -7.575 0.0000000000
41725  43.177  -75.388  -7.246 0.0000000000
41726  43.595  -75.338  -7.592 0.0000000000
41901  23.953  -98.844  -6.027 0.0000000000
41902  24.073  -99.030  -6.602 0.0000000000
41903  23.335  -99.100  -6.714 0.0000000000
42324  42.343  -75.779  -14.005 0.0000000000
42325  43.096  -75.013  -14.230 0.0000000000
42326  42.553  -75.076  -14.373 0.0000000000
42328  41.168  -64.723  -12.108 0.0000000000
42777  38.795  -87.604  -12.697 0.0000000000
42778  39.180  -87.484  -12.138 0.0000000000
42779  39.638  -87.045  -12.555 0.0000000000
42780  40.335  -86.473  -12.348 0.0000000000
42781  39.969  -86.532  -12.911 0.0000000000
42782  40.150  -85.918  -13.156 0.0000000000
42783  39.401  -86.502  -13.307 0.0000000000
42784  29.272  -84.516  -11.952 0.0000000000
42785  29.995  -84.177  -12.361 0.0000000000
42786  29.560  -83.944  -12.091 0.0000000000
42787  30.005  -83.326  -12.101 0.0000000000
42788  29.214  -83.729  -11.744 0.0000000000
43964  16.756  -98.425  -8.450 0.0000000000
43965  16.776  -97.952  -8.265 0.0000000000
43979  25.134  -81.580  -8.573 0.0000000000
43980  24.816  -81.385  -8.436 0.0000000000
45174  29.332  -94.410  -10.172 0.0000000000
45175  29.921  -93.818  -10.191 0.0000000000
45176  29.828  -94.179  -10.881 0.0000000000
45178  32.028  -91.693  -13.652 0.0000000000
45180  33.119  -90.480  -13.623 0.0000000000
45184  26.798  -89.484  -11.994 0.0000000000
45185  27.362  -88.986  -12.383 0.0000000000
45186  26.908  -88.771  -11.768 0.0000000000
45187  27.101  -88.093  -11.612 0.0000000000
45188  26.494  -88.590  -11.151 0.0000000000
46452  41.862  -70.138  -5.309 0.0000000000
46453  41.553  -70.122  -4.799 0.0000000000
46454  41.769  -69.240  -5.023 0.0000000000
46455  41.780  -68.292  -4.717 0.0000000000
46456  42.119  -68.373  -5.169 0.0000000000
46982  27.961  -95.362  -6.310 0.0000000000
46983  27.902  -96.032  -6.379 0.0000000000
46984  24.895  -98.639  -10.652 0.0000000000
46985  25.586  -98.262  -10.591 0.0000000000
46986  25.037  -98.335  -11.352 0.0000000000
46987  25.172  -97.992  -11.900 0.0000000000
46988  24.449  -98.395  -11.984 0.0000000000
48249  44.754  -76.228  -11.467 0.0000000000
48250  44.915  -75.432  -11.097 0.0000000000
48251  44.933  -75.418  -11.627 0.0000000000
48252  46.702  -69.979  -12.848 0.0000000000
48253  46.689  -70.105  -12.206 0.0000000000
48254  46.677  -69.106  -12.238 0.0000000000
48255  46.589  -68.364  -11.668 0.0000000000
48256  46.614  -68.168  -12.281 0.0000000000
48257  43.200  -70.271  -15.324 0.0000000000
48258  43.757  -70.229  -15.394 0.0000000000
48259  43.780  -69.447  -15.141 0.0000000000
48260  43.540  -64.032  -11.652 0.0000000000
48261  44.002  -64.667  -12.037 0.0000000000
48262  43.922  -63.893  -11.533 0.0000000000
48263  44.277  -63.761  -11.443 0.0000000000
49594  43.593  -79.887  -5.433 0.0000000000
49595  43.473  -79.359  -5.136 0.0000000000
49596  43.615  -79.487  -5.809 0.0000000000
49597  43.564  -79.099  -6.148 0.0000000000
49598  43.729  -79.586  -6.526 0.0000000000
49607  33.821  -89.755  -9.514 0.0000000000
49608  33.935  -89.238  -8.897 0.0000000000
49609  34.547  -89.045  -9.413 0.0000000000
49610  39.946  -85.312  -8.293 0.0000000000
49611  39.248  -85.419  -7.911 0.0000000000
49612  39.980  -84.931  -7.644 0.0000000000
49613  40.091  -84.543  -7.085 0.0000000000
49614  40.664  -84.441  -7.468 0.0000000000
49615  41.192  -84.000  -7.302 0.0000000000
49616  41.175  -84.283  -7.942 0.0000000000
49617  43.663  -82.155  -10.990 0.0000000000
49618  43.845  -81.957  -10.328 0.0000000000
49619  44.066  -81.463  -10.598 0.0000000000
49620  44.418  -80.691  -10.298 0.0000000000
49621  44.238  -80.949  -10.865 0.0000000000
49622  44.496  -80.319  -11.112 0.0000000000
49623  44.105  -81.055  -11.450 0.0000000000
49624  41.054  -81.403  -13.008 0.0000000000
49625  41.750  -80.745  -12.900 0.0000000000
49626  41.286  -80.598  -12.945 0.0000000000
49627  41.470  -79.841  -12.889 0.0000000000
49628  40.819  -80.455  -12.892 0.0000000000
49632  35.411  -80.927  -12.382 0.0000000000
49633  35.955  -81.103  -12.542 0.0000000000
49634  36.228  -80.358  -12.264 0.0000000000
49635  37.103  -79.713  -12.253 0.0000000000
49636  36.521  -79.633  -12.102 0.0000000000
49637  36.764  -78.906  -12.152 0.0000000000
49638  35.983  -79.527  -11.980 0.0000000000
49639  33.104  -79.329  -10.354 0.0000000000
49640  33.695  -78.706  -10.567 0.0000000000
49641  33.444  -78.512  -10.421 0.0000000000
49642  33.691  -77.742  -10.603 0.0000000000
49643  33.212  -78.249  -10.068 0.0000000000
53168  18.556  -100.134  -8.621 0.0000000000
53169  19.348  -100.129  -9.346 0.0000000000
53170  18.695  -100.140  -9.428 0.0000000000
53171  18.890  -98.517  -12.915 0.0000000000
53172  19.470  -98.761  -12.960 0.0000000000
53173  19.499  -98.296  -13.289 0.0000000000
53174  20.213  -98.010  -13.452 0.0000000000
53175  19.534  -97.805  -13.398 0.0000000000
53187  14.753  -94.856  -10.121 0.0000000000
53189  14.691  -95.321  -10.066 0.0000000000
53190  14.722  -95.649  -9.871 0.0000000000
53191  15.150  -95.631  -10.452 0.0000000000
53192  15.568  -95.927  -10.748 0.0000000000
53193  15.511  -95.508  -10.922 0.0000000000
53194  20.249  -94.640  -10.484 0.0000000000
53195  19.780  -95.154  -11.128 0.0000000000
53196  20.698  -94.939  -10.851 0.0000000000
53197  21.193  -95.139  -11.259 0.0000000000
53198  21.661  -94.643  -10.591 0.0000000000
53199  22.550  -94.221  -10.442 0.0000000000
53200  22.044  -94.051  -9.978 0.0000000000
53201  23.407  -89.078  -7.111 0.0000000000
53202  23.863  -89.375  -7.535 0.0000000000
53203  24.074  -88.529  -7.505 0.0000000000
53204  24.651  -87.996  -8.065 0.0000000000
53205  24.249  -87.780  -7.549 0.0000000000
53209  25.092  -83.755  -9.566 0.0000000000
53210  24.701  -84.410  -9.173 0.0000000000
53211  25.403  -83.996  -9.609 0.0000000000
53212  25.671  -84.183  -9.674 0.0000000000
53213  26.177  -83.491  -9.882 0.0000000000
53214  26.984  -82.920  -10.203 0.0000000000
53215  26.773  -82.772  -9.918 0.0000000000
53216  30.297  -78.870  -8.063 0.0000000000
53217  30.550  -78.961  -8.205 0.0000000000
53218  31.064  -78.082  -8.259 0.0000000000
53219  31.512  -77.460  -8.640 0.0000000000
53220  31.255  -77.354  -8.601 0.0000000000
53282  28.718  -77.073  -7.739 0.0000000000
53283  29.149  -76.373  -8.140 0.0000000000
53447  44.753  -70.380  -8.437 0.0000000000
53448  44.470  -70.320  -7.956 0.0000000000
53449  44.726  -69.566  -7.980 0.0000000000
54324  36.051  -74.794  -12.920 0.0000000000
54325  36.658  -74.076  -13.285 0.0000000000
54774  28.532  -95.256  -13.022 0.0000000000
54775  29.251  -94.792  -12.994 0.0000000000
54776  28.829  -94.778  -13.579 0.0000000000
54784  26.591  -92.287  -13.336 0.0000000000
54785  27.110  -91.717  -13.634 0.0000000000
54786  26.626  -91.619  -12.958 0.0000000000
54787  26.669  -90.936  -12.575 0.0000000000
54788  26.258  -91.502  -12.212 0.0000000000
56049  42.091  -76.234  -5.267 0.0000000000
56050  41.738  -75.556  -4.793 0.0000000000
56051  42.106  -75.474  -5.544 0.0000000000
56052  42.634  -73.746  -6.500 0.0000000000
56053  42.309  -73.761  -5.962 0.0000000000
56054  42.410  -72.904  -6.125 0.0000000000
56055  42.155  -72.027  -5.760 0.0000000000
56056  42.572  -72.004  -6.232 0.0000000000
56581  26.782  -97.827  -5.929 0.0000000000
56582  26.834  -97.833  -6.543 0.0000000000
56584  24.432  -99.205  -7.953 0.0000000000
56585  25.147  -98.959  -7.896 0.0000000000
56586  24.586  -99.166  -8.566 0.0000000000
56587  24.680  -99.062  -9.263 0.0000000000
56588  23.954  -99.312  -9.330 0.0000000000
57849  44.017  -75.974  -13.194 0.0000000000
57850  44.646  -75.254  -13.006 0.0000000000
57851  44.310  -75.184  -13.446 0.0000000000
57852  44.507  -73.484  -14.392 0.0000000000
57853  44.903  -73.472  -13.986 0.0000000000
57854  45.255  -72.666  -14.217 0.0000000000
57855  45.960  -71.865  -13.896 0.0000000000
57856  45.594  -71.841  -14.383 0.0000000000
57858  43.138  -67.508  -13.870 0.0000000000
57860  41.971  -64.636  -11.965 0.0000000000
57861  42.432  -65.376  -12.396 0.0000000000
57862  42.339  -64.496  -11.932 0.0000000000
57863  42.777  -64.395  -11.925 0.0000000000
57864  42.351  -63.622  -11.502 0.0000000000
57873  40.857  -59.511  -10.327 0.0000000000
57875  40.365  -59.498  -11.029 0.0000000000
59194  42.524  -81.132  -3.645 0.0000000000
59195  42.995  -80.848  -3.429 0.0000000000
59196  42.883  -80.845  -4.135 0.0000000000
59197  43.211  -80.548  -4.612 0.0000000000
59198  42.824  -80.948  -4.893 0.0000000000
59207  36.567  -88.991  -11.169 0.0000000000
59208  36.658  -88.554  -10.616 0.0000000000
59209  37.370  -88.382  -10.951 0.0000000000
59210  39.556  -87.018  -10.873 0.0000000000
59211  38.913  -87.221  -10.463 0.0000000000
59212  39.694  -86.592  -10.290 0.0000000000
59213  39.810  -86.096  -9.530 0.0000000000
59214  40.437  -85.906  -9.994 0.0000000000
59215  41.073  -85.207  -9.800 0.0000000000
59216  40.971  -85.624  -10.456 0.0000000000
59217  41.532  -85.092  -12.020 0.0000000000
59218  41.748  -84.905  -11.427 0.0000000000
59219  42.104  -84.404  -11.856 0.0000000000
59220  42.675  -83.665  -11.617 0.0000000000
59221  42.329  -83.832  -12.162 0.0000000000
59222  42.562  -83.203  -12.366 0.0000000000
59223  41.995  -83.882  -12.608 0.0000000000
59224  40.395  -84.566  -13.331 0.0000000000
59225  41.027  -83.895  -13.188 0.0000000000
59226  40.486  -83.839  -13.305 0.0000000000
59227  40.632  -83.072  -13.216 0.0000000000
59228  39.925  -83.771  -13.357 0.0000000000
59229  31.296  -85.406  -13.209 0.0000000000
59230  32.142  -84.935  -13.395 0.0000000000
59231  31.598  -84.787  -13.205 0.0000000000
59232  31.597  -83.214  -12.948 0.0000000000
59233  32.144  -83.386  -13.147 0.0000000000
59234  32.536  -82.638  -12.989 0.0000000000
59235  33.516  -82.123  -12.863 0.0000000000
59236  33.018  -81.886  -12.684 0.0000000000
59237  33.418  -81.229  -12.332 0.0000000000
59238  32.548  -81.744  -12.435 0.0000000000
59239  31.109  -82.160  -11.694 0.0000000000
59240  31.853  -81.632  -11.656 0.0000000000
59241  31.667  -81.530  -11.216 0.0000000000
59242  32.167  -80.865  -10.798 0.0000000000
59243  31.536  -81.398  -10.762 0.0000000000
62768  16.900  -99.730  -8.357 0.0000000000
62769  17.299  -99.854  -9.326 0.0000000000
62770  17.035  -99.537  -9.080 0.0000000000
62771  17.013  -98.790  -10.144 0.0000000000
62772  17.279  -99.156  -10.420 0.0000000000
62773  17.355  -98.819  -11.026 0.0000000000
62774  17.814  -98.795  -11.754 0.0000000000
62775  17.394  -98.463  -11.556 0.0000000000
62789  15.331  -93.202  -9.094 0.0000000000
62790  15.067  -93.727  -9.568 0.0000000000
62791  15.755  -93.610  -9.622 0.0000000000
62792  16.159  -94.080  -10.063 0.0000000000
62793  16.498  -93.467  -9.505 0.0000000000
62794  18.380  -92.800  -8.445 0.0000000000
62795  18.052  -93.347  -9.120 0.0000000000
62796  18.881  -93.311  -8.999 0.0000000000
62797  19.340  -93.776  -9.476 0.0000000000
62798  19.711  -93.219  -8.779 0.0000000000
62799  20.571  -93.078  -8.646 0.0000000000
62800  20.055  -92.663  -8.207 0.0000000000
62801  20.127  -90.739  -6.710 0.0000000000
62802  20.736  -91.272  -7.084 0.0000000000
62803  21.050  -90.398  -6.648 0.0000000000
62804  21.891  -90.027  -6.647 0.0000000000
62805  21.317  -89.534  -6.358 0.0000000000
62812  24.695  -83.301  -9.361 0.0000000000
62813  25.258  -82.606  -9.404 0.0000000000
62814  26.071  -82.239  -9.299 0.0000000000
62815  25.837  -82.047  -9.242 0.0000000000
62816  26.914  -80.914  -8.314 0.0000000000
62817  27.127  -81.089  -8.469 0.0000000000
62818  27.806  -80.532  -8.125 0.0000000000
62819  28.605  -80.090  -8.069 0.0000000000
62820  28.414  -79.891  -7.906 0.0000000000
65054  41.058  -72.583  -15.118 0.0000000000
65055  41.821  -71.816  -15.311 0.0000000000
65056  41.246  -71.868  -15.024 0.0000000000
65070  41.017  -65.938  -13.103 0.0000000000
66401  30.264  -92.371  -8.047 0.0000000000
66402  31.214  -92.520  -10.007 0.0000000000
66403  31.336  -92.087  -9.278 0.0000000000
66404  31.850  -91.829  -9.933 0.0000000000
66405  32.463  -91.098  -9.815 0.0000000000
66406  32.362  -91.583  -10.510 0.0000000000
66407  30.479  -93.785  -12.773 0.0000000000
66408  30.799  -93.615  -12.094 0.0000000000
66409  31.148  -93.256  -12.654 0.0000000000
66410  33.022  -91.673  -12.708 0.0000000000
66411  32.588  -92.054  -12.326 0.0000000000
66412  33.318  -91.458  -12.095 0.0000000000
66413  33.501  -91.145  -11.488 0.0000000000
66414  34.118  -90.875  -11.818 0.0000000000
66415  34.916  -90.260  -11.559 0.0000000000
66416  34.678  -90.550  -12.187 0.0000000000
66417  35.132  -89.550  -13.218 0.0000000000
66418  35.649  -89.660  -12.828 0.0000000000
66419  36.010  -89.106  -13.012 0.0000000000
66420  36.981  -88.604  -12.897 0.0000000000
66421  36.377  -88.469  -13.240 0.0000000000
66422  36.766  -87.802  -13.501 0.0000000000
66423  35.764  -88.257  -13.432 0.0000000000
66431  29.123  -89.620  -13.630 0.0000000000
66432  28.893  -87.912  -13.079 0.0000000000
66433  29.595  -88.080  -13.380 0.0000000000
66434  29.883  -87.423  -13.275 0.0000000000
66435  30.936  -87.004  -13.416 0.0000000000
66436  30.229  -86.843  -13.200 0.0000000000
66437  30.640  -86.348  -13.157 0.0000000000
66438  29.622  -86.660  -12.892 0.0000000000
66439  27.750  -86.848  -11.589 0.0000000000
66440  28.545  -86.409  -12.094 0.0000000000
66441  28.064  -86.336  -11.710 0.0000000000
66442  28.511  -85.832  -11.823 0.0000000000
66443  27.688  -86.165  -11.334 0.0000000000
70232  41.533  -73.693  -4.111 0.0000000000
70233  41.448  -73.656  -3.518 0.0000000000
70234  41.361  -72.727  -3.916 0.0000000000
70235  41.118  -69.796  -3.793 0.0000000000
70236  41.052  -70.752  -3.482 0.0000000000
71824  28.007  -95.032  -7.736 0.0000000000
71825  28.263  -94.347  -7.596 0.0000000000
71826  28.186  -94.868  -8.325 0.0000000000
71827  28.502  -94.720  -8.934 0.0000000000
71828  28.169  -95.272  -8.981 0.0000000000
71829  26.956  -97.565  -7.852 0.0000000000
71830  27.358  -96.954  -7.848 0.0000000000
71831  27.030  -97.391  -8.523 0.0000000000
71832  26.815  -97.244  -10.531 0.0000000000
71833  27.198  -96.934  -9.831 0.0000000000
71834  27.358  -96.665  -10.426 0.0000000000
71835  27.871  -96.080  -10.374 0.0000000000
71836  27.633  -96.360  -11.047 0.0000000000
71837  27.953  -96.022  -11.705 0.0000000000
71838  27.241  -96.521  -11.698 0.0000000000
71839  25.459  -97.157  -12.788 0.0000000000
71840  26.361  -96.630  -12.818 0.0000000000
71841  25.745  -96.658  -13.225 0.0000000000
71842  25.978  -96.098  -13.602 0.0000000000
71843  25.176  -96.613  -13.515 0.0000000000
75624  44.865  -76.138  -9.435 0.0000000000
75625  44.566  -75.429  -8.953 0.0000000000
75626  44.753  -75.389  -9.517 0.0000000000
75627  45.022  -73.724  -10.293 0.0000000000
75628  44.764  -73.769  -9.725 0.0000000000
75629  44.886  -72.946  -9.820 0.0000000000
75630  44.724  -72.160  -9.391 0.0000000000
75631  45.086  -72.084  -9.871 0.0000000000
75632  45.673  -73.637  -12.460 0.0000000000
75633  45.547  -73.667  -11.905 0.0000000000
75634  45.876  -72.793  -12.024 0.0000000000
75635  46.262  -70.243  -10.929 0.0000000000
75636  46.043  -71.120  -10.908 0.0000000000
75637  46.014  -70.310  -10.372 0.0000000000
75638  45.706  -70.260  -9.831 0.0000000000
75647  42.505  -73.432  -15.177 0.0000000000
75648  43.106  -73.475  -15.091 0.0000000000
75649  43.345  -72.588  -15.348 0.0000000000
75650  44.778  -70.228  -15.129 0.0000000000
75651  44.664  -71.027  -15.098 0.0000000000
75652  45.240  -70.190  -14.840 0.0000000000
75653  45.809  -70.191  -14.510 0.0000000000
75654  45.708  -69.251  -14.338 0.0000000000
75655  43.967  -67.306  -13.858 0.0000000000
75656  44.369  -67.953  -14.288 0.0000000000
75657  44.409  -67.187  -13.726 0.0000000000
75658  44.993  -65.950  -12.693 0.0000000000
75659  45.108  -66.789  -13.344 0.0000000000
75660  45.498  -66.609  -13.028 0.0000000000
75661  45.889  -67.356  -13.236 0.0000000000
75662  45.839  -66.503  -12.667 0.0000000000
75663  46.186  -66.432  -12.285 0.0000000000
75664  45.700  -65.644  -12.095 0.0000000000
75666  45.400  -64.303  -11.263 0.0000000000
79662  42.897  -78.487  -4.376 0.0000000000
79663  42.857  -78.395  -3.668 0.0000000000
79664  42.492  -78.036  -3.971 0.0000000000
79665  42.176  -77.537  -3.590 0.0000000000
79666  42.260  -77.640  -4.293 0.0000000000
79667  42.096  -77.220  -4.638 0.0000000000
79668  42.518  -77.719  -5.043 0.0000000000
79669  43.512  -78.333  -6.684 0.0000000000
79670  43.111  -77.835  -6.446 0.0000000000
79671  43.481  -77.915  -6.971 0.0000000000
79672  43.400  -77.433  -7.249 0.0000000000
79673  43.828  -77.945  -7.508 0.0000000000
79699  32.637  -89.858  -7.136 0.0000000000
79700  34.242  -88.217  -7.248 0.0000000000
79701  33.879  -88.572  -6.612 0.0000000000
79702  34.604  -87.956  -6.370 0.0000000000
79703  35.074  -87.731  -5.732 0.0000000000
79704  35.335  -87.246  -6.197 0.0000000000
79705  36.723  -87.489  -9.387 0.0000000000
79706  36.022  -87.562  -9.001 0.0000000000
79707  36.779  -86.929  -8.673 0.0000000000
79708  37.849  -85.512  -7.085 0.0000000000
79709  36.966  -85.995  -7.209 0.0000000000
79710  37.217  -85.683  -6.464 0.0000000000
79711  36.722  -86.040  -5.905 0.0000000000
79712  37.462  -85.520  -5.753 0.0000000000
79714  38.150  -84.990  -5.565 0.0000000000
79715  40.014  -83.704  -5.637 0.0000000000
79716  39.466  -83.969  -5.081 0.0000000000
79717  40.031  -83.435  -4.810 0.0000000000
79718  40.181  -83.290  -3.996 0.0000000000
79719  40.570  -82.833  -4.527 0.0000000000
79720  41.022  -82.336  -4.353 0.0000000000
79721  41.064  -82.563  -5.091 0.0000000000
79722  42.185  -82.755  -6.872 0.0000000000
79723  42.072  -82.289  -6.195 0.0000000000
79724  42.572  -82.110  -6.697 0.0000000000
79725  42.914  -81.433  -6.479 0.0000000000
79726  43.089  -81.762  -7.122 0.0000000000
79727  42.053  -83.942  -9.504 0.0000000000
79728  42.104  -83.693  -8.874 0.0000000000
79729  42.567  -83.324  -9.284 0.0000000000
79730  43.967  -81.507  -9.166 0.0000000000
79731  43.626  -81.974  -8.814 0.0000000000
79732  43.930  -81.225  -8.583 0.0000000000
79733  43.819  -80.879  -7.889 0.0000000000
79734  44.063  -80.445  -8.234 0.0000000000
79735  44.061  -79.799  -7.848 0.0000000000
79736  44.280  -79.962  -8.465 0.0000000000
79737  44.641  -79.108  -9.576 0.0000000000
79738  44.470  -79.004  -8.930 0.0000000000
79739  44.661  -78.467  -9.136 0.0000000000
79740  44.567  -77.938  -8.699 0.0000000000
79741  44.712  -77.924  -9.273 0.0000000000
79742  44.781  -77.372  -9.340 0.0000000000
79743  44.862  -78.022  -9.820 0.0000000000
79744  44.771  -78.970  -11.240 0.0000000000
79745  44.900  -78.226  -10.810 0.0000000000
79746  44.761  -78.321  -11.218 0.0000000000
79747  44.688  -77.655  -11.230 0.0000000000
79748  44.610  -78.325  -11.612 0.0000000000
79749  42.962  -81.857  -12.584 0.0000000000
79750  43.558  -81.182  -12.351 0.0000000000
79751  43.155  -81.133  -12.623 0.0000000000
79752  43.095  -79.427  -12.701 0.0000000000
79753  43.538  -79.526  -12.517 0.0000000000
79754  43.626  -78.760  -12.542 0.0000000000
79755  44.023  -78.153  -12.309 0.0000000000
79756  43.658  -78.017  -12.612 0.0000000000
79757  43.703  -77.337  -12.730 0.0000000000
79758  43.211  -77.898  -12.828 0.0000000000
79759  41.735  -78.401  -12.940 0.0000000000
79760  42.270  -77.772  -13.040 0.0000000000
79761  41.815  -77.717  -13.126 0.0000000000
79762  41.935  -77.056  -13.385 0.0000000000
79763  41.339  -77.633  -13.228 0.0000000000
79764  37.105  -86.697  -13.807 0.0000000000
79765  38.029  -86.289  -13.806 0.0000000000
79766  37.268  -86.112  -13.897 0.0000000000
79769  37.805  -84.182  -13.407 0.0000000000
79770  38.676  -83.552  -13.263 0.0000000000
79771  38.048  -83.394  -13.172 0.0000000000
79772  33.997  -83.894  -13.518 0.0000000000
79773  34.666  -84.021  -13.511 0.0000000000
79774  34.992  -83.363  -13.314 0.0000000000
79775  37.145  -81.399  -12.573 0.0000000000
79776  36.853  -82.181  -12.810 0.0000000000
79777  37.801  -81.486  -12.628 0.0000000000
79778  38.495  -81.647  -12.739 0.0000000000
79779  38.745  -80.815  -12.518 0.0000000000
79780  39.589  -80.182  -12.652 0.0000000000
79781  38.922  -80.058  -12.484 0.0000000000
79782  38.573  -78.452  -12.706 0.0000000000
79783  39.180  -78.596  -12.765 0.0000000000
79784  39.385  -77.878  -13.035 0.0000000000
79786  39.535  -77.300  -13.380 0.0000000000
79788  38.875  -77.191  -13.387 0.0000000000
79789  37.045  -77.565  -12.684 0.0000000000
79790  37.611  -77.130  -13.185 0.0000000000
79791  37.119  -77.031  -13.073 0.0000000000
79792  37.185  -76.562  -13.409 0.0000000000
79793  36.581  -76.831  -12.873 0.0000000000
79794  34.296  -79.896  -11.627 0.0000000000
79795  35.099  -79.271  -11.654 0.0000000000
79796  34.691  -79.169  -11.433 0.0000000000
79797  34.785  -77.521  -11.482 0.0000000000
79798  35.130  -77.661  -11.687 0.0000000000
79799  35.291  -77.047  -12.028 0.0000000000
79800  35.757  -76.602  -12.462 0.0000000000
79801  35.404  -76.517  -12.334 0.0000000000
79802  35.555  -75.993  -12.617 0.0000000000
79803  35.056  -76.348  -12.170 0.0000000000
79804  34.033  -76.318  -11.234 0.0000000000
79808  33.845  -75.423  -11.310 0.0000000000
90379  19.603  -99.868  -7.606 0.0000000000
90381  20.297  -99.690  -7.388 0.0000000000
90382  21.008  -99.390  -7.047 0.0000000000
90383  21.162  -99.607  -7.625 0.0000000000
90384  21.971  -99.587  -7.741 0.0000000000
90385  21.329  -99.785  -8.260 0.0000000000
90386  20.931  -100.112  -10.140 0.0000000000
90387  21.650  -99.975  -9.606 0.0000000000
90388  21.813  -99.895  -10.249 0.0000000000
90389  22.673  -99.659  -10.388 0.0000000000
90390  21.963  -99.740  -10.875 0.0000000000
90391  18.482  -99.822  -10.794 0.0000000000
90392  18.988  -99.982  -10.821 0.0000000000
90393  19.159  -99.771  -11.445 0.0000000000
90394  20.757  -99.122  -12.894 0.0000000000
90395  20.703  -99.476  -12.299 0.0000000000
90396  21.479  -99.211  -12.621 0.0000000000
90397  22.193  -99.233  -12.133 0.0000000000
90398  22.284  -98.874  -12.735 0.0000000000
90399  23.060  -98.498  -12.881 0.0000000000
90400  22.380  -98.436  -13.249 0.0000000000
90401  21.919  -97.306  -13.632 0.0000000000
90402  22.654  -97.385  -13.607 0.0000000000
90403  22.787  -96.891  -13.582 0.0000000000
90404  23.713  -96.548  -13.577 0.0000000000
90405  22.984  -96.406  -13.461 0.0000000000
90447  15.353  -95.927  -9.184 0.0000000000
90449  15.845  -96.099  -8.766 0.0000000000
90450  16.347  -96.343  -8.323 0.0000000000
90451  16.119  -96.707  -9.013 0.0000000000
90452  16.357  -97.350  -9.275 0.0000000000
90453  16.088  -96.982  -9.720 0.0000000000
90454  16.274  -96.786  -11.497 0.0000000000
90455  16.401  -97.225  -11.234 0.0000000000
90456  16.755  -97.194  -11.854 0.0000000000
90457  17.288  -97.599  -12.223 0.0000000000
90458  17.208  -97.149  -12.393 0.0000000000
90459  16.977  -94.723  -10.920 0.0000000000
90460  16.672  -95.237  -11.345 0.0000000000
90461  17.390  -95.115  -11.401 0.0000000000
90462  19.040  -95.931  -12.337 0.0000000000
90463  18.266  -95.994  -12.416 0.0000000000
90464  18.727  -96.360  -12.803 0.0000000000
90465  18.519  -96.848  -13.023 0.0000000000
90466  19.291  -96.648  -13.037 0.0000000000
90467  19.887  -96.869  -13.199 0.0000000000
90468  20.115  -96.412  -12.898 0.0000000000
90469  22.282  -95.215  -12.101 0.0000000000
90470  21.915  -95.643  -12.574 0.0000000000
90471  22.815  -95.295  -12.491 0.0000000000
90472  23.466  -95.334  -12.874 0.0000000000
90473  23.783  -94.790  -12.465 0.0000000000
90474  24.688  -94.184  -12.516 0.0000000000
90475  24.139  -94.211  -11.978 0.0000000000
90476  24.226  -92.959  -10.365 0.0000000000
90477  24.671  -92.988  -11.003 0.0000000000
90478  24.913  -92.287  -10.579 0.0000000000
90479  25.496  -91.536  -10.904 0.0000000000
90480  25.102  -91.453  -10.217 0.0000000000
90481  22.252  -92.424  -8.390 0.0000000000
90482  22.763  -92.636  -8.892 0.0000000000
90483  23.084  -91.801  -8.397 0.0000000000
90484  24.665  -89.785  -8.525 0.0000000000
90485  24.474  -90.527  -8.679 0.0000000000
90486  25.026  -89.854  -9.038 0.0000000000
90487  25.356  -89.921  -9.634 0.0000000000
90488  25.400  -89.224  -9.496 0.0000000000
90489  25.751  -88.584  -9.962 0.0000000000
90490  25.498  -88.502  -9.482 0.0000000000
90491  25.570  -86.904  -9.278 0.0000000000
90492  25.821  -87.013  -9.816 0.0000000000
90493  26.084  -86.360  -9.993 0.0000000000
90494  26.816  -85.980  -10.531 0.0000000000
90495  26.376  -85.769  -10.194 0.0000000000
90499  20.713  -87.101  -6.253 0.0000000000
90501  21.226  -87.490  -6.108 0.0000000000
90502  21.810  -87.944  -6.145 0.0000000000
90503  22.100  -87.222  -6.267 0.0000000000
90506  22.846  -85.073  -7.520 0.0000000000
90507  24.089  -85.516  -8.137 0.0000000000
90508  23.489  -85.791  -7.459 0.0000000000
90509  23.750  -86.046  -7.553 0.0000000000
90510  23.544  -86.649  -7.096 0.0000000000
90511  24.173  -86.310  -7.679 0.0000000000
90512  24.483  -86.428  -7.972 0.0000000000
90513  24.756  -85.888  -8.356 0.0000000000
90514  26.340  -84.573  -10.041 0.0000000000
90515  25.972  -85.124  -9.695 0.0000000000
90516  26.659  -84.590  -10.352 0.0000000000
90517  27.109  -84.711  -10.656 0.0000000000
90518  27.533  -84.085  -10.807 0.0000000000
90519  28.393  -83.520  -11.239 0.0000000000
90520  27.970  -83.430  -10.910 0.0000000000
90521  28.919  -82.130  -10.346 0.0000000000
90522  29.223  -82.226  -10.638 0.0000000000
90523  29.913  -81.668  -10.190 0.0000000000
90524  30.935  -81.213  -10.109 0.0000000000
90525  30.565  -81.086  -9.685 0.0000000000
90526  27.929  -81.452  -8.990 0.0000000000
90527  28.139  -81.655  -9.261 0.0000000000
90528  28.790  -81.121  -8.879 0.0000000000
90529  31.145  -79.258  -8.590 0.0000000000
90530  30.581  -80.070  -8.774 0.0000000000
90531  31.426  -79.404  -8.842 0.0000000000
90532  31.677  -79.608  -9.166 0.0000000000
90533  32.162  -78.729  -9.040 0.0000000000
90534  32.697  -77.982  -9.465 0.0000000000
90535  32.462  -77.838  -9.169 0.0000000000
90536  32.484  -76.290  -9.839 0.0000000000
90537  32.769  -76.370  -9.929 0.0000000000
90538  32.844  -75.770  -10.416 0.0000000000
90539  33.226  -75.202  -10.999 0.0000000000
90540  32.936  -75.169  -10.887 0.0000000000
90722  26.100  -79.958  -7.730 0.0000000000
90723  26.815  -79.210  -7.464 0.0000000000
90724  29.269  -77.530  -7.881 0.0000000000
90725  28.668  -78.389  -7.679 0.0000000000
90726  29.461  -77.894  -7.937 0.0000000000
90727  29.625  -78.220  -7.971 0.0000000000
90728  30.086  -77.378  -8.292 0.0000000000
90730  30.147  -75.406  -9.251 0.0000000000
90733  30.991  -75.202  -10.039 0.0000000000
90734  31.226  -75.423  -9.995 0.0000000000
90735  31.017  -76.178  -9.266 0.0000000000
90736  31.448  -75.603  -9.863 0.0000000000
90737  31.699  -75.733  -9.725 0.0000000000
90738  31.820  -75.073  -10.456 0.0000000000
91217  44.056  -73.831  -8.158 0.0000000000
91218  43.758  -73.771  -7.750 0.0000000000
91219  43.861  -73.058  -7.848 0.0000000000
91220  43.778  -70.260  -7.258 0.0000000000
91221  43.501  -71.123  -7.199 0.0000000000
91222  43.454  -70.185  -6.912 0.0000000000
91223  43.156  -70.172  -6.521 0.0000000000
91224  43.432  -69.317  -6.587 0.0000000000
91230  43.544  -66.990  -6.224 0.0000000000
91231  43.333  -67.813  -6.036 0.0000000000
91232  43.149  -66.855  -5.883 0.0000000000
91233  42.825  -66.664  -5.532 0.0000000000
92499  35.477  -74.204  -12.422 0.0000000000
92776  26.568  -92.933  -13.688 0.0000000000
92777  26.141  -92.892  -12.962 0.0000000000
93534  42.699  -76.199  -6.660 0.0000000000
93535  42.431  -75.432  -6.237 0.0000000000
93536  42.836  -75.430  -6.841 0.0000000000
93537  42.923  -74.602  -6.912 0.0000000000
93538  42.996  -73.742  -6.969 0.0000000000
93856  24.259  -99.164  -7.312 0.0000000000
93857  23.673  -99.380  -8.062 0.0000000000
94614  43.227  -75.820  -13.755 0.0000000000
94615  43.908  -75.119  -13.831 0.0000000000
94616  43.532  -75.042  -14.084 0.0000000000
94617  43.803  -74.223  -14.352 0.0000000000
94618  44.142  -73.451  -14.684 0.0000000000
94619  41.730  -66.137  -12.992 0.0000000000
94620  42.140  -66.225  -12.961 0.0000000000
94621  41.626  -65.484  -12.498 0.0000000000
94622  41.572  -64.675  -12.029 0.0000000000
94623  41.554  -63.824  -11.575 0.0000000000
94626  40.882  -62.090  -11.008 0.0000000000
94627  40.673  -61.183  -10.850 0.0000000000
94628  40.598  -60.308  -10.751 0.0000000000
94629  40.413  -61.128  -11.072 0.0000000000
95423  41.976  -81.493  -3.949 0.0000000000
95429  37.749  -88.453  -11.885 0.0000000000
95430  38.019  -88.167  -11.295 0.0000000000
95431  38.638  -87.840  -11.687 0.0000000000
95432  39.440  -87.314  -11.465 0.0000000000
95433  40.144  -86.720  -11.286 0.0000000000
95434  40.806  -86.026  -11.098 0.0000000000
95435  40.644  -86.345  -11.694 0.0000000000
95436  40.946  -85.808  -12.164 0.0000000000
95437  41.191  -85.180  -12.544 0.0000000000
95438  41.401  -84.521  -12.813 0.0000000000
95439  40.788  -85.311  -13.003 0.0000000000
95440  40.291  -85.257  -13.278 0.0000000000
95442  30.200  -85.035  -12.581 0.0000000000
95443  31.052  -84.610  -12.915 0.0000000000
95444  30.500  -84.395  -12.657 0.0000000000
95445  30.770  -83.732  -12.725 0.0000000000
95446  31.153  -83.048  -12.650 0.0000000000
95447  31.603  -82.374  -12.445 0.0000000000
95448  30.810  -82.874  -12.369 0.0000000000
95449  30.527  -82.723  -11.977 0.0000000000
95450  30.308  -82.605  -11.577 0.0000000000
97565  16.702  -99.072  -8.021 0.0000000000
97566  16.883  -99.245  -8.927 0.0000000000
97567  16.774  -98.864  -8.677 0.0000000000
97568  16.818  -98.631  -9.291 0.0000000000
97569  16.790  -98.388  -9.869 0.0000000000
97580  16.784  -92.925  -8.872 0.0000000000
97582  17.879  -92.329  -8.002 0.0000000000
97583  18.722  -92.238  -7.817 0.0000000000
97584  19.628  -92.208  -7.712 0.0000000000
97585  19.028  -91.693  -7.295 0.0000000000
97586  19.215  -90.948  -6.796 0.0000000000
97587  19.471  -90.159  -6.461 0.0000000000
97592  24.874  -82.333  -9.079 0.0000000000
97593  25.616  -81.910  -9.011 0.0000000000
97594  25.437  -81.801  -8.798 0.0000000000
97595  25.994  -81.254  -8.395 0.0000000000
97596  26.634  -80.704  -8.084 0.0000000000
99744  29.483  -93.456  -8.825 0.0000000000
99745  30.109  -92.866  -8.709 0.0000000000
99746  29.996  -93.352  -9.456 0.0000000000
99747  30.544  -93.184  -10.093 0.0000000000
99748  31.113  -92.936  -10.740 0.0000000000
99749  31.034  -92.805  -13.627 0.0000000000
99750  31.498  -92.781  -13.083 0.0000000000
99751  31.791  -92.261  -13.409 0.0000000000
99752  32.579  -91.711  -13.210 0.0000000000
99753  33.470  -91.162  -13.022 0.0000000000
99754  34.380  -90.687  -12.821 0.0000000000
99755  33.843  -90.617  -13.274 0.0000000000
99756  34.173  -90.017  -13.459 0.0000000000
99757  34.502  -89.357  -13.535 0.0000000000
99758  34.775  -88.688  -13.528 0.0000000000
99762  27.796  -89.933  -13.106 0.0000000000
99763  28.437  -89.408  -13.321 0.0000000000
99764  27.876  -89.201  -12.889 0.0000000000
99765  28.056  -88.443  -12.726 0.0000000000
99766  28.313  -87.691  -12.594 0.0000000000
99767  28.693  -87.027  -12.522 0.0000000000
99768  27.870  -87.514  -12.057 0.0000000000
99769  27.427  -87.434  -11.550 0.0000000000
99770  26.975  -87.217  -11.092 0.0000000000
102044  41.568  -71.909  -4.794 0.0000000000
102045  41.352  -71.811  -4.249 0.0000000000
102046  41.465  -70.993  -4.537 0.0000000000
102047  41.345  -69.999  -4.301 0.0000000000
102048  41.284  -68.953  -4.032 0.0000000000
102049  41.270  -67.907  -3.777 0.0000000000
102050  41.525  -68.127  -4.232 0.0000000000
102051  41.862  -67.310  -4.404 0.0000000000
102052  42.244  -66.496  -4.612 0.0000000000
102998  28.227  -94.030  -6.189 0.0000000000
102999  28.077  -94.700  -6.248 0.0000000000
103000  27.954  -95.192  -7.025 0.0000000000
103001  27.812  -95.661  -7.707 0.0000000000
103002  26.007  -98.353  -9.287 0.0000000000
103003  26.652  -97.743  -9.229 0.0000000000
103004  26.131  -98.106  -9.992 0.0000000000
103005  26.276  -97.809  -10.608 0.0000000000
103006  26.398  -97.447  -11.186 0.0000000000
103007  26.518  -97.034  -11.736 0.0000000000
103008  25.927  -97.563  -11.799 0.0000000000
103009  25.312  -97.598  -12.377 0.0000000000
103010  24.679  -97.559  -12.918 0.0000000000
105279  44.909  -76.220  -10.477 0.0000000000
105280  44.856  -75.419  -10.076 0.0000000000
105281  44.872  -75.450  -10.608 0.0000000000
105282  44.958  -74.610  -10.717 0.0000000000
105283  45.191  -73.712  -10.817 0.0000000000
105284  46.336  -71.841  -12.700 0.0000000000
105285  46.185  -71.949  -12.056 0.0000000000
105286  46.548  -71.066  -12.112 0.0000000000
105287  46.528  -70.225  -11.577 0.0000000000
105292  46.389  -66.687  -11.297 0.0000000000
105293  42.987  -71.837  -15.512 0.0000000000
105294  43.567  -71.796  -15.497 0.0000000000
105295  43.677  -71.001  -15.491 0.0000000000
105296  44.317  -70.217  -15.320 0.0000000000
105297  44.758  -69.491  -14.986 0.0000000000
105298  43.701  -65.802  -12.711 0.0000000000
105299  44.234  -66.373  -13.191 0.0000000000
105300  44.091  -65.549  -12.581 0.0000000000
105301  44.504  -65.313  -12.395 0.0000000000
105302  44.885  -65.071  -12.150 0.0000000000
105303  45.186  -64.921  -11.865 0.0000000000
105304  44.697  -64.309  -11.661 0.0000000000
105305  44.628  -63.722  -11.293 0.0000000000
107700  43.573  -79.652  -4.066 0.0000000000
107701  43.480  -79.177  -3.695 0.0000000000
107702  43.478  -79.263  -4.405 0.0000000000
107703  43.297  -78.881  -4.740 0.0000000000
107704  43.118  -78.507  -5.123 0.0000000000
107705  42.944  -78.154  -5.466 0.0000000000
107706  43.283  -78.633  -5.818 0.0000000000
107707  43.533  -78.724  -6.415 0.0000000000
107708  43.841  -78.801  -6.989 0.0000000000
107723  32.804  -90.138  -8.445 0.0000000000
107724  32.999  -89.644  -7.709 0.0000000000
107725  33.363  -89.427  -8.288 0.0000000000
107726  34.026  -88.694  -8.120 0.0000000000
107727  34.733  -87.931  -7.897 0.0000000000
107728  38.364  -86.405  -8.850 0.0000000000
107729  37.606  -86.406  -8.435 0.0000000000
107730  38.452  -85.926  -8.193 0.0000000000
107731  38.530  -85.486  -7.524 0.0000000000
107732  38.597  -85.040  -6.810 0.0000000000
107733  38.706  -84.723  -6.101 0.0000000000
107734  39.374  -84.588  -6.632 0.0000000000
107735  40.038  -84.112  -6.402 0.0000000000
107736  40.645  -83.581  -6.124 0.0000000000
107737  41.143  -83.002  -5.863 0.0000000000
107738  41.243  -83.497  -6.607 0.0000000000
107739  41.798  -83.390  -7.100 0.0000000000
107740  42.279  -83.128  -7.567 0.0000000000
107741  42.974  -83.114  -10.329 0.0000000000
107742  43.023  -82.917  -9.667 0.0000000000
107743  43.450  -82.466  -10.017 0.0000000000
107744  43.954  -81.741  -9.738 0.0000000000
107745  44.233  -80.989  -9.466 0.0000000000
107746  44.382  -80.194  -9.120 0.0000000000
107747  44.449  -80.430  -9.704 0.0000000000
107748  44.619  -79.893  -9.959 0.0000000000
107749  44.773  -79.311  -10.173 0.0000000000
107750  44.883  -78.698  -10.302 0.0000000000
107751  44.801  -79.490  -10.734 0.0000000000
107752  44.682  -79.629  -11.231 0.0000000000
107753  44.529  -79.707  -11.691 0.0000000000
107754  42.034  -81.734  -12.923 0.0000000000
107755  42.754  -81.063  -12.798 0.0000000000
107756  42.248  -80.905  -12.887 0.0000000000
107757  42.437  -80.117  -12.845 0.0000000000
107758  42.599  -79.344  -12.806 0.0000000000
107759  42.675  -78.553  -12.850 0.0000000000
107760  42.098  -79.221  -12.871 0.0000000000
107761  41.617  -79.099  -12.874 0.0000000000
107762  41.082  -79.033  -12.880 0.0000000000
107763  35.536  -86.226  -13.980 0.0000000000
107768  34.739  -82.434  -13.081 0.0000000000
107769  35.366  -82.641  -13.104 0.0000000000
107770  35.673  -81.857  -12.828 0.0000000000
107771  36.606  -81.278  -12.596 0.0000000000
107772  37.454  -80.620  -12.391 0.0000000000
107773  38.279  -79.934  -12.388 0.0000000000
107774  37.683  -79.813  -12.360 0.0000000000
107775  37.859  -79.040  -12.428 0.0000000000
107776  38.009  -78.319  -12.602 0.0000000000
107777  38.187  -77.692  -12.893 0.0000000000
107778  37.459  -78.250  -12.508 0.0000000000
107779  36.944  -78.203  -12.352 0.0000000000
107780  36.411  -78.081  -12.190 0.0000000000
107781  33.598  -79.627  -10.947 0.0000000000
107782  34.304  -79.011  -11.171 0.0000000000
107783  33.996  -78.867  -10.876 0.0000000000
107784  34.291  -78.112  -10.998 0.0000000000
107785  34.494  -77.352  -11.282 0.0000000000
107786  34.615  -76.701  -11.632 0.0000000000
107787  34.159  -77.168  -11.114 0.0000000000
107788  33.853  -76.996  -10.922 0.0000000000
107789  33.628  -76.703  -10.613 0.0000000000
114133  18.982  -100.035  -7.731 0.0000000000
114134  19.775  -99.933  -8.323 0.0000000000
114135  20.671  -99.984  -8.748 0.0000000000
114136  20.017  -100.067  -9.105 0.0000000000
114137  20.169  -100.151  -9.793 0.0000000000
114138  20.309  -100.166  -10.433 0.0000000000
114139  18.775  -99.274  -12.028 0.0000000000
114140  19.320  -99.518  -12.027 0.0000000000
114141  19.429  -99.184  -12.513 0.0000000000
114142  20.089  -98.955  -12.945 0.0000000000
114143  20.873  -98.698  -13.283 0.0000000000
114144  21.678  -98.349  -13.464 0.0000000000
114145  20.990  -98.206  -13.510 0.0000000000
114146  21.104  -97.683  -13.613 0.0000000000
114147  21.213  -97.205  -13.564 0.0000000000
114174  14.926  -95.791  -9.567 0.0000000000
114175  15.363  -96.196  -9.917 0.0000000000
114176  15.786  -96.671  -10.172 0.0000000000
114177  15.614  -96.317  -10.518 0.0000000000
114178  15.812  -96.304  -11.194 0.0000000000
114179  16.282  -96.281  -11.610 0.0000000000
114180  18.589  -94.635  -10.779 0.0000000000
114181  18.149  -95.078  -11.438 0.0000000000
114182  18.993  -95.101  -11.316 0.0000000000
114183  19.398  -95.527  -11.761 0.0000000000
114184  19.861  -95.900  -12.151 0.0000000000
114185  20.436  -96.034  -12.491 0.0000000000
114186  20.774  -95.611  -11.915 0.0000000000
114187  21.755  -95.230  -11.668 0.0000000000
114188  22.686  -94.730  -11.534 0.0000000000
114189  23.606  -94.185  -11.428 0.0000000000
114190  23.081  -94.208  -10.925 0.0000000000
114191  23.478  -93.635  -10.280 0.0000000000
114192  23.785  -92.926  -9.830 0.0000000000
114193  22.903  -90.766  -7.553 0.0000000000
114194  23.387  -91.023  -8.029 0.0000000000
114195  23.655  -90.211  -7.745 0.0000000000
114196  24.295  -89.641  -8.017 0.0000000000
114197  24.833  -89.040  -8.479 0.0000000000
114198  25.261  -88.427  -8.973 0.0000000000
114199  24.980  -88.264  -8.503 0.0000000000
114200  25.088  -87.488  -8.652 0.0000000000
114201  25.262  -86.764  -8.855 0.0000000000
114207  23.848  -84.482  -8.589 0.0000000000
114208  23.522  -84.955  -8.008 0.0000000000
114209  24.158  -84.700  -8.645 0.0000000000
114210  24.364  -85.018  -8.686 0.0000000000
114211  24.690  -85.201  -8.695 0.0000000000
114212  25.056  -85.352  -8.819 0.0000000000
114213  25.299  -84.802  -9.317 0.0000000000
114214  25.994  -84.290  -9.843 0.0000000000
114215  26.731  -83.738  -10.343 0.0000000000
114216  27.685  -83.255  -10.642 0.0000000000
114217  27.263  -83.036  -10.461 0.0000000000
114218  27.918  -82.424  -10.334 0.0000000000
114219  28.658  -81.928  -9.965 0.0000000000
114220  29.077  -80.383  -8.338 0.0000000000
114221  29.420  -80.496  -8.515 0.0000000000
114222  29.998  -79.777  -8.293 0.0000000000
114223  30.883  -79.165  -8.336 0.0000000000
114224  31.569  -78.388  -8.600 0.0000000000
114225  32.199  -77.675  -8.897 0.0000000000
114226  31.873  -77.535  -8.794 0.0000000000
114227  32.048  -76.729  -9.173 0.0000000000
114228  32.195  -76.138  -9.675 0.0000000000
114340  28.984  -77.355  -7.860 0.0000000000
114341  29.715  -76.793  -8.267 0.0000000000
114347  31.836  -74.444  -11.244 0.0000000000
114635  44.262  -72.249  -8.426 0.0000000000
114636  43.981  -72.260  -7.948 0.0000000000
114637  44.153  -71.301  -8.029 0.0000000000
114638  44.090  -70.368  -7.609 0.0000000000
114639  44.098  -69.482  -7.263 0.0000000000
116619  29.060  -94.982  -11.639 0.0000000000
116620  29.671  -94.447  -11.613 0.0000000000
116621  29.483  -94.675  -12.307 0.0000000000
116622  29.853  -94.305  -12.907 0.0000000000
116623  30.147  -93.864  -13.432 0.0000000000
116636  27.790  -90.626  -13.373 0.0000000000
116637  27.199  -90.414  -12.878 0.0000000000
116638  26.731  -90.207  -12.264 0.0000000000
116639  26.342  -90.027  -11.535 0.0000000000
118404  41.620  -76.133  -3.867 0.0000000000
118405  41.492  -75.401  -3.529 0.0000000000
118406  41.584  -75.440  -4.149 0.0000000000
118407  41.650  -74.614  -4.405 0.0000000000
118408  41.718  -73.750  -4.740 0.0000000000
118409  42.194  -74.667  -5.782 0.0000000000
118410  42.018  -73.797  -5.332 0.0000000000
118411  41.734  -72.872  -5.020 0.0000000000
118412  41.833  -71.977  -5.285 0.0000000000
118413  41.981  -71.093  -5.502 0.0000000000
118414  42.264  -70.140  -5.703 0.0000000000
119149  27.671  -96.693  -5.794 0.0000000000
119150  27.677  -96.594  -6.485 0.0000000000
119151  27.311  -97.223  -6.498 0.0000000000
119152  26.892  -97.717  -7.192 0.0000000000
119153  26.460  -98.113  -7.834 0.0000000000
119155  25.847  -98.590  -7.845 0.0000000000
119156  25.925  -98.504  -8.558 0.0000000000
119157  25.346  -98.751  -9.244 0.0000000000
119158  24.775  -98.883  -9.952 0.0000000000
119159  24.163  -99.017  -10.778 0.0000000000
120924  44.586  -76.131  -12.343 0.0000000000
120925  44.941  -75.344  -12.091 0.0000000000
120926  44.857  -75.305  -12.546 0.0000000000
120927  45.131  -74.534  -12.741 0.0000000000
120928  45.448  -73.669  -12.987 0.0000000000
120929  44.584  -74.406  -13.698 0.0000000000
120930  45.257  -73.556  -13.495 0.0000000000
120931  45.864  -72.739  -13.170 0.0000000000
120932  46.203  -71.794  -13.308 0.0000000000
120933  46.379  -70.923  -13.437 0.0000000000
120934  46.518  -70.012  -13.468 0.0000000000
120935  43.264  -68.819  -14.754 0.0000000000
120936  43.711  -68.752  -14.748 0.0000000000
120937  43.520  -68.127  -14.340 0.0000000000
120938  43.559  -67.378  -13.847 0.0000000000
120939  43.473  -66.734  -13.383 0.0000000000
120940  42.550  -66.199  -12.886 0.0000000000
120941  42.895  -66.104  -12.871 0.0000000000
120942  43.369  -65.983  -12.855 0.0000000000
120943  43.194  -65.119  -12.301 0.0000000000
120944  43.136  -64.242  -11.788 0.0000000000
120945  43.106  -63.347  -11.314 0.0000000000
120960  40.606  -59.396  -10.655 0.0000000000
120961  40.665  -58.608  -10.579 0.0000000000
122810  43.559  -80.038  -3.678 0.0000000000
122811  43.462  -80.118  -4.363 0.0000000000
122812  43.462  -80.245  -5.060 0.0000000000
122813  43.526  -80.329  -5.765 0.0000000000
122825  35.114  -89.392  -10.443 0.0000000000
122826  35.187  -88.860  -9.860 0.0000000000
122827  35.873  -88.693  -10.240 0.0000000000
122828  36.690  -88.055  -10.042 0.0000000000
122829  37.444  -87.435  -9.750 0.0000000000
122830  38.135  -87.847  -10.712 0.0000000000
122831  38.201  -87.378  -10.109 0.0000000000
122832  38.282  -86.847  -9.480 0.0000000000
122833  39.105  -86.272  -9.157 0.0000000000
122834  39.892  -85.703  -8.914 0.0000000000
122835  40.570  -85.150  -8.734 0.0000000000
122836  41.119  -84.600  -8.573 0.0000000000
122837  41.051  -84.902  -9.183 0.0000000000
122838  41.516  -84.616  -9.658 0.0000000000
122839  41.989  -84.281  -10.138 0.0000000000
122840  41.384  -85.306  -10.954 0.0000000000
122841  41.904  -84.565  -10.809 0.0000000000
122842  42.433  -83.850  -10.640 0.0000000000
122843  42.849  -83.389  -11.013 0.0000000000
122844  43.179  -82.907  -11.332 0.0000000000
122845  43.450  -82.365  -11.602 0.0000000000
122846  43.660  -81.765  -11.772 0.0000000000
122847  43.119  -82.520  -12.079 0.0000000000
122848  42.768  -82.546  -12.493 0.0000000000
122849  42.343  -82.555  -12.805 0.0000000000
122850  41.514  -83.880  -12.970 0.0000000000
122851  41.696  -83.191  -13.010 0.0000000000
122852  41.870  -82.488  -12.978 0.0000000000
122853  41.356  -82.389  -13.046 0.0000000000
122854  40.834  -82.256  -13.110 0.0000000000
122855  40.339  -82.198  -13.062 0.0000000000
122856  32.466  -85.644  -13.565 0.0000000000
122857  33.417  -85.148  -13.691 0.0000000000
122858  32.734  -85.091  -13.509 0.0000000000
122859  33.010  -84.420  -13.488 0.0000000000
122860  33.384  -83.717  -13.414 0.0000000000
122861  31.833  -84.106  -13.203 0.0000000000
122862  32.708  -83.527  -13.349 0.0000000000
122863  33.758  -82.983  -13.259 0.0000000000
122864  34.033  -82.260  -13.010 0.0000000000
122865  34.447  -81.512  -12.715 0.0000000000
122866  34.838  -80.825  -12.334 0.0000000000
122867  35.188  -80.178  -11.962 0.0000000000
122868  34.365  -80.763  -12.138 0.0000000000
122869  33.848  -80.559  -11.970 0.0000000000
122870  33.445  -80.442  -11.654 0.0000000000
122871  32.114  -81.677  -12.068 0.0000000000
122872  32.624  -80.982  -11.656 0.0000000000
122873  33.120  -80.302  -11.273 0.0000000000
122874  32.861  -80.241  -10.833 0.0000000000
122875  32.636  -80.144  -10.461 0.0000000000
122876  32.482  -79.963  -10.094 0.0000000000
127811  17.476  -100.057  -8.561 0.0000000000
127812  18.123  -100.080  -9.398 0.0000000000
127813  17.665  -99.970  -9.313 0.0000000000
127814  17.863  -99.832  -10.027 0.0000000000
127815  18.052  -99.627  -10.711 0.0000000000
127816  17.175  -99.403  -9.781 0.0000000000
127817  17.643  -99.394  -10.596 0.0000000000
127818  18.154  -99.349  -11.353 0.0000000000
127819  18.254  -99.032  -11.934 0.0000000000
127820  18.328  -98.675  -12.432 0.0000000000
127821  18.352  -98.269  -12.773 0.0000000000
127842  14.825  -94.282  -9.935 0.0000000000
127843  15.346  -94.717  -10.409 0.0000000000
127844  15.668  -95.091  -10.806 0.0000000000
127845  15.896  -94.618  -10.511 0.0000000000
127846  16.561  -94.419  -10.491 0.0000000000
127847  17.304  -94.262  -10.385 0.0000000000
127848  17.229  -93.380  -9.278 0.0000000000
127849  17.665  -93.825  -9.766 0.0000000000
127850  18.128  -94.250  -10.315 0.0000000000
127851  18.974  -94.224  -10.135 0.0000000000
127852  19.810  -94.183  -9.872 0.0000000000
127853  20.691  -94.051  -9.826 0.0000000000
127854  21.602  -93.803  -9.522 0.0000000000
127855  21.080  -93.457  -9.168 0.0000000000
127856  21.423  -92.842  -8.455 0.0000000000
127857  21.732  -92.142  -7.958 0.0000000000
127858  20.405  -92.019  -7.640 0.0000000000
127859  21.243  -91.744  -7.502 0.0000000000
127860  22.072  -91.327  -7.489 0.0000000000
127861  22.429  -90.422  -7.053 0.0000000000
127862  22.671  -89.579  -6.774 0.0000000000
127863  22.906  -88.734  -6.660 0.0000000000
127872  24.210  -83.984  -9.115 0.0000000000
127873  24.900  -83.544  -9.456 0.0000000000
127874  25.638  -83.054  -9.711 0.0000000000
127875  26.519  -82.560  -9.727 0.0000000000
127876  26.295  -82.378  -9.520 0.0000000000
127877  26.950  -81.798  -9.196 0.0000000000
127878  27.583  -81.332  -8.782 0.0000000000
127879  26.467  -81.592  -8.848 0.0000000000
127880  27.401  -81.204  -8.673 0.0000000000
127881  28.247  -80.783  -8.443 0.0000000000
127882  28.887  -80.207  -8.175 0.0000000000
127883  29.491  -79.554  -7.983 0.0000000000
127884  29.951  -78.772  -7.976 0.0000000000
127968  28.917  -74.924  -8.144 0.0000000000
127969  29.165  -75.332  -8.370 0.0000000000
127970  29.431  -75.638  -8.623 0.0000000000
130779  41.193  -75.845  -14.234 0.0000000000
130780  41.969  -75.103  -14.497 0.0000000000
130781  41.355  -75.107  -14.571 0.0000000000
130782  41.555  -74.335  -14.906 0.0000000000
130783  41.890  -73.546  -15.206 0.0000000000
130785  41.305  -73.505  -15.216 0.0000000000
130789  42.674  -70.359  -15.202 0.0000000000
130797  42.147  -70.320  -15.026 0.0000000000
130805  41.360  -66.081  -13.029 0.0000000000
130806  40.893  -65.260  -12.685 0.0000000000
132493  31.721  -91.170  -7.964 0.0000000000
132494  30.786  -92.279  -8.683 0.0000000000
132495  31.503  -91.620  -8.623 0.0000000000
132496  32.212  -90.868  -8.544 0.0000000000
132497  32.660  -90.617  -9.119 0.0000000000
132498  33.127  -90.412  -9.663 0.0000000000
132499  33.700  -90.243  -10.151 0.0000000000
132500  30.326  -93.914  -11.521 0.0000000000
132501  30.978  -93.342  -11.426 0.0000000000
132502  31.646  -92.647  -11.322 0.0000000000
132503  31.886  -92.654  -12.521 0.0000000000
132504  32.136  -92.361  -11.855 0.0000000000
132505  32.280  -91.927  -11.228 0.0000000000
132506  32.908  -91.361  -11.037 0.0000000000
132507  33.639  -90.716  -10.789 0.0000000000
132508  34.363  -90.039  -10.567 0.0000000000
132509  35.074  -89.824  -10.956 0.0000000000
132510  35.805  -89.598  -11.331 0.0000000000
132511  36.337  -89.394  -11.691 0.0000000000
132512  35.199  -90.149  -12.555 0.0000000000
132513  36.025  -89.602  -12.285 0.0000000000
132514  36.870  -89.064  -12.078 0.0000000000
132515  37.400  -88.639  -12.432 0.0000000000
132516  37.910  -88.137  -12.769 0.0000000000
132517  38.272  -87.564  -13.174 0.0000000000
132518  38.558  -86.964  -13.464 0.0000000000
132519  37.682  -87.466  -13.474 0.0000000000
132520  36.946  -87.268  -13.653 0.0000000000
132522  35.022  -88.004  -13.564 0.0000000000
132523  35.220  -87.324  -13.677 0.0000000000
132524  35.370  -86.772  -13.887 0.0000000000
132525  34.556  -86.551  -13.882 0.0000000000
132526  33.773  -86.446  -13.860 0.0000000000
132527  33.007  -86.334  -13.761 0.0000000000
132531  29.330  -88.845  -13.520 0.0000000000
132532  30.325  -88.299  -13.601 0.0000000000
132534  31.757  -87.213  -13.579 0.0000000000
132535  31.976  -86.665  -13.574 0.0000000000
132536  32.211  -86.159  -13.596 0.0000000000
132537  31.574  -86.038  -13.402 0.0000000000
132538  30.975  -85.922  -13.192 0.0000000000
132539  30.379  -85.794  -12.891 0.0000000000
132540  29.109  -86.471  -12.486 0.0000000000
132541  29.478  -86.080  -12.486 0.0000000000
132542  29.853  -85.597  -12.524 0.0000000000
132543  29.392  -85.475  -12.181 0.0000000000
132544  28.920  -85.187  -11.888 0.0000000000
132545  28.508  -84.909  -11.510 0.0000000000
137348  41.216  -71.758  -3.688 0.0000000000
137357  41.295  -66.937  -3.488 0.0000000000
139305  28.407  -93.840  -6.873 0.0000000000
139307  29.007  -93.543  -8.239 0.0000000000
139308  28.971  -94.180  -8.873 0.0000000000
139309  28.900  -94.576  -9.552 0.0000000000
139310  28.819  -94.942  -10.237 0.0000000000
139311  27.658  -96.498  -7.174 0.0000000000
139312  27.634  -96.310  -7.778 0.0000000000
139313  27.695  -96.112  -8.401 0.0000000000
139314  27.099  -97.170  -9.202 0.0000000000
139315  27.474  -96.564  -9.118 0.0000000000
139316  27.842  -95.900  -9.030 0.0000000000
139317  28.072  -95.731  -9.662 0.0000000000
139318  28.346  -95.493  -10.326 0.0000000000
139319  28.667  -95.236  -10.987 0.0000000000
139320  28.529  -95.496  -11.684 0.0000000000
139321  28.275  -95.647  -12.387 0.0000000000
139322  27.834  -95.683  -12.961 0.0000000000
139323  26.858  -96.586  -12.318 0.0000000000
139324  27.174  -96.158  -12.877 0.0000000000
139325  27.448  -95.713  -13.410 0.0000000000
143949  44.381  -76.068  -8.369 0.0000000000
143950  44.060  -75.312  -7.978 0.0000000000
143951  44.343  -75.369  -8.430 0.0000000000
143952  44.273  -74.679  -8.520 0.0000000000
143953  44.332  -73.855  -8.603 0.0000000000
143954  44.675  -74.620  -9.605 0.0000000000
143955  44.558  -73.872  -9.107 0.0000000000
143956  44.374  -73.045  -8.767 0.0000000000
143957  44.504  -72.196  -8.897 0.0000000000
143958  44.757  -71.257  -8.929 0.0000000000
143959  45.062  -70.344  -8.857 0.0000000000
143960  45.197  -74.586  -11.744 0.0000000000
143961  45.353  -73.708  -11.374 0.0000000000
143962  45.486  -72.837  -10.917 0.0000000000
143963  46.018  -71.959  -11.482 0.0000000000
143964  45.772  -71.987  -10.926 0.0000000000
143965  45.458  -72.053  -10.399 0.0000000000
143966  45.396  -71.167  -9.878 0.0000000000
143967  45.398  -70.290  -9.362 0.0000000000
143978  42.764  -74.313  -14.740 0.0000000000
143979  43.672  -73.471  -14.924 0.0000000000
143980  44.387  -72.703  -14.925 0.0000000000
143981  44.129  -71.765  -15.297 0.0000000000
143982  44.529  -71.863  -15.025 0.0000000000
143983  45.085  -71.849  -14.756 0.0000000000
143984  45.750  -71.041  -14.487 0.0000000000
143985  46.224  -70.145  -14.022 0.0000000000
143986  46.459  -69.106  -13.453 0.0000000000
143987  44.162  -68.769  -14.779 0.0000000000
143988  44.659  -68.691  -14.699 0.0000000000
143989  45.060  -68.552  -14.464 0.0000000000
143990  44.763  -66.947  -13.592 0.0000000000
143991  45.184  -67.637  -13.933 0.0000000000
143992  45.495  -68.408  -14.163 0.0000000000
143993  45.939  -68.310  -13.830 0.0000000000
143994  46.251  -68.211  -13.385 0.0000000000
143995  46.547  -68.095  -12.893 0.0000000000
143996  46.489  -67.217  -12.348 0.0000000000
143997  46.362  -66.572  -11.768 0.0000000000
143998  46.141  -65.853  -11.293 0.0000000000
143999  45.515  -64.889  -11.612 0.0000000000
144000  45.776  -65.001  -11.271 0.0000000000
148835  41.707  -76.576  -3.519 0.0000000000
148836  41.821  -76.708  -4.231 0.0000000000
148837  42.050  -76.796  -4.972 0.0000000000
148838  42.329  -76.822  -5.706 0.0000000000
148839  42.831  -77.756  -5.788 0.0000000000
148840  42.700  -77.313  -6.059 0.0000000000
148841  42.661  -76.799  -6.367 0.0000000000
148842  43.013  -76.850  -6.985 0.0000000000
148843  43.410  -76.799  -7.446 0.0000000000
148844  43.884  -76.745  -7.862 0.0000000000
148873  32.693  -89.685  -5.710 0.0000000000
148874  33.496  -89.253  -5.596 0.0000000000
148875  33.234  -89.230  -6.876 0.0000000000
148876  33.714  -88.927  -6.111 0.0000000000
148881  35.276  -88.290  -9.274 0.0000000000
148882  35.333  -87.694  -8.511 0.0000000000
148883  35.440  -87.247  -7.604 0.0000000000
148884  36.894  -86.450  -7.932 0.0000000000
148885  36.234  -86.582  -7.367 0.0000000000
148886  35.635  -86.841  -6.777 0.0000000000
148887  36.003  -86.621  -6.070 0.0000000000
148896  39.949  -83.953  -3.578 0.0000000000
148899  41.058  -82.271  -3.706 0.0000000000
148900  41.432  -81.868  -4.202 0.0000000000
148901  41.868  -81.595  -4.698 0.0000000000
148902  41.578  -82.399  -5.651 0.0000000000
148903  41.943  -81.862  -5.458 0.0000000000
148904  42.347  -81.380  -5.205 0.0000000000
148905  42.869  -81.149  -5.702 0.0000000000
148906  43.323  -80.860  -6.134 0.0000000000
148907  43.635  -80.524  -6.519 0.0000000000
148908  41.674  -84.026  -8.423 0.0000000000
148909  42.232  -83.417  -8.231 0.0000000000
148910  42.710  -82.784  -7.993 0.0000000000
148911  43.149  -82.692  -9.048 0.0000000000
148912  43.134  -82.380  -8.411 0.0000000000
148913  43.135  -82.079  -7.770 0.0000000000
148914  43.495  -81.318  -7.515 0.0000000000
148915  43.739  -80.643  -7.204 0.0000000000
148916  43.817  -80.104  -6.878 0.0000000000
148917  43.908  -79.700  -7.168 0.0000000000
148918  44.009  -79.278  -7.397 0.0000000000
148919  44.087  -78.843  -7.647 0.0000000000
148920  44.378  -79.491  -8.697 0.0000000000
148921  44.251  -78.922  -8.293 0.0000000000
148922  44.117  -78.420  -7.876 0.0000000000
148923  44.211  -77.901  -8.078 0.0000000000
148924  44.289  -77.298  -8.243 0.0000000000
148925  44.359  -76.666  -8.299 0.0000000000
148926  44.640  -76.729  -8.848 0.0000000000
148927  44.875  -76.808  -9.343 0.0000000000
148928  44.924  -76.863  -9.893 0.0000000000
148929  44.924  -78.145  -10.360 0.0000000000
148930  44.943  -77.548  -10.338 0.0000000000
148931  44.961  -76.887  -10.356 0.0000000000
148932  44.785  -76.999  -10.839 0.0000000000
148933  44.676  -76.977  -11.320 0.0000000000
148934  44.530  -76.923  -11.766 0.0000000000
148935  43.869  -81.146  -11.926 0.0000000000
148936  44.093  -80.472  -12.052 0.0000000000
148937  44.261  -79.757  -12.035 0.0000000000
148938  43.340  -80.350  -12.604 0.0000000000
148939  43.972  -79.647  -12.317 0.0000000000
148940  44.349  -79.003  -11.979 0.0000000000
148941  44.356  -78.259  -11.951 0.0000000000
148942  44.301  -77.593  -12.031 0.0000000000
148943  44.403  -76.847  -12.167 0.0000000000
148944  44.182  -76.733  -12.553 0.0000000000
148945  43.831  -76.647  -12.951 0.0000000000
148946  43.406  -76.547  -13.225 0.0000000000
148947  42.733  -77.815  -12.968 0.0000000000
148948  42.804  -77.109  -13.143 0.0000000000
148949  42.979  -76.458  -13.444 0.0000000000
148950  42.562  -76.432  -13.564 0.0000000000
148951  42.167  -76.364  -13.708 0.0000000000
148952  41.628  -76.419  -13.831 0.0000000000
148953  38.783  -86.362  -13.635 0.0000000000
148959  39.329  -83.678  -13.347 0.0000000000
148960  39.551  -82.889  -13.162 0.0000000000
148961  39.792  -82.030  -13.004 0.0000000000
148964  36.378  -83.760  -13.336 0.0000000000
148965  35.915  -82.815  -13.081 0.0000000000
148966  36.635  -82.974  -13.103 0.0000000000
148967  37.336  -83.153  -13.114 0.0000000000
148968  38.254  -82.503  -12.977 0.0000000000
148969  39.142  -81.938  -12.946 0.0000000000
148970  40.043  -81.173  -12.894 0.0000000000
148971  40.230  -80.363  -12.805 0.0000000000
148972  40.360  -79.602  -12.800 0.0000000000
148973  40.479  -78.890  -12.866 0.0000000000
148974  39.051  -79.294  -12.583 0.0000000000
148975  39.806  -78.779  -12.852 0.0000000000
148976  40.585  -78.236  -13.079 0.0000000000
148977  40.759  -77.577  -13.336 0.0000000000
148978  40.922  -76.977  -13.623 0.0000000000
148979  41.057  -76.437  -13.946 0.0000000000
148983  38.304  -77.185  -13.300 0.0000000000
148989  35.524  -79.424  -11.805 0.0000000000
148990  35.777  -78.660  -11.862 0.0000000000
148991  35.955  -77.921  -12.046 0.0000000000
148992  34.948  -78.403  -11.472 0.0000000000
148993  35.514  -77.799  -11.878 0.0000000000
148994  36.071  -77.274  -12.337 0.0000000000
148995  36.154  -76.732  -12.670 0.0000000000
148996  36.244  -76.210  -12.993 0.0000000000
148997  36.363  -75.707  -13.277 0.0000000000
148998  36.103  -75.535  -13.019 0.0000000000
148999  35.772  -75.448  -12.857 0.0000000000
149000  35.480  -75.161  -12.611 0.0000000000
149001  34.780  -76.078  -11.962 0.0000000000
149002  34.981  -75.476  -12.230 0.0000000000
149003  35.232  -74.888  -12.368 0.0000000000
149004  34.913  -74.574  -12.122 0.0000000000
161682  22.358  -98.845  -5.983 0.0000000000
161707  20.782  -99.157  -6.241 0.0000000000
161708  21.703  -99.157  -6.525 0.0000000000
161709  22.542  -99.129  -6.665 0.0000000000
161710  22.664  -99.342  -7.200 0.0000000000
161711  22.801  -99.504  -7.909 0.0000000000
161712  22.969  -99.576  -8.570 0.0000000000
161713  21.489  -99.922  -8.931 0.0000000000
161714  22.273  -99.802  -9.072 0.0000000000
161715  23.156  -99.572  -9.206 0.0000000000
161716  23.298  -99.506  -9.867 0.0000000000
161717  23.408  -99.366  -10.557 0.0000000000
161718  23.522  -99.156  -11.252 0.0000000000
161719  18.839  -100.155  -10.160 0.0000000000
161720  19.625  -100.115  -10.692 0.0000000000
161721  20.461  -100.085  -11.047 0.0000000000
161722  19.884  -99.705  -11.900 0.0000000000
161723  20.607  -99.796  -11.676 0.0000000000
161724  21.279  -99.830  -11.377 0.0000000000
161725  22.101  -99.509  -11.478 0.0000000000
161726  22.864  -99.214  -11.698 0.0000000000
161727  23.641  -98.873  -11.909 0.0000000000
161728  23.770  -98.489  -12.440 0.0000000000
161729  23.899  -98.051  -12.887 0.0000000000
161730  24.030  -97.577  -13.242 0.0000000000
161731  22.531  -97.892  -13.515 0.0000000000
161732  23.376  -97.498  -13.446 0.0000000000
161733  24.264  -97.140  -13.452 0.0000000000
161734  24.471  -96.631  -13.584 0.0000000000
161735  24.655  -96.071  -13.643 0.0000000000
161736  24.813  -95.466  -13.602 0.0000000000
161763  17.052  -96.906  -7.228 0.0000000000
161788  16.615  -95.940  -7.590 0.0000000000
161789  16.776  -96.618  -7.822 0.0000000000
161790  16.779  -97.358  -8.089 0.0000000000
161791  16.601  -97.673  -8.789 0.0000000000
161792  16.573  -97.930  -9.573 0.0000000000
161793  16.724  -98.036  -10.373 0.0000000000
161794  16.198  -97.167  -10.508 0.0000000000
161795  16.595  -97.632  -10.824 0.0000000000
161796  17.049  -98.073  -11.241 0.0000000000
161797  17.354  -98.035  -11.941 0.0000000000
161798  17.810  -97.962  -12.543 0.0000000000
161799  18.350  -97.769  -12.980 0.0000000000
161800  16.000  -95.433  -11.200 0.0000000000
161801  16.417  -95.751  -11.572 0.0000000000
161802  16.752  -96.135  -12.032 0.0000000000
161803  17.817  -95.567  -11.927 0.0000000000
161804  17.501  -96.082  -12.256 0.0000000000
161805  17.271  -96.621  -12.423 0.0000000000
161806  17.850  -97.019  -12.769 0.0000000000
161807  18.400  -97.301  -13.063 0.0000000000
161808  18.959  -97.529  -13.283 0.0000000000
161809  19.689  -97.337  -13.366 0.0000000000
161810  20.495  -97.040  -13.337 0.0000000000
161811  21.419  -96.634  -13.326 0.0000000000
161812  20.975  -96.051  -12.726 0.0000000000
161813  21.646  -96.118  -12.995 0.0000000000
161814  22.325  -96.239  -13.266 0.0000000000
161815  23.205  -95.867  -13.210 0.0000000000
161816  24.113  -95.408  -13.269 0.0000000000
161817  25.034  -94.784  -13.390 0.0000000000
161818  25.267  -94.165  -13.086 0.0000000000
161819  25.517  -93.591  -12.692 0.0000000000
161820  25.699  -92.959  -12.300 0.0000000000
161821  24.419  -93.617  -11.476 0.0000000000
161822  25.218  -93.004  -11.659 0.0000000000
161823  25.815  -92.287  -11.927 0.0000000000
161824  25.893  -91.562  -11.573 0.0000000000
161825  25.956  -90.738  -11.191 0.0000000000
161826  25.945  -90.018  -10.904 0.0000000000
161827  22.405  -93.388  -9.423 0.0000000000
161828  23.290  -92.822  -9.377 0.0000000000
161829  24.038  -92.135  -9.423 0.0000000000
161830  23.827  -91.175  -8.500 0.0000000000
161831  24.254  -91.300  -9.036 0.0000000000
161832  24.708  -91.370  -9.601 0.0000000000
161833  25.249  -90.655  -9.896 0.0000000000
161834  25.614  -90.007  -10.282 0.0000000000
161835  25.963  -89.297  -10.682 0.0000000000
161836  26.070  -88.542  -10.516 0.0000000000
161837  26.282  -87.832  -10.564 0.0000000000
161838  26.540  -87.197  -10.659 0.0000000000
161839  25.640  -87.774  -9.583 0.0000000000
161840  26.188  -87.145  -10.205 0.0000000000
161841  26.839  -86.631  -10.783 0.0000000000
161842  27.250  -86.098  -10.928 0.0000000000
161843  27.592  -85.502  -11.091 0.0000000000
161844  27.921  -84.885  -11.245 0.0000000000
161846  18.840  -89.527  -6.380 0.0000000000
161847  19.751  -89.340  -6.249 0.0000000000
161849  20.041  -88.487  -6.130 0.0000000000
161850  20.680  -89.003  -6.179 0.0000000000
161851  21.559  -88.689  -6.178 0.0000000000
161852  22.395  -88.338  -6.332 0.0000000000
161853  23.138  -87.939  -6.676 0.0000000000
161856  21.919  -86.226  -6.586 0.0000000000
161857  23.161  -85.447  -7.443 0.0000000000
161858  22.754  -85.979  -6.913 0.0000000000
161859  22.425  -86.550  -6.521 0.0000000000
161860  22.896  -86.955  -6.544 0.0000000000
161861  23.391  -87.299  -6.775 0.0000000000
161862  23.808  -87.569  -7.115 0.0000000000
161863  24.392  -87.103  -7.687 0.0000000000
161864  24.888  -86.593  -8.407 0.0000000000
161865  25.505  -86.091  -9.102 0.0000000000
161866  25.401  -85.438  -9.035 0.0000000000
161867  25.675  -85.581  -9.360 0.0000000000
161868  26.058  -85.666  -9.762 0.0000000000
161869  26.678  -85.260  -10.446 0.0000000000
161870  27.457  -84.772  -10.928 0.0000000000
161871  28.354  -84.260  -11.353 0.0000000000
161872  28.784  -83.663  -11.464 0.0000000000
161873  29.297  -83.084  -11.467 0.0000000000
161874  29.921  -82.535  -11.310 0.0000000000
161875  28.547  -82.794  -10.955 0.0000000000
161876  29.625  -82.364  -10.978 0.0000000000
161877  30.642  -81.964  -10.839 0.0000000000
161878  31.232  -81.325  -10.416 0.0000000000
161879  31.735  -80.610  -10.045 0.0000000000
161880  32.196  -79.834  -9.780 0.0000000000
161881  27.474  -82.176  -9.625 0.0000000000
161882  28.412  -81.777  -9.588 0.0000000000
161883  29.353  -81.429  -9.504 0.0000000000
161884  29.704  -80.637  -8.800 0.0000000000
161885  29.993  -80.794  -9.102 0.0000000000
161886  30.270  -81.006  -9.390 0.0000000000
161887  31.150  -80.387  -9.383 0.0000000000
161888  31.948  -79.685  -9.483 0.0000000000
161889  32.617  -78.951  -9.720 0.0000000000
161890  32.963  -78.083  -9.812 0.0000000000
161891  33.220  -77.224  -10.090 0.0000000000
161892  33.332  -76.593  -10.438 0.0000000000
161893  32.649  -77.058  -9.494 0.0000000000
161894  33.060  -76.459  -10.110 0.0000000000
161895  33.426  -75.946  -10.831 0.0000000000
161896  33.517  -75.306  -11.228 0.0000000000
162116  26.415  -80.336  -7.879 0.0000000000
162117  27.392  -79.966  -7.800 0.0000000000
162118  27.754  -78.866  -7.549 0.0000000000
162119  28.060  -79.192  -7.652 0.0000000000
162120  28.345  -79.580  -7.749 0.0000000000
162121  29.067  -79.049  -7.829 0.0000000000
162122  29.801  -78.476  -7.883 0.0000000000
162123  30.434  -77.834  -8.207 0.0000000000
162124  29.796  -75.900  -8.654 0.0000000000
162125  29.982  -76.097  -8.695 0.0000000000
162126  30.231  -76.314  -8.774 0.0000000000
162128  30.631  -75.702  -9.393 0.0000000000
162129  30.466  -76.507  -8.796 0.0000000000
162130  30.569  -76.767  -8.761 0.0000000000
162131  30.767  -76.962  -8.651 0.0000000000
162132  31.067  -77.133  -8.561 0.0000000000
162133  31.500  -76.494  -9.104 0.0000000000
162134  31.878  -75.900  -9.693 0.0000000000
162135  32.312  -75.479  -10.311 0.0000000000
162136  32.124  -74.582  -11.104 0.0000000000
162137  32.395  -74.793  -10.986 0.0000000000
162138  32.690  -75.008  -10.947 0.0000000000
162139  33.071  -74.465  -11.421 0.0000000000
162709  43.673  -74.505  -7.666 0.0000000000
162710  43.429  -73.717  -7.379 0.0000000000
162711  43.112  -72.940  -7.050 0.0000000000
162712  43.645  -72.156  -7.491 0.0000000000
162713  43.244  -72.112  -7.087 0.0000000000
162714  42.922  -72.030  -6.663 0.0000000000
162715  42.838  -71.059  -6.391 0.0000000000
162716  42.709  -70.173  -6.121 0.0000000000
162717  42.579  -69.285  -5.835 0.0000000000
162718  44.733  -68.760  -7.679 0.0000000000
162719  44.391  -68.717  -7.329 0.0000000000
162720  44.060  -68.680  -6.985 0.0000000000
162723  43.728  -68.617  -6.647 0.0000000000
162724  43.404  -68.615  -6.260 0.0000000000
162725  42.966  -68.509  -5.934 0.0000000000
162726  42.489  -68.412  -5.569 0.0000000000
162727  42.466  -67.492  -5.339 0.0000000000
162728  42.528  -66.582  -5.119 0.0000000000
