#!ascii label  , from subject fsaverage vox2ras=TkReg
1652
132  4.716  -74.076  21.017 0.0000000000
284  8.522  -85.363  35.303 0.0000000000
285  6.409  -83.175  22.205 0.0000000000
286  9.750  -79.178  28.344 0.0000000000
289  13.410  -56.283  20.540 0.0000000000
552  6.206  -93.038  13.662 0.0000000000
764  12.739  -84.141  36.899 0.0000000000
765  6.824  -81.812  33.487 0.0000000000
766  13.670  -81.182  32.136 0.0000000000
1215  10.107  -95.070  13.953 0.0000000000
1216  10.276  -88.647  14.456 0.0000000000
1217  3.974  -79.132  22.635 0.0000000000
1218  7.182  -83.614  16.475 0.0000000000
1219  6.345  -78.408  16.737 0.0000000000
1664  8.938  -87.677  27.970 0.0000000000
1665  8.615  -85.892  21.058 0.0000000000
1666  6.260  -84.304  28.480 0.0000000000
1667  5.026  -79.797  28.212 0.0000000000
1668  6.927  -76.200  25.372 0.0000000000
1669  10.150  -64.278  26.656 0.0000000000
1670  17.910  -60.585  27.479 0.0000000000
1671  14.463  -60.618  24.828 0.0000000000
1672  18.243  -57.298  22.897 0.0000000000
1690  13.157  -86.955  30.597 0.0000000000
2295  5.730  -88.169  16.326 0.0000000000
2303  11.622  -73.213  21.282 0.0000000000
2685  12.803  -82.458  34.758 0.0000000000
2686  16.408  -81.705  33.825 0.0000000000
3137  4.334  -76.358  22.019 0.0000000000
3138  5.523  -78.692  19.880 0.0000000000
3139  5.276  -75.827  19.193 0.0000000000
3140  4.255  -75.850  16.347 0.0000000000
3734  8.307  -86.255  31.828 0.0000000000
3735  7.165  -86.588  28.186 0.0000000000
3736  6.510  -85.185  32.173 0.0000000000
3737  8.021  -80.187  31.015 0.0000000000
3738  5.618  -80.486  30.863 0.0000000000
3739  6.865  -78.870  29.132 0.0000000000
3740  5.424  -77.809  27.320 0.0000000000
3741  8.414  -77.855  26.771 0.0000000000
3742  7.688  -63.505  25.520 0.0000000000
3743  12.253  -62.436  25.701 0.0000000000
3744  9.703  -61.891  24.941 0.0000000000
3746  13.540  -58.023  23.398 0.0000000000
3747  15.723  -56.451  22.177 0.0000000000
3749  17.391  -55.652  20.606 0.0000000000
3750  18.247  -55.249  18.830 0.0000000000
3751  14.757  -55.397  19.301 0.0000000000
3775  11.397  -86.339  36.178 0.0000000000
3776  13.332  -87.226  33.567 0.0000000000
3777  10.717  -86.407  33.258 0.0000000000
3778  10.513  -86.434  29.975 0.0000000000
5087  8.001  -94.245  14.276 0.0000000000
5088  8.907  -97.103  13.055 0.0000000000
5089  7.639  -95.578  12.369 0.0000000000
5092  7.231  -84.539  21.274 0.0000000000
5093  6.932  -86.890  18.494 0.0000000000
5094  5.273  -85.829  19.508 0.0000000000
5095  6.625  -83.600  12.696 0.0000000000
5096  6.453  -86.390  12.813 0.0000000000
5113  12.576  -75.795  21.701 0.0000000000
5114  15.005  -74.554  19.716 0.0000000000
5984  10.084  -84.755  37.136 0.0000000000
5985  6.956  -83.777  35.124 0.0000000000
5986  9.285  -82.940  35.872 0.0000000000
5987  9.883  -81.695  33.234 0.0000000000
5988  11.415  -80.630  30.341 0.0000000000
6010  13.148  -86.031  37.750 0.0000000000
6796  12.118  -92.885  13.573 0.0000000000
6797  9.996  -92.036  13.970 0.0000000000
6798  8.262  -91.067  14.137 0.0000000000
6799  4.978  -81.350  22.718 0.0000000000
6800  5.577  -83.650  19.684 0.0000000000
6801  5.456  -81.062  19.750 0.0000000000
6802  7.009  -80.919  16.714 0.0000000000
7724  10.072  -88.923  24.565 0.0000000000
7725  10.007  -87.729  21.112 0.0000000000
7726  8.588  -87.281  24.512 0.0000000000
7727  7.804  -85.112  24.977 0.0000000000
7728  7.163  -83.077  25.408 0.0000000000
7729  5.590  -82.924  31.755 0.0000000000
7730  5.886  -81.922  28.687 0.0000000000
7731  5.935  -81.134  25.441 0.0000000000
7732  4.207  -79.413  25.642 0.0000000000
7733  4.276  -76.781  24.922 0.0000000000
7734  5.715  -74.975  23.204 0.0000000000
7735  11.828  -63.704  28.237 0.0000000000
7737  13.767  -62.073  27.019 0.0000000000
7738  16.179  -60.457  25.965 0.0000000000
7739  18.454  -59.261  24.811 0.0000000000
7740  11.573  -59.933  24.378 0.0000000000
7741  16.219  -58.677  23.940 0.0000000000
7786  11.140  -87.386  26.312 0.0000000000
8344  8.390  -65.357  27.618 0.0000000000
9441  9.232  -87.033  17.756 0.0000000000
9442  7.959  -88.372  15.561 0.0000000000
9443  6.699  -90.218  14.112 0.0000000000
9444  5.717  -86.051  16.328 0.0000000000
9445  5.789  -88.388  13.737 0.0000000000
9464  11.877  -78.526  25.574 0.0000000000
9465  10.306  -76.999  24.083 0.0000000000
9466  9.138  -74.904  22.956 0.0000000000
9474  14.191  -71.775  19.685 0.0000000000
10365  16.163  -82.449  34.914 0.0000000000
10817  4.640  -75.113  21.522 0.0000000000
10818  4.893  -76.204  20.702 0.0000000000
10819  4.607  -74.840  20.235 0.0000000000
10820  4.395  -74.504  18.869 0.0000000000
10821  4.257  -73.580  19.987 0.0000000000
11414  8.303  -85.742  33.773 0.0000000000
11415  7.355  -85.878  32.073 0.0000000000
11416  7.196  -85.269  34.019 0.0000000000
11417  8.886  -79.605  29.649 0.0000000000
11418  7.457  -79.468  30.066 0.0000000000
11419  8.317  -78.963  28.764 0.0000000000
11420  7.725  -78.351  27.927 0.0000000000
11421  9.131  -78.525  27.472 0.0000000000
11422  6.401  -63.042  24.647 0.0000000000
11423  8.732  -62.745  25.212 0.0000000000
11424  7.391  -62.447  24.318 0.0000000000
11425  12.426  -56.877  21.152 0.0000000000
11426  13.424  -56.837  22.208 0.0000000000
11427  14.628  -56.236  21.536 0.0000000000
11428  16.649  -55.985  21.466 0.0000000000
11429  15.382  -55.799  20.824 0.0000000000
11430  16.032  -55.406  20.084 0.0000000000
11431  14.084  -55.841  19.939 0.0000000000
11455  9.992  -85.771  35.848 0.0000000000
11456  10.952  -86.370  34.839 0.0000000000
11457  9.586  -85.947  34.405 0.0000000000
11458  9.443  -86.168  32.741 0.0000000000
12767  6.968  -93.706  14.085 0.0000000000
12768  7.391  -95.067  13.615 0.0000000000
12769  6.599  -94.321  12.993 0.0000000000
12771  5.910  -93.388  12.401 0.0000000000
12772  6.669  -83.895  21.699 0.0000000000
12773  6.117  -85.308  20.217 0.0000000000
12774  5.821  -84.534  20.747 0.0000000000
13814  11.264  -84.524  37.292 0.0000000000
13815  9.549  -83.844  36.690 0.0000000000
13816  10.980  -83.563  36.533 0.0000000000
13817  13.169  -81.773  33.479 0.0000000000
13818  11.231  -82.019  34.057 0.0000000000
13819  11.715  -81.564  32.664 0.0000000000
13820  10.598  -81.125  31.682 0.0000000000
13821  12.428  -81.073  31.298 0.0000000000
13855  14.488  -84.664  37.537 0.0000000000
13856  14.554  -85.537  38.050 0.0000000000
13857  12.866  -85.124  37.644 0.0000000000
13858  11.578  -85.470  37.518 0.0000000000
15167  11.409  -89.005  14.255 0.0000000000
15168  11.321  -90.845  13.683 0.0000000000
15169  10.270  -90.361  13.776 0.0000000000
15170  9.057  -91.528  14.176 0.0000000000
15171  9.284  -89.880  13.995 0.0000000000
15172  4.360  -80.311  22.760 0.0000000000
15173  4.920  -81.306  21.197 0.0000000000
15174  4.636  -80.173  21.200 0.0000000000
15175  6.329  -78.481  18.439 0.0000000000
15176  6.304  -79.737  18.470 0.0000000000
15177  6.731  -79.738  16.787 0.0000000000
15178  6.684  -81.146  14.977 0.0000000000
15179  6.149  -80.000  15.093 0.0000000000
16964  9.469  -88.384  26.236 0.0000000000
16965  9.113  -88.267  24.366 0.0000000000
16966  8.527  -87.850  26.265 0.0000000000
16967  6.609  -85.457  28.319 0.0000000000
16968  7.313  -85.876  26.492 0.0000000000
16969  6.961  -84.781  26.720 0.0000000000
16970  7.481  -84.025  25.227 0.0000000000
16971  6.720  -83.704  27.032 0.0000000000
16972  6.716  -82.831  34.400 0.0000000000
16973  6.017  -83.434  33.490 0.0000000000
16974  5.889  -82.213  32.940 0.0000000000
16975  5.266  -80.019  29.609 0.0000000000
16976  5.378  -81.195  29.882 0.0000000000
16977  5.473  -80.840  28.393 0.0000000000
16978  6.166  -81.416  26.976 0.0000000000
16979  5.376  -80.486  26.853 0.0000000000
16980  4.917  -80.331  25.588 0.0000000000
16981  4.660  -79.574  26.964 0.0000000000
16982  6.140  -76.911  26.354 0.0000000000
16983  4.831  -77.245  26.233 0.0000000000
16984  5.476  -76.197  25.377 0.0000000000
16985  4.891  -75.684  24.152 0.0000000000
16986  6.289  -75.455  24.368 0.0000000000
16987  11.189  -64.171  27.353 0.0000000000
16988  12.800  -62.878  27.597 0.0000000000
16989  12.152  -63.218  26.837 0.0000000000
16990  13.370  -61.568  25.275 0.0000000000
16991  14.326  -61.436  25.835 0.0000000000
16992  15.441  -60.602  25.305 0.0000000000
16993  17.395  -59.790  25.405 0.0000000000
16994  16.459  -59.756  24.823 0.0000000000
16996  9.257  -60.659  23.832 0.0000000000
16997  10.162  -59.617  23.593 0.0000000000
16998  15.846  -57.576  23.131 0.0000000000
16999  14.829  -58.445  23.627 0.0000000000
17000  17.271  -57.868  23.473 0.0000000000
17001  18.465  -58.282  23.869 0.0000000000
17002  19.579  -57.771  23.191 0.0000000000
17012  16.921  -54.957  18.332 0.0000000000
17087  15.680  -87.169  35.213 0.0000000000
17088  13.139  -87.234  32.041 0.0000000000
17089  14.516  -87.355  32.258 0.0000000000
17094  13.161  -86.439  29.297 0.0000000000
17095  9.591  -86.971  28.991 0.0000000000
17096  10.664  -86.649  28.004 0.0000000000
17097  10.077  -87.716  27.302 0.0000000000
17098  10.720  -88.541  25.767 0.0000000000
18360  9.363  -65.427  28.345 0.0000000000
18361  7.482  -65.734  28.055 0.0000000000
21025  9.057  -97.619  11.896 0.0000000000
21026  9.581  -98.262  12.248 0.0000000000
21037  9.309  -86.701  21.100 0.0000000000
21038  9.853  -87.132  19.362 0.0000000000
21039  8.755  -86.526  19.398 0.0000000000
21040  6.261  -87.715  17.642 0.0000000000
21041  7.432  -87.721  17.095 0.0000000000
21042  6.761  -88.489  16.126 0.0000000000
21043  7.363  -89.359  14.753 0.0000000000
21044  6.465  -89.019  15.073 0.0000000000
21045  6.332  -83.548  18.259 0.0000000000
21046  5.587  -84.857  18.037 0.0000000000
21047  6.504  -84.953  16.361 0.0000000000
21050  5.705  -88.603  12.298 0.0000000000
21051  5.709  -89.697  12.629 0.0000000000
21088  14.674  -80.039  28.699 0.0000000000
21097  12.950  -78.301  24.195 0.0000000000
21098  11.048  -77.791  24.730 0.0000000000
21099  12.076  -77.492  23.349 0.0000000000
21100  12.079  -74.322  21.550 0.0000000000
21101  10.904  -75.106  22.367 0.0000000000
21102  10.411  -74.132  22.033 0.0000000000
21103  8.551  -74.166  22.272 0.0000000000
21105  16.451  -60.940  28.182 0.0000000000
21121  15.942  -72.609  18.604 0.0000000000
21122  15.504  -71.324  18.590 0.0000000000
23264  14.552  -83.808  36.432 0.0000000000
23265  12.735  -83.291  35.914 0.0000000000
23266  14.459  -82.965  35.340 0.0000000000
23267  14.633  -82.097  34.189 0.0000000000
23268  15.111  -81.351  32.962 0.0000000000
24077  12.092  -88.239  15.821 0.0000000000
24078  11.030  -87.672  15.844 0.0000000000
24079  4.058  -77.781  22.405 0.0000000000
24080  4.613  -78.919  21.116 0.0000000000
24081  4.729  -77.549  21.067 0.0000000000
24082  5.664  -77.297  19.665 0.0000000000
24083  6.018  -76.972  18.032 0.0000000000
24084  5.427  -77.055  16.570 0.0000000000
24085  5.022  -75.608  17.727 0.0000000000
24086  3.953  -74.373  17.509 0.0000000000
25154  8.479  -86.944  29.821 0.0000000000
25155  7.971  -87.289  28.127 0.0000000000
25156  7.610  -86.607  30.018 0.0000000000
25157  6.812  -85.890  30.105 0.0000000000
25158  6.174  -84.855  30.278 0.0000000000
25159  7.249  -80.933  32.353 0.0000000000
25160  6.125  -81.067  32.210 0.0000000000
25161  6.645  -80.164  31.235 0.0000000000
25162  6.037  -79.531  30.200 0.0000000000
25163  5.573  -79.082  29.091 0.0000000000
25164  5.038  -78.805  27.959 0.0000000000
25165  6.238  -78.333  28.241 0.0000000000
25166  6.908  -77.633  27.188 0.0000000000
25167  7.602  -76.944  26.065 0.0000000000
25168  8.925  -63.893  26.201 0.0000000000
25169  11.234  -63.315  26.135 0.0000000000
25170  9.965  -63.093  25.802 0.0000000000
25171  11.002  -62.199  25.449 0.0000000000
25172  12.106  -61.283  25.086 0.0000000000
25174  11.174  -58.632  23.273 0.0000000000
25175  12.281  -57.681  22.758 0.0000000000
25176  14.674  -57.103  22.811 0.0000000000
25177  16.919  -56.864  22.609 0.0000000000
25178  19.183  -56.884  22.189 0.0000000000
25179  17.882  -56.374  21.878 0.0000000000
25183  17.835  -55.367  19.750 0.0000000000
25184  16.517  -55.111  19.235 0.0000000000
25227  12.856  -86.871  36.291 0.0000000000
25228  13.866  -87.180  35.073 0.0000000000
25229  12.332  -86.889  34.913 0.0000000000
25230  12.003  -86.909  33.418 0.0000000000
25231  11.830  -86.802  31.929 0.0000000000
25232  11.809  -86.529  30.466 0.0000000000
25233  10.599  -86.425  31.695 0.0000000000
25234  9.402  -86.463  30.885 0.0000000000
27589  9.091  -94.772  14.272 0.0000000000
27590  9.378  -96.163  13.812 0.0000000000
27591  8.336  -95.788  13.782 0.0000000000
27592  8.237  -96.397  12.875 0.0000000000
27593  8.897  -96.720  11.557 0.0000000000
27595  8.488  -95.511  11.166 0.0000000000
27598  7.920  -85.165  21.021 0.0000000000
27599  7.773  -86.070  19.440 0.0000000000
27600  6.917  -85.758  19.744 0.0000000000
27601  5.956  -86.580  19.056 0.0000000000
27602  5.288  -87.150  17.894 0.0000000000
27603  7.373  -83.580  14.451 0.0000000000
27604  7.163  -85.063  14.298 0.0000000000
27605  6.720  -85.141  12.447 0.0000000000
29324  9.174  -84.974  36.456 0.0000000000
29325  7.583  -84.620  35.426 0.0000000000
29326  8.391  -84.198  36.326 0.0000000000
29327  7.963  -83.254  35.801 0.0000000000
29328  7.863  -82.391  34.767 0.0000000000
29329  10.948  -82.688  35.385 0.0000000000
29330  9.369  -82.222  34.676 0.0000000000
29331  8.167  -81.663  33.539 0.0000000000
29332  8.793  -80.972  32.102 0.0000000000
29333  9.668  -80.355  30.630 0.0000000000
29334  10.521  -79.906  29.244 0.0000000000
29385  12.110  -86.286  37.184 0.0000000000
29386  10.630  -85.601  36.880 0.0000000000
31218  11.033  -94.057  13.822 0.0000000000
31220  11.013  -92.518  13.801 0.0000000000
31221  9.973  -93.602  14.177 0.0000000000
31222  8.976  -93.200  14.315 0.0000000000
31223  7.981  -92.734  14.415 0.0000000000
31224  7.163  -92.220  14.277 0.0000000000
31225  5.810  -82.310  22.435 0.0000000000
31226  5.742  -83.609  21.020 0.0000000000
31227  5.488  -82.450  21.172 0.0000000000
31228  5.652  -82.339  19.686 0.0000000000
31229  6.497  -82.224  18.317 0.0000000000
31230  5.438  -79.921  19.825 0.0000000000
31231  6.385  -80.889  18.398 0.0000000000
31232  7.247  -82.179  16.656 0.0000000000
31233  7.161  -82.301  14.764 0.0000000000
33586  9.894  -88.487  22.711 0.0000000000
33587  9.335  -87.468  22.727 0.0000000000
33588  8.838  -86.394  22.872 0.0000000000
33589  7.769  -86.967  26.342 0.0000000000
33590  8.115  -86.190  24.788 0.0000000000
33591  8.421  -85.419  23.110 0.0000000000
33592  7.958  -84.461  23.118 0.0000000000
33593  7.406  -83.666  23.369 0.0000000000
33594  7.025  -82.815  23.599 0.0000000000
33595  6.438  -84.491  33.925 0.0000000000
33596  5.934  -84.132  32.142 0.0000000000
33597  5.826  -83.663  30.234 0.0000000000
33598  5.494  -81.629  31.415 0.0000000000
33599  5.575  -82.409  30.185 0.0000000000
33600  6.140  -83.132  28.648 0.0000000000
33601  6.599  -82.590  27.142 0.0000000000
33602  6.830  -82.021  25.459 0.0000000000
33603  6.374  -81.991  23.801 0.0000000000
33604  5.401  -81.221  24.052 0.0000000000
33605  4.561  -80.378  24.213 0.0000000000
33606  3.963  -79.260  24.208 0.0000000000
33607  4.465  -78.424  26.724 0.0000000000
33608  3.997  -78.167  25.466 0.0000000000
33609  3.823  -77.872  23.964 0.0000000000
33610  4.057  -76.498  23.485 0.0000000000
33611  4.672  -75.384  22.783 0.0000000000
33612  5.333  -74.521  21.992 0.0000000000
33615  13.478  -62.513  28.416 0.0000000000
33616  14.423  -61.765  27.778 0.0000000000
33617  15.599  -61.025  27.279 0.0000000000
33618  13.209  -62.315  26.295 0.0000000000
33619  14.912  -61.213  26.522 0.0000000000
33620  16.942  -60.415  26.732 0.0000000000
33621  18.201  -59.994  26.077 0.0000000000
33622  19.391  -59.607  25.419 0.0000000000
33624  8.342  -61.660  24.027 0.0000000000
33625  10.592  -60.954  24.709 0.0000000000
33626  13.088  -60.353  24.636 0.0000000000
33627  12.597  -58.978  23.974 0.0000000000
33628  14.015  -59.414  24.130 0.0000000000
33629  15.350  -59.625  24.377 0.0000000000
33630  17.468  -58.956  24.375 0.0000000000
33631  19.542  -58.810  24.225 0.0000000000
33741  14.847  -87.224  33.795 0.0000000000
33750  11.779  -86.156  28.933 0.0000000000
33751  11.824  -86.213  27.027 0.0000000000
33753  11.881  -88.217  24.783 0.0000000000
35321  10.344  -64.819  27.820 0.0000000000
35322  9.236  -64.879  27.181 0.0000000000
35324  7.165  -64.795  27.060 0.0000000000
35325  8.056  -64.397  26.602 0.0000000000
35326  6.920  -63.794  25.929 0.0000000000
38544  9.768  -97.541  13.190 0.0000000000
38561  9.821  -87.501  16.087 0.0000000000
38562  8.033  -86.929  18.068 0.0000000000
38563  8.619  -87.604  16.524 0.0000000000
38564  9.124  -88.397  14.886 0.0000000000
38565  8.350  -89.448  14.260 0.0000000000
38566  7.458  -90.734  14.252 0.0000000000
38567  6.473  -91.715  14.089 0.0000000000
38568  5.247  -84.843  19.611 0.0000000000
38569  5.074  -85.994  17.970 0.0000000000
38570  5.297  -87.196  16.277 0.0000000000
38571  6.475  -86.229  14.625 0.0000000000
38572  5.855  -87.218  14.839 0.0000000000
38573  5.816  -88.238  14.999 0.0000000000
38574  6.180  -89.313  13.951 0.0000000000
38575  5.854  -90.834  13.354 0.0000000000
38576  5.582  -92.178  13.088 0.0000000000
38614  17.287  -80.809  32.628 0.0000000000
38615  15.958  -80.564  31.662 0.0000000000
38618  14.638  -80.549  30.765 0.0000000000
38619  13.565  -80.557  29.961 0.0000000000
38620  12.481  -80.262  28.936 0.0000000000
38621  11.587  -79.585  27.837 0.0000000000
38630  10.819  -78.801  26.988 0.0000000000
38631  10.074  -78.124  26.169 0.0000000000
38632  9.345  -77.402  25.457 0.0000000000
38633  8.566  -76.482  24.818 0.0000000000
38634  11.409  -76.430  22.719 0.0000000000
38635  9.671  -75.913  23.437 0.0000000000
38636  8.049  -75.525  24.119 0.0000000000
38637  7.447  -74.853  23.289 0.0000000000
38638  6.782  -74.269  22.275 0.0000000000
38639  5.915  -73.576  21.247 0.0000000000
38659  14.598  -73.077  19.618 0.0000000000
38660  12.826  -72.404  20.468 0.0000000000
38661  13.571  -70.817  19.053 0.0000000000
38663  10.826  -72.456  20.422 0.0000000000
41537  4.739  -74.593  21.278 0.0000000000
41538  4.653  -74.999  20.904 0.0000000000
41539  4.570  -74.420  20.686 0.0000000000
41540  4.415  -74.230  20.098 0.0000000000
41541  4.483  -73.830  20.504 0.0000000000
42134  8.351  -85.566  34.592 0.0000000000
42135  7.730  -85.530  33.943 0.0000000000
42136  7.802  -85.300  34.684 0.0000000000
42137  9.328  -79.364  28.978 0.0000000000
42138  8.610  -79.244  29.182 0.0000000000
42139  9.038  -79.047  28.530 0.0000000000
42140  8.740  -78.750  28.125 0.0000000000
42141  9.444  -78.848  27.896 0.0000000000
42143  6.937  -62.783  24.478 0.0000000000
42144  6.291  -62.587  23.922 0.0000000000
42146  13.535  -56.502  21.396 0.0000000000
42147  13.996  -56.238  21.080 0.0000000000
42148  15.033  -56.017  21.180 0.0000000000
42149  14.404  -56.003  20.737 0.0000000000
42150  14.730  -55.806  20.403 0.0000000000
42151  13.742  -56.049  20.295 0.0000000000
42175  9.231  -85.505  35.651 0.0000000000
42176  9.758  -85.833  35.180 0.0000000000
42177  9.040  -85.670  34.898 0.0000000000
42178  8.905  -85.812  34.130 0.0000000000
43487  6.522  -93.339  13.879 0.0000000000
43488  6.675  -94.029  13.611 0.0000000000
43489  6.260  -93.699  13.316 0.0000000000
43490  6.239  -93.858  12.706 0.0000000000
43491  5.923  -93.321  13.069 0.0000000000
43492  6.509  -83.550  21.953 0.0000000000
43493  6.234  -84.245  21.195 0.0000000000
43494  6.141  -83.872  21.427 0.0000000000
44534  11.933  -84.319  37.128 0.0000000000
44535  11.088  -84.045  36.968 0.0000000000
44536  11.854  -83.871  36.714 0.0000000000
44537  13.416  -81.464  32.820 0.0000000000
44538  12.446  -81.666  33.100 0.0000000000
44539  12.709  -81.402  32.382 0.0000000000
44540  12.036  -81.351  31.954 0.0000000000
44541  13.018  -81.161  31.715 0.0000000000
44575  13.621  -84.452  37.210 0.0000000000
44576  13.668  -84.923  37.636 0.0000000000
44577  12.778  -84.619  37.333 0.0000000000
44578  12.050  -84.816  37.467 0.0000000000
45887  10.881  -88.837  14.263 0.0000000000
45888  10.887  -89.717  13.906 0.0000000000
45889  10.334  -89.502  13.946 0.0000000000
45890  9.768  -90.114  13.884 0.0000000000
45891  9.803  -89.233  14.020 0.0000000000
45892  4.130  -79.744  22.711 0.0000000000
45893  4.429  -80.274  21.974 0.0000000000
45894  4.306  -79.690  21.909 0.0000000000
45895  6.483  -78.432  17.576 0.0000000000
45896  6.614  -79.098  17.699 0.0000000000
45897  6.587  -79.104  16.786 0.0000000000
45898  6.565  -79.866  15.903 0.0000000000
47684  9.190  -88.099  27.096 0.0000000000
47685  8.962  -88.204  26.228 0.0000000000
47686  8.690  -87.931  27.146 0.0000000000
47687  6.416  -84.874  28.398 0.0000000000
47688  6.709  -85.107  27.457 0.0000000000
47689  6.542  -84.580  27.550 0.0000000000
47690  6.840  -84.227  26.885 0.0000000000
47691  6.465  -84.015  27.711 0.0000000000
47692  6.723  -82.324  33.966 0.0000000000
47693  6.172  -82.574  33.716 0.0000000000
47694  6.273  -81.979  33.273 0.0000000000
47695  5.183  -79.906  28.911 0.0000000000
47696  5.257  -80.428  29.047 0.0000000000
47697  5.230  -80.303  28.287 0.0000000000
47698  5.477  -80.594  27.538 0.0000000000
47699  5.146  -80.148  27.497 0.0000000000
47700  4.962  -80.051  26.882 0.0000000000
47701  4.875  -79.713  27.512 0.0000000000
47702  6.520  -76.530  25.863 0.0000000000
47703  5.817  -76.542  25.892 0.0000000000
47704  6.187  -76.152  25.383 0.0000000000
47705  5.820  -75.809  24.867 0.0000000000
47706  6.597  -75.790  24.859 0.0000000000
47707  10.716  -64.284  26.990 0.0000000000
47708  11.684  -63.689  27.094 0.0000000000
47709  11.197  -63.802  26.743 0.0000000000
47710  13.936  -61.138  25.040 0.0000000000
47711  14.441  -61.140  25.275 0.0000000000
47712  15.006  -60.640  25.034 0.0000000000
47713  15.959  -60.174  25.064 0.0000000000
47714  15.493  -60.173  24.809 0.0000000000
47717  9.490  -59.578  23.041 0.0000000000
47718  17.072  -57.387  23.041 0.0000000000
47719  16.548  -57.751  23.310 0.0000000000
47720  17.752  -57.555  23.199 0.0000000000
47721  18.451  -57.721  23.370 0.0000000000
47722  18.954  -57.500  23.043 0.0000000000
47723  20.086  -57.601  22.824 0.0000000000
47724  19.402  -57.328  22.703 0.0000000000
47733  17.105  -54.905  17.849 0.0000000000
47734  16.413  -54.775  17.590 0.0000000000
47807  15.159  -87.189  35.815 0.0000000000
47808  13.115  -87.183  31.287 0.0000000000
47809  13.788  -87.302  31.393 0.0000000000
47810  13.811  -87.216  30.622 0.0000000000
47815  9.259  -87.371  28.497 0.0000000000
47816  9.818  -87.366  28.132 0.0000000000
47817  9.506  -87.763  27.649 0.0000000000
47818  9.779  -88.185  26.876 0.0000000000
49080  7.954  -65.960  28.367 0.0000000000
51757  8.965  -86.257  21.086 0.0000000000
51758  9.091  -86.537  20.215 0.0000000000
51759  8.670  -86.182  20.169 0.0000000000
51760  5.954  -87.992  16.998 0.0000000000
51761  6.541  -88.112  16.878 0.0000000000
51762  6.252  -88.423  16.269 0.0000000000
51763  6.597  -88.782  15.585 0.0000000000
51764  6.125  -88.585  15.664 0.0000000000
51765  6.760  -83.589  17.402 0.0000000000
51766  6.470  -84.244  17.377 0.0000000000
51767  6.902  -84.313  16.453 0.0000000000
51818  12.505  -77.923  23.755 0.0000000000
51819  12.984  -77.711  23.136 0.0000000000
51820  11.895  -73.722  21.450 0.0000000000
51821  11.289  -74.174  21.817 0.0000000000
51822  11.042  -73.672  21.653 0.0000000000
51823  10.050  -73.743  21.754 0.0000000000
51824  10.619  -73.290  21.355 0.0000000000
51825  17.175  -60.674  27.859 0.0000000000
51826  17.721  -60.811  28.335 0.0000000000
54134  15.364  -83.522  36.218 0.0000000000
54135  14.463  -83.373  35.881 0.0000000000
54136  15.305  -83.091  35.605 0.0000000000
54137  16.198  -82.105  34.395 0.0000000000
54138  15.366  -82.319  34.537 0.0000000000
54139  15.500  -81.918  33.983 0.0000000000
54140  14.863  -81.720  33.572 0.0000000000
54141  15.772  -81.523  33.369 0.0000000000
54178  15.309  -83.958  36.880 0.0000000000
55490  11.569  -87.929  15.798 0.0000000000
55492  4.173  -77.076  22.234 0.0000000000
55493  4.335  -77.725  21.690 0.0000000000
55494  4.462  -76.969  21.536 0.0000000000
55495  5.167  -76.021  19.941 0.0000000000
55496  5.248  -76.743  20.189 0.0000000000
55497  5.544  -76.540  19.426 0.0000000000
55498  5.930  -77.075  18.902 0.0000000000
55499  5.692  -76.340  18.674 0.0000000000
55500  5.577  -76.260  17.865 0.0000000000
55501  5.227  -75.652  18.494 0.0000000000
55502  4.049  -73.826  18.835 0.0000000000
55503  4.209  -74.376  18.217 0.0000000000
55504  3.820  -73.714  18.122 0.0000000000
55505  3.601  -73.634  17.315 0.0000000000
57284  8.396  -86.586  30.800 0.0000000000
57285  8.042  -86.811  29.941 0.0000000000
57286  7.919  -86.460  30.924 0.0000000000
57287  6.892  -85.553  32.191 0.0000000000
57288  7.022  -85.903  31.073 0.0000000000
57289  6.643  -85.501  31.120 0.0000000000
57290  6.463  -85.397  30.208 0.0000000000
57291  6.307  -85.072  31.163 0.0000000000
57292  7.556  -80.534  31.693 0.0000000000
57293  6.887  -80.527  31.780 0.0000000000
57294  7.299  -80.166  31.170 0.0000000000
57295  7.188  -79.166  29.624 0.0000000000
57296  6.758  -79.463  30.190 0.0000000000
57297  6.460  -79.176  29.691 0.0000000000
57298  5.816  -79.302  29.627 0.0000000000
57299  6.176  -78.915  29.193 0.0000000000
57300  5.895  -78.699  28.696 0.0000000000
57301  6.581  -78.596  28.679 0.0000000000
57302  8.095  -78.132  27.365 0.0000000000
57303  7.345  -77.999  27.563 0.0000000000
57304  7.739  -77.712  27.020 0.0000000000
57305  7.244  -77.277  26.633 0.0000000000
57306  7.975  -77.395  26.429 0.0000000000
57307  8.296  -63.709  25.893 0.0000000000
57308  9.517  -63.498  25.994 0.0000000000
57309  8.813  -63.351  25.692 0.0000000000
57310  9.211  -62.312  25.076 0.0000000000
57311  9.830  -62.462  25.361 0.0000000000
57312  10.348  -62.049  25.231 0.0000000000
57313  11.554  -61.763  25.275 0.0000000000
57314  10.872  -61.580  25.104 0.0000000000
57318  14.621  -56.590  22.226 0.0000000000
57320  15.180  -56.763  22.514 0.0000000000
57321  15.750  -56.968  22.736 0.0000000000
57322  16.293  -56.656  22.416 0.0000000000
57323  17.407  -56.592  22.274 0.0000000000
57324  16.818  -56.368  22.074 0.0000000000
57325  17.059  -55.834  21.049 0.0000000000
57326  17.662  -56.017  21.279 0.0000000000
57327  18.028  -55.881  20.819 0.0000000000
57329  18.263  -55.691  20.322 0.0000000000
57331  17.614  -55.490  20.177 0.0000000000
57332  15.390  -55.367  19.716 0.0000000000
57333  16.266  -55.219  19.679 0.0000000000
57334  15.642  -55.199  19.308 0.0000000000
57335  15.860  -55.049  18.886 0.0000000000
57336  14.982  -55.225  18.892 0.0000000000
57405  12.088  -86.614  36.235 0.0000000000
57406  12.573  -86.890  35.631 0.0000000000
57407  11.817  -86.632  35.585 0.0000000000
57408  10.805  -86.407  34.030 0.0000000000
57409  11.461  -86.671  34.105 0.0000000000
57410  11.328  -86.648  33.363 0.0000000000
57411  11.892  -86.869  32.690 0.0000000000
57412  11.264  -86.632  32.598 0.0000000000
57413  11.204  -86.593  31.851 0.0000000000
57414  10.650  -86.413  32.474 0.0000000000
57415  8.877  -86.180  32.359 0.0000000000
57416  9.423  -86.306  31.839 0.0000000000
57417  8.884  -86.406  31.424 0.0000000000
57418  8.924  -86.687  30.379 0.0000000000
61342  8.540  -94.539  14.282 0.0000000000
61343  8.680  -95.254  14.200 0.0000000000
61344  8.106  -95.036  14.068 0.0000000000
61345  7.388  -95.462  12.970 0.0000000000
61346  7.770  -95.803  13.254 0.0000000000
61347  7.934  -96.056  12.651 0.0000000000
61348  8.472  -96.616  12.239 0.0000000000
61349  8.261  -96.134  12.013 0.0000000000
61350  8.693  -96.131  11.380 0.0000000000
61351  8.004  -95.569  11.770 0.0000000000
61357  7.555  -84.835  21.114 0.0000000000
61358  7.402  -85.375  20.229 0.0000000000
61359  7.024  -85.126  20.435 0.0000000000
61360  5.639  -85.617  19.923 0.0000000000
61361  5.977  -85.907  19.674 0.0000000000
61362  5.535  -86.256  19.320 0.0000000000
61363  5.557  -86.948  18.593 0.0000000000
61364  5.162  -86.488  18.806 0.0000000000
61365  7.114  -83.573  13.519 0.0000000000
61366  7.129  -84.367  13.366 0.0000000000
61367  6.732  -84.339  12.515 0.0000000000
61424  14.133  -74.126  20.066 0.0000000000
61425  19.616  -60.246  26.293 0.0000000000
61426  20.023  -60.653  26.521 0.0000000000
64484  9.594  -84.847  36.831 0.0000000000
64485  8.755  -84.610  36.438 0.0000000000
64486  9.179  -84.428  36.786 0.0000000000
64487  9.355  -83.387  36.385 0.0000000000
64488  8.710  -83.565  36.329 0.0000000000
64489  8.576  -83.102  35.934 0.0000000000
64490  7.852  -82.792  35.315 0.0000000000
64491  8.519  -82.641  35.392 0.0000000000
64492  12.758  -82.869  35.360 0.0000000000
64493  11.783  -82.986  35.707 0.0000000000
64494  11.838  -82.544  35.074 0.0000000000
64495  10.515  -81.859  33.682 0.0000000000
64496  10.318  -82.130  34.377 0.0000000000
64497  9.577  -81.935  34.013 0.0000000000
64498  8.735  -81.964  34.117 0.0000000000
64499  8.955  -81.657  33.418 0.0000000000
64500  8.442  -81.312  32.832 0.0000000000
64501  9.249  -81.372  32.672 0.0000000000
64502  11.005  -80.856  30.997 0.0000000000
64503  10.116  -80.793  31.170 0.0000000000
64504  10.546  -80.518  30.461 0.0000000000
64505  10.093  -80.119  29.931 0.0000000000
64506  10.976  -80.308  29.788 0.0000000000
64612  13.479  -86.441  37.607 0.0000000000
64613  12.940  -86.567  37.254 0.0000000000
64614  12.613  -86.172  37.495 0.0000000000
64615  10.836  -85.119  37.326 0.0000000000
64616  11.081  -85.545  37.237 0.0000000000
64617  10.322  -85.216  37.075 0.0000000000
64618  9.913  -85.269  36.677 0.0000000000
68541  11.536  -93.495  13.691 0.0000000000
68545  10.638  -91.449  13.778 0.0000000000
68546  11.105  -91.693  13.741 0.0000000000
68547  10.504  -92.274  13.897 0.0000000000
68548  10.483  -93.066  14.024 0.0000000000
68549  9.935  -92.846  14.100 0.0000000000
68550  9.465  -93.394  14.311 0.0000000000
68551  9.444  -92.611  14.199 0.0000000000
68552  8.661  -91.291  14.181 0.0000000000
68553  8.511  -92.187  14.367 0.0000000000
68554  8.056  -91.934  14.306 0.0000000000
68555  7.509  -92.460  14.326 0.0000000000
68556  7.644  -91.724  14.303 0.0000000000
68557  5.418  -81.817  22.590 0.0000000000
68558  5.635  -82.363  21.830 0.0000000000
68559  5.259  -81.864  21.932 0.0000000000
68560  5.090  -81.140  20.525 0.0000000000
68561  5.264  -81.781  20.447 0.0000000000
68562  5.532  -81.686  19.752 0.0000000000
68563  6.008  -82.277  18.999 0.0000000000
68564  5.940  -81.618  19.030 0.0000000000
68565  5.043  -78.792  20.500 0.0000000000
68566  5.010  -79.402  20.449 0.0000000000
68567  5.497  -79.337  19.866 0.0000000000
68568  6.727  -80.282  17.640 0.0000000000
68569  6.324  -80.297  18.445 0.0000000000
68570  6.799  -80.881  17.597 0.0000000000
68571  6.864  -81.490  17.585 0.0000000000
68572  7.126  -81.514  16.712 0.0000000000
68573  7.361  -82.187  15.739 0.0000000000
68574  7.169  -81.585  15.790 0.0000000000
68576  6.412  -81.842  13.999 0.0000000000
68587  4.866  -76.423  16.498 0.0000000000
73934  10.411  -89.097  23.729 0.0000000000
73936  9.901  -88.801  23.613 0.0000000000
73937  8.819  -87.808  24.384 0.0000000000
73938  9.226  -87.897  23.539 0.0000000000
73939  8.999  -87.361  23.579 0.0000000000
73940  9.087  -86.919  22.781 0.0000000000
73941  8.787  -86.780  23.702 0.0000000000
73942  7.552  -86.963  28.156 0.0000000000
73943  7.805  -87.202  27.222 0.0000000000
73944  7.458  -86.785  27.251 0.0000000000
73945  7.577  -85.501  25.715 0.0000000000
73946  7.719  -86.059  25.623 0.0000000000
73947  7.981  -85.630  24.869 0.0000000000
73948  8.323  -85.770  23.984 0.0000000000
73949  8.142  -85.259  24.051 0.0000000000
73950  8.204  -84.934  23.086 0.0000000000
73951  7.957  -84.751  24.081 0.0000000000
73952  7.266  -83.558  25.337 0.0000000000
73953  7.536  -83.756  24.354 0.0000000000
73954  7.338  -83.307  24.465 0.0000000000
73955  7.216  -83.251  23.472 0.0000000000
73956  7.276  -82.825  24.531 0.0000000000
73957  7.228  -84.181  35.343 0.0000000000
73958  6.916  -84.548  34.722 0.0000000000
73959  6.638  -84.130  34.603 0.0000000000
73960  5.758  -83.168  32.604 0.0000000000
73961  5.912  -83.774  32.858 0.0000000000
73962  5.751  -83.533  31.929 0.0000000000
73963  5.843  -83.908  31.148 0.0000000000
73964  5.672  -83.290  31.043 0.0000000000
73965  5.845  -80.768  31.515 0.0000000000
73966  5.739  -81.331  31.851 0.0000000000
73967  5.507  -81.049  31.113 0.0000000000
73968  5.584  -81.590  29.302 0.0000000000
73969  5.475  -81.790  30.063 0.0000000000
73970  5.725  -82.198  29.390 0.0000000000
73971  5.854  -82.823  29.402 0.0000000000
73972  6.043  -82.554  28.670 0.0000000000
73973  6.376  -82.884  27.909 0.0000000000
73974  6.241  -82.264  27.918 0.0000000000
73975  6.148  -81.229  26.213 0.0000000000
73976  6.521  -81.708  26.262 0.0000000000
73977  6.428  -81.539  25.431 0.0000000000
73978  6.658  -81.926  24.613 0.0000000000
73979  6.194  -81.502  24.649 0.0000000000
73980  5.891  -81.602  23.922 0.0000000000
73981  5.654  -81.154  24.728 0.0000000000
73982  4.487  -79.901  25.657 0.0000000000
73983  4.757  -80.375  24.908 0.0000000000
73984  4.350  -79.907  24.949 0.0000000000
73985  4.216  -79.843  24.230 0.0000000000
73986  4.060  -79.319  24.947 0.0000000000
73987  5.189  -78.281  27.700 0.0000000000
73988  4.736  -78.601  27.385 0.0000000000
73989  4.902  -78.057  27.111 0.0000000000
73990  4.471  -76.977  25.627 0.0000000000
73991  4.308  -77.632  25.934 0.0000000000
73992  4.089  -77.459  25.207 0.0000000000
73993  3.873  -78.037  24.685 0.0000000000
73994  3.925  -77.279  24.496 0.0000000000
73995  3.897  -77.167  23.756 0.0000000000
73996  4.128  -76.584  24.229 0.0000000000
73997  5.295  -75.298  23.674 0.0000000000
73998  4.756  -75.535  23.456 0.0000000000
73999  5.142  -75.096  23.031 0.0000000000
74000  5.023  -74.925  22.389 0.0000000000
74001  5.552  -74.755  22.583 0.0000000000
74004  12.680  -63.112  28.300 0.0000000000
74005  13.301  -62.447  27.296 0.0000000000
74006  13.601  -62.279  27.670 0.0000000000
74007  14.099  -61.923  27.395 0.0000000000
74008  14.979  -61.395  27.537 0.0000000000
74009  14.630  -61.527  27.140 0.0000000000
74010  11.702  -62.849  25.941 0.0000000000
74011  12.231  -62.842  26.195 0.0000000000
74012  12.775  -62.404  25.897 0.0000000000
74013  15.250  -60.904  25.867 0.0000000000
74014  14.631  -61.299  26.179 0.0000000000
74015  15.509  -60.785  26.276 0.0000000000
74016  15.893  -60.733  26.651 0.0000000000
74017  16.543  -60.426  26.357 0.0000000000
74018  17.580  -60.187  26.397 0.0000000000
74019  17.180  -60.159  26.053 0.0000000000
74020  17.944  -59.490  25.116 0.0000000000
74021  18.396  -59.568  25.448 0.0000000000
74022  18.947  -59.379  25.141 0.0000000000
74023  19.952  -59.462  25.077 0.0000000000
74024  19.467  -59.239  24.781 0.0000000000
74026  7.306  -61.983  23.649 0.0000000000
74027  7.724  -61.551  23.505 0.0000000000
74028  10.426  -60.238  24.238 0.0000000000
74029  9.951  -60.784  24.295 0.0000000000
74030  11.145  -60.384  24.599 0.0000000000
74031  11.865  -60.587  24.810 0.0000000000
74032  12.408  -60.114  24.562 0.0000000000
74033  12.315  -58.296  23.462 0.0000000000
74034  11.850  -58.783  23.696 0.0000000000
74035  13.090  -58.527  23.709 0.0000000000
74036  15.537  -58.585  23.754 0.0000000000
74037  14.445  -58.929  23.865 0.0000000000
74038  15.118  -59.080  23.960 0.0000000000
74039  14.690  -59.537  24.213 0.0000000000
74040  15.781  -59.132  24.147 0.0000000000
74041  16.415  -59.207  24.379 0.0000000000
74042  16.874  -58.799  24.149 0.0000000000
74043  19.567  -58.285  23.726 0.0000000000
74044  19.024  -58.540  24.056 0.0000000000
74045  20.087  -58.623  23.885 0.0000000000
74303  13.555  -87.186  34.327 0.0000000000
74304  14.377  -87.233  34.435 0.0000000000
74305  14.104  -87.273  33.673 0.0000000000
74307  15.255  -87.298  32.323 0.0000000000
74325  11.132  -86.435  30.262 0.0000000000
74326  11.793  -86.369  29.706 0.0000000000
74327  11.107  -86.306  29.459 0.0000000000
74328  10.862  -86.977  27.127 0.0000000000
74329  11.192  -86.421  27.506 0.0000000000
74330  11.388  -86.720  26.622 0.0000000000
74331  11.962  -86.472  26.131 0.0000000000
74332  11.670  -87.100  25.793 0.0000000000
74334  11.504  -87.829  25.525 0.0000000000
74335  10.413  -88.876  25.259 0.0000000000
74336  11.062  -88.880  24.984 0.0000000000
74337  10.713  -89.122  24.442 0.0000000000
78122  8.959  -65.472  27.950 0.0000000000
78123  9.855  -65.105  28.122 0.0000000000
78124  9.424  -65.191  27.727 0.0000000000
78125  9.822  -64.917  27.486 0.0000000000
78126  8.825  -65.139  27.382 0.0000000000
78131  6.162  -64.580  26.951 0.0000000000
78133  7.627  -64.626  26.809 0.0000000000
78135  7.444  -64.097  26.267 0.0000000000
78136  6.553  -63.911  26.222 0.0000000000
86115  9.114  -96.648  13.524 0.0000000000
86116  9.530  -96.853  13.488 0.0000000000
86117  9.353  -97.338  13.156 0.0000000000
86119  9.988  -98.491  12.394 0.0000000000
86155  9.543  -87.000  18.496 0.0000000000
86157  9.864  -87.114  17.668 0.0000000000
86159  9.551  -87.235  16.932 0.0000000000
86160  7.321  -86.439  18.891 0.0000000000
86161  7.833  -86.544  18.771 0.0000000000
86162  7.457  -86.943  18.236 0.0000000000
86163  7.722  -88.029  16.337 0.0000000000
86164  8.005  -87.653  16.802 0.0000000000
86165  8.319  -87.957  15.986 0.0000000000
86166  8.909  -87.927  15.676 0.0000000000
86167  8.540  -88.379  15.193 0.0000000000
86168  8.718  -88.926  14.514 0.0000000000
86169  8.179  -88.869  14.835 0.0000000000
86170  7.074  -89.800  14.435 0.0000000000
86171  7.520  -90.015  14.358 0.0000000000
86172  7.081  -90.515  14.230 0.0000000000
86173  6.993  -91.267  14.227 0.0000000000
86174  6.612  -90.964  14.034 0.0000000000
86175  5.603  -83.690  20.383 0.0000000000
86176  5.490  -84.235  20.319 0.0000000000
86177  5.409  -84.264  19.631 0.0000000000
86178  5.611  -85.427  17.198 0.0000000000
86179  5.269  -85.418  17.985 0.0000000000
86180  5.286  -85.962  17.093 0.0000000000
86181  5.130  -86.564  17.033 0.0000000000
86182  5.414  -86.595  16.283 0.0000000000
86183  6.946  -85.753  13.379 0.0000000000
86184  6.844  -85.685  14.446 0.0000000000
86185  6.687  -86.374  13.613 0.0000000000
86186  5.777  -87.904  13.662 0.0000000000
86187  5.983  -87.300  14.188 0.0000000000
86188  5.780  -87.799  14.305 0.0000000000
86189  5.702  -87.737  14.926 0.0000000000
86190  5.788  -88.293  14.376 0.0000000000
86191  6.074  -88.765  14.452 0.0000000000
86192  5.942  -88.859  13.846 0.0000000000
86193  5.459  -90.469  12.264 0.0000000000
86194  5.721  -90.253  12.931 0.0000000000
86195  5.473  -91.023  12.772 0.0000000000
86196  5.654  -91.532  13.267 0.0000000000
86197  5.413  -91.691  12.528 0.0000000000
86198  5.478  -92.328  12.298 0.0000000000
86303  14.058  -80.560  30.356 0.0000000000
86304  14.610  -80.259  29.738 0.0000000000
86306  13.627  -80.240  28.823 0.0000000000
86308  12.024  -79.944  28.400 0.0000000000
86309  12.615  -79.782  27.719 0.0000000000
86331  11.718  -79.018  26.754 0.0000000000
86332  11.335  -78.646  26.295 0.0000000000
86333  10.428  -78.440  26.573 0.0000000000
86334  10.941  -78.302  25.834 0.0000000000
86335  10.681  -77.432  24.395 0.0000000000
86336  10.196  -77.602  25.092 0.0000000000
86337  9.803  -77.221  24.760 0.0000000000
86338  8.949  -76.995  25.130 0.0000000000
86339  9.388  -76.754  24.450 0.0000000000
86340  12.874  -76.444  21.874 0.0000000000
86341  12.284  -76.733  22.379 0.0000000000
86342  11.996  -76.116  22.172 0.0000000000
86343  10.032  -74.959  22.682 0.0000000000
86344  10.249  -75.519  22.866 0.0000000000
86345  9.377  -75.377  23.188 0.0000000000
86346  8.842  -75.733  23.778 0.0000000000
86347  8.559  -75.245  23.521 0.0000000000
86348  7.780  -75.183  23.748 0.0000000000
86349  8.295  -74.886  23.178 0.0000000000
86350  8.136  -73.852  21.849 0.0000000000
86351  7.639  -74.216  22.321 0.0000000000
86352  7.201  -73.890  21.798 0.0000000000
86353  6.381  -73.961  21.719 0.0000000000
86403  15.074  -72.168  19.162 0.0000000000
86404  15.283  -72.872  19.097 0.0000000000
86405  14.412  -72.401  19.655 0.0000000000
86406  13.740  -72.658  20.127 0.0000000000
86407  13.498  -72.037  20.058 0.0000000000
86409  14.277  -70.500  18.651 0.0000000000
86410  13.147  -70.330  18.611 0.0000000000
93199  4.496  -75.696  21.775 0.0000000000
93200  4.571  -76.251  21.344 0.0000000000
93201  4.638  -75.588  21.125 0.0000000000
93202  4.784  -75.516  20.460 0.0000000000
93203  4.932  -75.325  19.686 0.0000000000
93204  4.879  -75.158  19.012 0.0000000000
93205  4.571  -74.686  19.549 0.0000000000
93206  4.248  -74.017  19.472 0.0000000000
94274  8.302  -85.986  32.839 0.0000000000
94275  7.817  -86.102  31.959 0.0000000000
94276  7.779  -85.806  32.992 0.0000000000
94277  7.268  -85.551  33.101 0.0000000000
94278  6.790  -85.237  33.171 0.0000000000
94279  8.438  -79.882  30.329 0.0000000000
94280  7.719  -79.825  30.538 0.0000000000
94281  8.160  -79.495  29.870 0.0000000000
94282  7.892  -79.200  29.426 0.0000000000
94283  7.589  -78.907  28.983 0.0000000000
94284  7.278  -78.599  28.540 0.0000000000
94285  8.018  -78.669  28.346 0.0000000000
94286  8.431  -78.444  27.720 0.0000000000
94287  8.803  -78.229  27.112 0.0000000000
94288  7.078  -63.262  25.109 0.0000000000
94289  8.234  -63.143  25.374 0.0000000000
94290  7.596  -62.969  24.971 0.0000000000
94291  8.092  -62.605  24.847 0.0000000000
94292  8.542  -62.187  24.680 0.0000000000
94297  15.168  -56.295  21.893 0.0000000000
94298  16.210  -56.180  21.843 0.0000000000
94299  15.636  -56.071  21.549 0.0000000000
94300  16.039  -55.873  21.179 0.0000000000
94301  16.418  -55.688  20.763 0.0000000000
94302  16.724  -55.504  20.403 0.0000000000
94303  15.723  -55.615  20.461 0.0000000000
94304  15.049  -55.586  20.052 0.0000000000
94305  14.414  -55.616  19.614 0.0000000000
94347  10.718  -86.071  36.083 0.0000000000
94348  11.119  -86.342  35.571 0.0000000000
94349  10.475  -86.091  35.404 0.0000000000
94350  10.319  -86.127  34.693 0.0000000000
94351  10.151  -86.205  33.866 0.0000000000
94352  10.067  -86.238  33.051 0.0000000000
94353  9.465  -86.060  33.601 0.0000000000
94354  8.878  -85.969  33.302 0.0000000000
96709  7.478  -93.944  14.225 0.0000000000
96710  7.621  -94.678  14.024 0.0000000000
96711  7.135  -94.362  13.856 0.0000000000
96712  6.971  -94.719  13.327 0.0000000000
96713  7.047  -95.008  12.661 0.0000000000
96714  7.299  -94.990  12.108 0.0000000000
96715  6.703  -94.427  12.376 0.0000000000
96716  6.385  -93.902  12.080 0.0000000000
96718  6.911  -84.227  21.481 0.0000000000
96719  6.656  -84.881  20.665 0.0000000000
96720  6.375  -84.624  20.906 0.0000000000
96721  5.931  -84.952  20.493 0.0000000000
96722  5.507  -85.201  20.125 0.0000000000
98594  10.650  -84.642  37.292 0.0000000000
98595  9.793  -84.300  36.960 0.0000000000
98596  10.410  -84.158  37.026 0.0000000000
98597  10.234  -83.681  36.674 0.0000000000
98598  10.102  -83.219  36.229 0.0000000000
98599  12.958  -82.111  34.112 0.0000000000
98600  11.967  -82.200  34.424 0.0000000000
98601  12.176  -81.919  33.758 0.0000000000
98602  11.456  -81.779  33.365 0.0000000000
98603  10.792  -81.653  32.949 0.0000000000
98604  10.222  -81.426  32.450 0.0000000000
98605  11.135  -81.398  32.193 0.0000000000
98606  11.513  -81.135  31.494 0.0000000000
98607  11.887  -80.892  30.856 0.0000000000
98667  15.310  -84.821  37.853 0.0000000000
98668  15.317  -85.293  38.068 0.0000000000
98669  14.501  -85.109  37.862 0.0000000000
98670  13.693  -85.358  37.877 0.0000000000
98671  12.969  -85.616  37.799 0.0000000000
98672  12.361  -85.767  37.622 0.0000000000
98673  12.182  -85.329  37.627 0.0000000000
98674  11.391  -85.012  37.482 0.0000000000
101029  11.937  -89.271  14.302 0.0000000000
101030  11.942  -90.169  13.921 0.0000000000
101031  11.426  -89.901  13.895 0.0000000000
101032  10.834  -90.593  13.738 0.0000000000
101033  10.120  -91.200  13.812 0.0000000000
101034  9.498  -91.781  14.097 0.0000000000
101035  9.643  -90.951  13.900 0.0000000000
101036  9.206  -90.722  14.003 0.0000000000
101037  8.776  -90.473  14.049 0.0000000000
101038  4.643  -80.847  22.757 0.0000000000
101039  4.903  -81.349  21.982 0.0000000000
101040  4.624  -80.820  21.971 0.0000000000
101041  4.743  -80.743  21.208 0.0000000000
101042  4.975  -80.579  20.487 0.0000000000
101043  5.972  -78.596  19.227 0.0000000000
101044  5.931  -79.230  19.196 0.0000000000
101045  6.324  -79.141  18.488 0.0000000000
101046  6.633  -79.686  17.721 0.0000000000
101047  6.843  -80.332  16.756 0.0000000000
101048  6.950  -81.008  15.832 0.0000000000
101049  6.747  -80.431  15.878 0.0000000000
101050  6.437  -80.584  15.022 0.0000000000
101051  5.864  -80.675  14.336 0.0000000000
101053  5.563  -80.122  14.384 0.0000000000
101054  5.226  -79.520  14.483 0.0000000000
104264  9.752  -88.713  25.395 0.0000000000
104265  9.554  -88.654  24.453 0.0000000000
104266  9.246  -88.448  25.326 0.0000000000
104267  8.832  -88.066  25.318 0.0000000000
104268  8.477  -87.625  25.359 0.0000000000
104269  6.840  -86.064  28.239 0.0000000000
104270  7.170  -86.260  27.304 0.0000000000
104271  6.925  -85.684  27.383 0.0000000000
104272  7.127  -85.322  26.586 0.0000000000
104273  7.370  -84.980  25.853 0.0000000000
104274  7.637  -84.584  25.098 0.0000000000
104275  7.239  -84.410  26.012 0.0000000000
104276  7.095  -83.881  26.141 0.0000000000
104277  6.951  -83.372  26.257 0.0000000000
104278  6.784  -83.338  34.775 0.0000000000
104279  6.412  -83.645  34.358 0.0000000000
104280  6.249  -83.117  34.057 0.0000000000
104281  5.913  -82.822  33.233 0.0000000000
104282  5.647  -82.522  32.441 0.0000000000
104283  5.378  -80.219  30.299 0.0000000000
104284  5.331  -80.801  30.398 0.0000000000
104285  5.298  -80.595  29.757 0.0000000000
104286  5.431  -81.001  29.156 0.0000000000
104287  5.710  -81.384  28.530 0.0000000000
104288  6.062  -81.677  27.827 0.0000000000
104289  5.817  -81.113  27.670 0.0000000000
104290  5.792  -80.925  26.891 0.0000000000
104291  5.656  -80.840  26.196 0.0000000000
104292  5.412  -80.756  25.497 0.0000000000
104293  5.183  -80.402  26.224 0.0000000000
104294  4.755  -79.948  26.290 0.0000000000
104295  4.394  -79.484  26.347 0.0000000000
104296  5.779  -77.337  26.840 0.0000000000
104297  5.152  -77.526  26.774 0.0000000000
104298  5.446  -77.015  26.361 0.0000000000
104299  5.124  -76.701  25.830 0.0000000000
104300  4.784  -76.385  25.277 0.0000000000
104301  4.550  -76.159  24.589 0.0000000000
104302  5.126  -75.911  24.816 0.0000000000
104303  5.530  -75.517  24.324 0.0000000000
104304  5.991  -75.186  23.825 0.0000000000
104305  11.546  -63.961  27.752 0.0000000000
104306  12.335  -63.332  27.887 0.0000000000
104307  12.001  -63.513  27.502 0.0000000000
104308  12.499  -63.061  27.219 0.0000000000
104309  12.984  -62.647  26.947 0.0000000000
104310  12.794  -61.992  25.514 0.0000000000
104311  13.316  -61.960  25.746 0.0000000000
104312  13.876  -61.570  25.508 0.0000000000
104313  14.887  -61.043  25.546 0.0000000000
104314  15.811  -60.511  25.594 0.0000000000
104315  16.792  -60.117  25.671 0.0000000000
104316  16.380  -60.147  25.351 0.0000000000
104317  16.920  -59.791  25.084 0.0000000000
104318  17.455  -59.425  24.839 0.0000000000
104321  8.619  -60.587  23.304 0.0000000000
104322  9.715  -60.128  23.724 0.0000000000
104323  10.861  -59.736  24.053 0.0000000000
104324  14.680  -57.779  23.261 0.0000000000
104325  14.200  -58.251  23.546 0.0000000000
104326  15.318  -57.988  23.388 0.0000000000
104327  16.003  -58.135  23.535 0.0000000000
104328  16.703  -58.246  23.713 0.0000000000
104329  17.355  -58.391  23.920 0.0000000000
104330  17.887  -58.052  23.669 0.0000000000
104331  19.030  -57.983  23.543 0.0000000000
104332  20.123  -58.106  23.344 0.0000000000
104350  17.605  -55.079  18.610 0.0000000000
104486  13.185  -87.254  32.797 0.0000000000
104487  13.916  -87.312  32.916 0.0000000000
104488  13.839  -87.346  32.167 0.0000000000
104489  14.423  -87.375  31.495 0.0000000000
104499  10.033  -86.681  29.491 0.0000000000
104500  10.566  -86.524  28.963 0.0000000000
104501  10.141  -86.853  28.512 0.0000000000
104502  10.356  -87.182  27.658 0.0000000000
104503  10.626  -87.580  26.859 0.0000000000
104504  10.952  -88.025  26.088 0.0000000000
104505  10.387  -88.161  26.572 0.0000000000
104506  10.080  -88.516  26.046 0.0000000000
106778  8.461  -65.761  28.141 0.0000000000
106779  7.944  -65.634  27.813 0.0000000000
111573  8.920  -97.382  12.554 0.0000000000
111574  9.248  -97.685  12.672 0.0000000000
111575  9.284  -97.979  12.102 0.0000000000
111595  9.650  -87.201  21.120 0.0000000000
111596  9.993  -87.385  20.265 0.0000000000
111597  9.542  -86.943  20.233 0.0000000000
111598  9.300  -86.809  19.364 0.0000000000
111599  8.927  -86.815  18.591 0.0000000000
111600  6.553  -87.333  18.134 0.0000000000
111601  7.147  -87.386  17.803 0.0000000000
111602  6.852  -87.750  17.390 0.0000000000
111603  7.132  -88.121  16.657 0.0000000000
111604  7.355  -88.435  15.882 0.0000000000
111605  7.641  -88.848  15.148 0.0000000000
111606  7.096  -88.864  15.411 0.0000000000
111607  6.888  -89.219  14.954 0.0000000000
111608  6.696  -89.511  14.495 0.0000000000
111609  5.884  -83.562  18.983 0.0000000000
111610  5.566  -84.253  18.847 0.0000000000
111611  5.972  -84.231  18.148 0.0000000000
111612  6.022  -84.913  17.254 0.0000000000
111613  6.092  -85.530  16.317 0.0000000000
111615  6.246  -86.916  13.139 0.0000000000
111617  5.801  -88.003  12.929 0.0000000000
111618  5.791  -88.517  13.051 0.0000000000
111619  5.827  -89.006  13.132 0.0000000000
111620  5.761  -89.126  12.427 0.0000000000
111687  15.679  -79.509  28.533 0.0000000000
111703  12.411  -78.437  24.863 0.0000000000
111704  11.477  -78.193  25.110 0.0000000000
111705  11.998  -78.075  24.415 0.0000000000
111706  11.564  -77.673  24.020 0.0000000000
111707  11.203  -77.250  23.696 0.0000000000
111708  12.268  -75.051  21.588 0.0000000000
111709  11.712  -75.430  22.029 0.0000000000
111710  11.522  -74.764  21.916 0.0000000000
111711  10.673  -74.576  22.225 0.0000000000
111712  9.803  -74.494  22.472 0.0000000000
111713  8.890  -74.499  22.644 0.0000000000
111714  9.488  -74.120  22.170 0.0000000000
111715  9.075  -73.812  21.804 0.0000000000
111717  15.823  -61.215  28.452 0.0000000000
111747  15.720  -71.941  18.620 0.0000000000
111748  14.846  -71.530  19.150 0.0000000000
115724  13.689  -84.013  36.648 0.0000000000
115725  12.682  -83.723  36.432 0.0000000000
115726  13.625  -83.587  36.132 0.0000000000
115727  13.603  -83.140  35.626 0.0000000000
115728  13.631  -82.731  35.062 0.0000000000
115729  15.332  -82.704  35.061 0.0000000000
115730  14.522  -82.562  34.783 0.0000000000
115731  13.749  -82.325  34.457 0.0000000000
115732  13.927  -81.940  33.836 0.0000000000
115733  14.122  -81.551  33.220 0.0000000000
115734  14.385  -81.218  32.600 0.0000000000
115785  15.296  -84.366  37.447 0.0000000000
115786  14.485  -84.214  37.063 0.0000000000
117622  11.806  -88.434  14.879 0.0000000000
117623  11.239  -88.231  14.969 0.0000000000
117624  10.672  -88.099  15.067 0.0000000000
117625  3.987  -78.466  22.550 0.0000000000
117626  4.253  -79.064  21.829 0.0000000000
117627  4.265  -78.413  21.747 0.0000000000
117628  4.655  -78.243  21.109 0.0000000000
117629  5.076  -78.104  20.512 0.0000000000
117630  4.859  -76.872  20.935 0.0000000000
117631  5.198  -77.442  20.388 0.0000000000
117632  5.564  -78.010  19.829 0.0000000000
117633  6.008  -77.852  19.099 0.0000000000
117634  6.263  -77.755  18.274 0.0000000000
117635  6.211  -77.698  17.401 0.0000000000
117636  5.920  -77.732  16.625 0.0000000000
117637  5.811  -76.962  17.247 0.0000000000
117638  5.286  -76.267  17.158 0.0000000000
117639  4.657  -75.690  17.036 0.0000000000
117640  4.693  -75.015  18.321 0.0000000000
117641  4.419  -75.022  17.592 0.0000000000
117642  4.111  -75.095  16.884 0.0000000000
117643  3.673  -74.449  16.683 0.0000000000
117644  3.410  -73.735  16.465 0.0000000000
120134  8.703  -87.281  28.905 0.0000000000
120135  8.439  -87.562  28.101 0.0000000000
120136  8.217  -87.186  29.038 0.0000000000
120137  7.742  -86.997  29.066 0.0000000000
120138  7.376  -86.682  29.127 0.0000000000
120139  7.454  -86.243  31.005 0.0000000000
120140  7.206  -86.316  30.088 0.0000000000
120141  7.004  -86.254  29.148 0.0000000000
120142  6.658  -85.736  29.195 0.0000000000
120143  6.368  -85.161  29.318 0.0000000000
120144  6.174  -84.591  29.355 0.0000000000
120145  7.028  -81.369  32.975 0.0000000000
120146  6.439  -81.465  32.836 0.0000000000
120147  6.650  -80.985  32.364 0.0000000000
120148  6.350  -80.588  31.742 0.0000000000
120149  6.056  -80.239  31.168 0.0000000000
120150  7.011  -79.800  30.688 0.0000000000
120151  6.378  -79.817  30.703 0.0000000000
120152  5.793  -79.974  30.586 0.0000000000
120153  5.546  -79.736  30.003 0.0000000000
120154  5.317  -79.509  29.420 0.0000000000
120155  5.197  -79.412  28.753 0.0000000000
120156  4.976  -79.319  28.121 0.0000000000
120157  5.299  -78.937  28.554 0.0000000000
120158  5.517  -78.495  28.245 0.0000000000
120159  5.779  -78.075  27.818 0.0000000000
120160  6.971  -78.292  28.118 0.0000000000
120161  6.534  -77.981  27.725 0.0000000000
120162  6.098  -77.658  27.316 0.0000000000
120163  6.468  -77.243  26.787 0.0000000000
120164  6.858  -76.868  26.238 0.0000000000
120165  7.269  -76.574  25.717 0.0000000000
120166  9.547  -64.158  26.379 0.0000000000
120167  10.696  -63.777  26.400 0.0000000000
120168  10.143  -63.658  26.172 0.0000000000
120169  10.665  -63.216  25.985 0.0000000000
120170  11.104  -62.780  25.785 0.0000000000
120171  9.324  -62.925  25.541 0.0000000000
120172  10.421  -62.658  25.688 0.0000000000
120173  11.652  -62.334  25.600 0.0000000000
120174  12.229  -61.910  25.365 0.0000000000
120175  12.780  -61.454  25.159 0.0000000000
120176  13.385  -60.977  24.896 0.0000000000
120180  11.694  -58.128  23.052 0.0000000000
120181  12.897  -57.819  23.138 0.0000000000
120185  15.223  -57.335  23.001 0.0000000000
120186  16.419  -57.189  22.893 0.0000000000
120187  17.614  -57.069  22.758 0.0000000000
120188  18.744  -57.051  22.572 0.0000000000
120189  18.080  -56.803  22.433 0.0000000000
120192  17.261  -56.166  21.694 0.0000000000
120201  18.047  -55.290  19.298 0.0000000000
120202  16.960  -55.335  19.964 0.0000000000
120203  17.189  -55.220  19.523 0.0000000000
120204  17.438  -55.148  19.084 0.0000000000
120205  16.742  -55.019  18.800 0.0000000000
120303  13.741  -87.073  36.329 0.0000000000
120304  14.244  -87.177  35.741 0.0000000000
120305  13.333  -87.129  35.723 0.0000000000
120306  13.058  -87.070  34.990 0.0000000000
120307  12.780  -87.082  34.240 0.0000000000
120308  11.627  -86.644  34.882 0.0000000000
120309  12.141  -86.911  34.169 0.0000000000
120310  12.643  -87.115  33.469 0.0000000000
120311  12.529  -87.102  32.721 0.0000000000
120312  12.449  -87.099  31.948 0.0000000000
120313  12.478  -86.911  31.244 0.0000000000
120314  12.502  -86.722  30.538 0.0000000000
120315  11.792  -86.678  31.202 0.0000000000
120316  11.186  -86.502  31.084 0.0000000000
120317  10.569  -86.458  30.854 0.0000000000
120318  9.997  -86.285  32.226 0.0000000000
120319  9.977  -86.393  31.335 0.0000000000
120320  9.958  -86.496  30.451 0.0000000000
120321  9.468  -86.708  29.920 0.0000000000
120322  9.020  -86.987  29.400 0.0000000000
125815  9.599  -94.944  14.105 0.0000000000
125816  9.709  -95.664  13.941 0.0000000000
125817  9.219  -95.468  14.138 0.0000000000
125818  8.921  -95.965  13.921 0.0000000000
125819  8.654  -96.424  13.473 0.0000000000
125820  7.816  -95.472  13.712 0.0000000000
125821  8.203  -96.119  13.410 0.0000000000
125822  8.568  -96.733  13.026 0.0000000000
125823  8.637  -96.993  12.409 0.0000000000
125824  8.938  -97.210  11.689 0.0000000000
125836  8.279  -85.526  20.996 0.0000000000
125837  8.256  -85.867  20.113 0.0000000000
125838  7.833  -85.617  20.111 0.0000000000
125839  7.343  -85.896  19.559 0.0000000000
125840  6.885  -86.326  19.160 0.0000000000
125841  6.404  -85.553  19.981 0.0000000000
125842  6.407  -86.148  19.416 0.0000000000
125843  6.429  -86.762  18.809 0.0000000000
125844  6.029  -87.205  18.389 0.0000000000
125845  5.672  -87.571  17.767 0.0000000000
125846  5.449  -87.712  17.057 0.0000000000
125847  7.413  -83.600  15.456 0.0000000000
125848  7.244  -84.342  15.361 0.0000000000
125849  7.318  -84.368  14.296 0.0000000000
125850  7.076  -85.090  13.317 0.0000000000
125851  6.628  -85.802  12.607 0.0000000000
125892  13.699  -80.053  12.343 0.0000000000
125895  13.921  -79.659  12.370 0.0000000000
125921  13.479  -77.504  22.529 0.0000000000
125929  12.700  -73.971  21.097 0.0000000000
125930  12.488  -73.342  21.028 0.0000000000
130064  8.800  -85.130  35.952 0.0000000000
130065  7.985  -85.058  35.389 0.0000000000
130066  8.364  -84.790  36.005 0.0000000000
130067  7.963  -84.415  35.970 0.0000000000
130068  7.607  -83.964  35.798 0.0000000000
130069  8.914  -84.009  36.587 0.0000000000
130070  8.092  -83.740  36.128 0.0000000000
130071  7.423  -83.510  35.488 0.0000000000
130072  7.299  -83.054  35.093 0.0000000000
130073  7.232  -82.571  34.663 0.0000000000
130074  7.316  -82.151  34.138 0.0000000000
130075  11.820  -83.427  36.239 0.0000000000
130076  10.922  -83.109  35.985 0.0000000000
130077  10.072  -82.785  35.656 0.0000000000
130078  11.073  -82.316  34.740 0.0000000000
130079  10.193  -82.443  35.036 0.0000000000
130080  9.297  -82.544  35.291 0.0000000000
130081  8.582  -82.292  34.767 0.0000000000
130082  7.975  -82.023  34.183 0.0000000000
130083  7.480  -81.720  33.564 0.0000000000
130084  7.696  -81.299  32.952 0.0000000000
130085  7.956  -80.908  32.276 0.0000000000
130086  8.386  -80.567  31.542 0.0000000000
130087  9.671  -81.079  31.902 0.0000000000
130088  9.232  -80.649  31.350 0.0000000000
130089  8.817  -80.255  30.829 0.0000000000
130090  9.238  -79.970  30.126 0.0000000000
130091  9.685  -79.731  29.436 0.0000000000
130092  10.093  -79.518  28.793 0.0000000000
130121  12.449  -56.631  20.282 0.0000000000
130227  13.264  -86.848  36.849 0.0000000000
130228  12.452  -86.594  36.788 0.0000000000
130229  11.741  -86.325  36.740 0.0000000000
130230  11.804  -85.880  37.431 0.0000000000
130231  11.382  -85.935  37.047 0.0000000000
130232  11.015  -85.997  36.606 0.0000000000
130233  10.274  -85.681  36.414 0.0000000000
130234  9.535  -85.390  36.202 0.0000000000
135204  10.576  -94.545  13.957 0.0000000000
135208  11.796  -91.086  13.686 0.0000000000
135209  11.662  -91.929  13.680 0.0000000000
135210  11.554  -92.763  13.678 0.0000000000
135211  10.983  -93.322  13.839 0.0000000000
135212  10.506  -93.818  14.016 0.0000000000
135213  10.026  -94.353  14.108 0.0000000000
135214  9.514  -94.191  14.239 0.0000000000
135215  9.000  -94.011  14.319 0.0000000000
135216  8.472  -93.769  14.381 0.0000000000
135217  8.983  -92.379  14.273 0.0000000000
135218  8.473  -92.994  14.397 0.0000000000
135219  7.967  -93.471  14.447 0.0000000000
135220  7.473  -93.207  14.343 0.0000000000
135221  7.035  -92.940  14.204 0.0000000000
135222  6.644  -92.647  14.055 0.0000000000
135223  6.155  -82.772  22.304 0.0000000000
135224  6.030  -83.441  21.585 0.0000000000
135225  5.888  -82.910  21.690 0.0000000000
135226  5.667  -83.046  21.113 0.0000000000
135227  5.593  -83.060  20.441 0.0000000000
135228  5.183  -81.869  21.217 0.0000000000
135229  5.447  -82.425  20.438 0.0000000000
135230  5.697  -83.011  19.729 0.0000000000
135231  5.999  -82.907  19.007 0.0000000000
135232  6.506  -82.916  18.241 0.0000000000
135233  6.924  -82.911  17.443 0.0000000000
135234  4.602  -79.560  21.130 0.0000000000
135235  4.980  -79.988  20.437 0.0000000000
135236  5.427  -80.457  19.752 0.0000000000
135237  5.897  -79.813  19.182 0.0000000000
135238  5.894  -80.383  19.125 0.0000000000
135239  5.917  -80.955  19.042 0.0000000000
135240  6.450  -81.529  18.380 0.0000000000
135241  6.976  -82.195  17.544 0.0000000000
135242  7.296  -82.889  16.579 0.0000000000
135243  7.469  -82.856  15.630 0.0000000000
135244  7.321  -82.900  14.609 0.0000000000
135245  6.952  -82.937  13.711 0.0000000000
135246  6.891  -81.711  14.915 0.0000000000
135247  6.684  -82.371  13.874 0.0000000000
135248  6.414  -82.988  12.886 0.0000000000
141888  9.966  -88.116  21.870 0.0000000000
141889  9.514  -88.381  23.558 0.0000000000
141890  9.581  -88.021  22.711 0.0000000000
141891  9.668  -87.581  21.894 0.0000000000
141892  9.376  -87.044  21.923 0.0000000000
141893  9.076  -86.539  21.934 0.0000000000
141894  8.794  -86.080  22.007 0.0000000000
141895  8.230  -87.612  27.192 0.0000000000
141896  8.110  -87.432  26.306 0.0000000000
141897  8.185  -87.153  25.460 0.0000000000
141898  7.504  -86.458  26.396 0.0000000000
141899  7.902  -86.617  25.547 0.0000000000
141900  8.352  -86.732  24.650 0.0000000000
141901  8.527  -86.282  23.884 0.0000000000
141902  8.600  -85.891  23.031 0.0000000000
141903  8.530  -85.644  22.021 0.0000000000
141904  8.275  -85.202  21.963 0.0000000000
141905  8.018  -84.730  21.969 0.0000000000
141906  7.744  -84.360  22.099 0.0000000000
141907  7.754  -84.229  24.220 0.0000000000
141908  7.677  -84.044  23.265 0.0000000000
141909  7.426  -84.047  22.251 0.0000000000
141910  7.115  -83.719  22.422 0.0000000000
141911  6.900  -83.326  22.647 0.0000000000
141912  6.706  -82.953  22.828 0.0000000000
141913  7.321  -84.954  34.729 0.0000000000
141914  6.759  -84.914  33.988 0.0000000000
141915  6.379  -84.879  33.186 0.0000000000
141916  6.209  -83.991  33.805 0.0000000000
141917  6.114  -84.343  33.109 0.0000000000
141918  6.194  -84.705  32.158 0.0000000000
141919  6.043  -84.500  31.233 0.0000000000
141920  5.973  -84.295  30.285 0.0000000000
141921  6.040  -83.980  29.389 0.0000000000
141922  5.948  -81.629  32.558 0.0000000000
141923  5.672  -81.921  32.153 0.0000000000
141924  5.506  -82.287  31.599 0.0000000000
141925  5.351  -81.389  30.607 0.0000000000
141926  5.417  -81.999  30.833 0.0000000000
141927  5.502  -82.638  31.007 0.0000000000
141928  5.687  -83.022  30.242 0.0000000000
141929  5.946  -83.353  29.434 0.0000000000
141930  6.203  -83.694  28.607 0.0000000000
141931  6.416  -83.440  27.856 0.0000000000
141932  6.665  -83.166  27.113 0.0000000000
141933  6.928  -82.850  26.316 0.0000000000
141934  6.449  -81.983  27.104 0.0000000000
141935  6.782  -82.262  26.295 0.0000000000
141936  7.055  -82.561  25.446 0.0000000000
141937  7.021  -82.375  24.567 0.0000000000
141938  6.786  -82.414  23.695 0.0000000000
141939  6.452  -82.571  22.972 0.0000000000
141940  6.102  -82.187  23.068 0.0000000000
141941  5.599  -81.760  23.215 0.0000000000
141942  5.155  -81.318  23.353 0.0000000000
141943  5.188  -80.781  24.829 0.0000000000
141944  4.985  -80.854  24.162 0.0000000000
141945  4.748  -80.848  23.452 0.0000000000
141946  4.394  -80.355  23.506 0.0000000000
141947  4.115  -79.803  23.499 0.0000000000
141948  3.943  -79.175  23.435 0.0000000000
141949  4.699  -79.218  27.530 0.0000000000
141950  4.488  -79.021  26.891 0.0000000000
141951  4.234  -78.940  26.229 0.0000000000
141952  4.633  -77.791  26.568 0.0000000000
141953  4.232  -78.301  26.124 0.0000000000
141954  4.044  -78.837  25.580 0.0000000000
141955  3.912  -78.713  24.839 0.0000000000
141956  3.831  -78.608  24.107 0.0000000000
141957  3.862  -78.508  23.334 0.0000000000
141958  3.878  -77.814  23.206 0.0000000000
141959  3.986  -77.125  22.968 0.0000000000
141960  4.161  -76.461  22.703 0.0000000000
141961  4.413  -76.029  23.862 0.0000000000
141962  4.322  -75.900  23.142 0.0000000000
141963  4.381  -75.827  22.433 0.0000000000
141964  4.635  -75.223  22.141 0.0000000000
141965  4.854  -74.724  21.791 0.0000000000
141966  5.045  -74.288  21.484 0.0000000000
141972  13.133  -62.727  27.957 0.0000000000
141973  13.916  -62.134  28.080 0.0000000000
141974  14.820  -61.633  28.205 0.0000000000
141975  15.361  -61.289  27.964 0.0000000000
141976  15.986  -60.949  27.693 0.0000000000
141977  16.707  -60.654  27.421 0.0000000000
141978  11.729  -63.311  26.465 0.0000000000
141979  12.702  -62.756  26.541 0.0000000000
141980  13.503  -62.204  26.666 0.0000000000
141981  13.751  -61.855  26.060 0.0000000000
141982  14.071  -61.735  26.424 0.0000000000
141983  14.301  -61.658  26.749 0.0000000000
141984  15.227  -61.141  26.880 0.0000000000
141985  16.279  -60.686  27.016 0.0000000000
141986  17.446  -60.434  27.071 0.0000000000
141987  18.034  -60.273  26.730 0.0000000000
141988  18.643  -60.109  26.362 0.0000000000
141989  19.239  -59.979  26.035 0.0000000000
141990  17.792  -59.881  25.753 0.0000000000
141991  18.795  -59.802  25.760 0.0000000000
141992  19.814  -59.902  25.651 0.0000000000
141997  7.887  -62.080  24.184 0.0000000000
141998  9.005  -61.774  24.507 0.0000000000
141999  8.812  -61.171  23.916 0.0000000000
142000  9.443  -61.314  24.387 0.0000000000
142001  10.145  -61.444  24.801 0.0000000000
142002  11.355  -61.101  24.968 0.0000000000
142003  12.584  -60.809  24.890 0.0000000000
142004  13.814  -60.520  24.702 0.0000000000
142005  10.620  -59.123  23.448 0.0000000000
142006  11.360  -59.238  23.913 0.0000000000
142007  12.079  -59.457  24.162 0.0000000000
142008  13.777  -58.727  23.808 0.0000000000
142009  13.345  -59.205  24.079 0.0000000000
142010  12.844  -59.669  24.305 0.0000000000
142011  13.577  -59.864  24.387 0.0000000000
142012  14.252  -60.038  24.461 0.0000000000
142013  14.938  -60.140  24.598 0.0000000000
142014  15.942  -59.700  24.592 0.0000000000
142015  16.951  -59.326  24.604 0.0000000000
142016  17.966  -59.120  24.620 0.0000000000
142017  17.967  -58.615  24.122 0.0000000000
142018  18.497  -58.825  24.349 0.0000000000
142019  18.978  -59.031  24.553 0.0000000000
142020  20.017  -59.085  24.448 0.0000000000
142079  13.446  -55.907  19.443 0.0000000000
142080  13.762  -55.656  19.124 0.0000000000
142335  14.757  -87.212  35.128 0.0000000000
142336  15.264  -87.205  34.492 0.0000000000
142337  15.743  -87.126  33.849 0.0000000000
142338  14.642  -87.287  33.034 0.0000000000
142339  15.388  -87.200  33.114 0.0000000000
142362  12.487  -86.512  29.879 0.0000000000
142363  12.466  -86.269  29.131 0.0000000000
142364  12.451  -86.006  28.356 0.0000000000
142365  11.141  -86.327  28.461 0.0000000000
142366  11.779  -86.146  27.948 0.0000000000
142367  12.456  -85.994  27.433 0.0000000000
142374  11.313  -88.414  25.335 0.0000000000
142375  11.654  -88.779  24.581 0.0000000000
146970  11.452  -64.044  28.444 0.0000000000
146972  10.703  -64.594  28.241 0.0000000000
146973  11.118  -64.281  27.997 0.0000000000
146974  10.748  -64.502  27.584 0.0000000000
146975  10.255  -64.636  27.255 0.0000000000
146976  9.677  -64.589  26.924 0.0000000000
146979  7.335  -65.364  27.558 0.0000000000
146981  6.678  -64.950  27.278 0.0000000000
146982  7.766  -65.114  27.342 0.0000000000
146983  8.212  -64.928  27.142 0.0000000000
146984  8.639  -64.700  26.887 0.0000000000
146985  9.085  -64.402  26.641 0.0000000000
146986  8.478  -64.153  26.365 0.0000000000
146987  7.864  -63.891  26.062 0.0000000000
146988  7.300  -63.657  25.724 0.0000000000
146991  6.741  -63.359  25.361 0.0000000000
156588  9.835  -96.379  13.693 0.0000000000
156589  9.962  -97.097  13.393 0.0000000000
156591  9.641  -97.934  12.790 0.0000000000
156592  10.068  -98.148  12.884 0.0000000000
156640  10.415  -87.536  15.944 0.0000000000
156641  10.071  -87.967  15.240 0.0000000000
156642  8.237  -86.297  19.399 0.0000000000
156643  8.363  -86.674  18.669 0.0000000000
156644  8.603  -86.975  17.884 0.0000000000
156645  7.713  -87.323  17.554 0.0000000000
156646  8.308  -87.285  17.321 0.0000000000
156647  8.911  -87.264  17.099 0.0000000000
156648  9.221  -87.539  16.283 0.0000000000
156649  9.506  -87.926  15.416 0.0000000000
156650  9.698  -88.492  14.655 0.0000000000
156651  9.268  -89.001  14.214 0.0000000000
156652  8.800  -89.638  14.111 0.0000000000
156653  8.340  -90.263  14.121 0.0000000000
156654  7.852  -89.423  14.506 0.0000000000
156655  7.910  -90.122  14.227 0.0000000000
156656  7.825  -90.905  14.188 0.0000000000
156657  7.302  -91.504  14.299 0.0000000000
156658  6.830  -91.978  14.210 0.0000000000
156659  6.325  -92.397  13.927 0.0000000000
156660  5.745  -84.113  20.906 0.0000000000
156661  5.449  -84.734  20.237 0.0000000000
156662  5.191  -85.339  19.580 0.0000000000
156663  5.313  -84.847  18.822 0.0000000000
156664  5.145  -85.413  18.814 0.0000000000
156665  5.086  -85.958  18.814 0.0000000000
156666  5.095  -86.597  17.964 0.0000000000
156667  5.170  -87.223  17.050 0.0000000000
156668  5.410  -87.745  16.299 0.0000000000
156669  6.946  -85.021  15.369 0.0000000000
156670  6.510  -85.624  15.412 0.0000000000
156671  6.130  -86.134  15.494 0.0000000000
156672  6.338  -86.820  13.971 0.0000000000
156673  6.134  -86.720  14.759 0.0000000000
156674  5.807  -86.659  15.549 0.0000000000
156675  5.571  -87.198  15.585 0.0000000000
156676  5.464  -87.746  15.613 0.0000000000
156677  5.715  -88.248  15.636 0.0000000000
156678  6.107  -88.686  15.040 0.0000000000
156679  6.361  -89.162  14.493 0.0000000000
156680  6.389  -89.777  13.993 0.0000000000
156681  5.899  -89.492  13.266 0.0000000000
156682  6.044  -90.052  13.530 0.0000000000
156683  6.284  -90.557  13.803 0.0000000000
156684  6.105  -91.350  13.819 0.0000000000
156685  5.951  -92.007  13.669 0.0000000000
156686  5.901  -92.667  13.411 0.0000000000
156687  5.645  -92.817  12.766 0.0000000000
156797  17.471  -81.329  33.754 0.0000000000
156799  17.909  -80.851  33.156 0.0000000000
156800  16.844  -81.255  33.228 0.0000000000
156801  16.227  -81.108  32.766 0.0000000000
156803  14.862  -80.852  31.864 0.0000000000
156812  14.169  -80.889  31.422 0.0000000000
156813  13.550  -80.870  31.023 0.0000000000
156814  12.984  -80.805  30.619 0.0000000000
156815  12.438  -80.665  30.200 0.0000000000
156816  14.151  -80.313  29.325 0.0000000000
156817  13.032  -80.488  29.479 0.0000000000
156818  11.965  -80.442  29.643 0.0000000000
156819  11.464  -80.122  29.085 0.0000000000
156820  11.067  -79.708  28.544 0.0000000000
156821  10.664  -79.347  28.105 0.0000000000
156847  11.218  -79.172  27.408 0.0000000000
156848  10.317  -78.984  27.653 0.0000000000
156849  9.946  -78.646  27.225 0.0000000000
156850  9.604  -78.311  26.822 0.0000000000
156851  9.219  -77.970  26.465 0.0000000000
156852  10.573  -77.966  25.446 0.0000000000
156853  9.704  -77.777  25.792 0.0000000000
156854  8.838  -77.589  26.104 0.0000000000
156855  8.480  -77.195  25.791 0.0000000000
156856  8.156  -76.738  25.463 0.0000000000
156857  7.798  -76.286  25.128 0.0000000000
156858  12.593  -77.277  22.708 0.0000000000
156859  11.722  -77.003  22.986 0.0000000000
156860  10.846  -76.730  23.372 0.0000000000
156861  11.125  -75.789  22.525 0.0000000000
156862  10.520  -76.138  23.079 0.0000000000
156863  9.914  -76.467  23.772 0.0000000000
156864  9.111  -76.229  24.100 0.0000000000
156865  8.307  -75.981  24.468 0.0000000000
156866  7.536  -75.819  24.734 0.0000000000
156867  7.211  -75.424  24.306 0.0000000000
156868  6.888  -75.140  23.829 0.0000000000
156869  6.574  -74.878  23.298 0.0000000000
156870  7.981  -74.542  22.769 0.0000000000
156871  7.120  -74.560  22.804 0.0000000000
156872  6.275  -74.648  22.741 0.0000000000
156873  6.000  -74.376  22.136 0.0000000000
156874  5.664  -74.106  21.614 0.0000000000
156875  5.227  -73.741  21.164 0.0000000000
156933  16.195  -73.277  18.697 0.0000000000
156934  15.458  -73.567  19.145 0.0000000000
156935  14.764  -73.853  19.585 0.0000000000
156936  13.954  -73.362  20.133 0.0000000000
156937  13.098  -72.997  20.596 0.0000000000
156938  12.191  -72.785  20.883 0.0000000000
156939  15.311  -70.645  18.557 0.0000000000
156940  14.596  -70.934  19.023 0.0000000000
156941  13.890  -71.238  19.480 0.0000000000
156942  12.407  -70.680  18.981 0.0000000000
156943  12.827  -71.169  19.403 0.0000000000
156944  13.187  -71.564  19.852 0.0000000000
156945  12.479  -71.930  20.172 0.0000000000
156946  11.816  -72.350  20.522 0.0000000000
156947  11.219  -72.808  20.909 0.0000000000
156948  10.207  -72.927  20.880 0.0000000000
